"CustomerID","Gender.x","Age.x","Partner.x","Dependents.x","Tenure.x","MultipleLines.x","InternetService.x","OnlineProtect.x","TechSupport.x","Streaming.x","Outage.x","ContractType.x","MonthlyCharges.x","Churn.x","Pilot.x","Gender.y","Age.y","Partner.y","Dependents.y","Tenure.y","MultipleLines.y","InternetService.y","OnlineProtect.y","TechSupport.y","Streaming.y","Outage.y","ContractType.y","MonthlyCharges.y","Churn.y","Pilot.y","ChurnIn"
"0002-ORFBO","Female",38,"Yes","Yes",9,1,"5G",2,3,1,"Occasional",12,65.6,"No",0,"Female",38,"Yes","Yes",9,1,"5G",2,3,1,"Occasional",12,65.6,"No",0,29
"0003-MKNFE","Male",51,"No","No",9,2,"DSL",0,2,2,"Occasional",1,59.9,"No",0,"Male",51,"No","No",9,2,"DSL",0,2,2,"Occasional",1,59.9,"No",0,7
"0004-TLHLJ","Male",47,"No","No",4,1,"Fiber optic",0,2,0,"Frequent",1,73.9,"Yes",0,"Male",47,"No","No",4,1,"Fiber optic",0,2,0,"Frequent",1,73.9,"Yes",0,NA
"0011-IGKFF","Male",88,"Yes","No",13,1,"Fiber optic",2,2,3,"Frequent",1,98,"Yes",0,"Male",88,"Yes","No",13,1,"Fiber optic",2,2,3,"Occasional",1,98,"Yes",0,NA
"0013-EXCHZ","Female",88,"Yes","No",3,1,"Fiber optic",0,3,1,"Occasional",1,83.9,"Yes",0,"Female",88,"Yes","No",3,1,"Fiber optic",0,3,1,"Occasional",1,83.9,"Yes",0,NA
"0013-MHZWF","Female",59,"No","Yes",9,1,"5G",0,3,3,"Occasional",1,69.4,"No",0,"Female",59,"No","Yes",9,1,"5G",0,3,3,"Occasional",1,69.4,"No",0,19
"0014-BMAQU","Male",55,"Yes","No",63,1,"No",1,3,0,"Occasional",24,84.65,"No",0,"Male",55,"Yes","No",63,1,"No",1,3,0,"Occasional",24,84.65,"No",0,10
"0017-DINOC","Male",43,"No","No",54,0,"DSL",1,3,1,"Occasional",24,45.2,"No",0,"Male",43,"No","No",54,0,"DSL",1,3,1,"Occasional",24,45.2,"No",0,32
"0017-IUDMW","Female",33,"Yes","Yes",72,2,"Fiber optic",3,3,3,"Occasional",24,116.8,"No",0,"Female",33,"Yes","Yes",72,2,"Fiber optic",3,3,3,"Occasional",24,116.8,"No",0,21
"0019-EFAEP","Female",25,"No","No",72,2,"5G",3,2,1,"Occasional",24,101.3,"No",0,"Female",25,"No","No",72,2,"5G",3,2,1,"Occasional",24,101.3,"No",0,42
"0021-IKXGC","Female",68,"No","No",1,2,"DSL",0,2,0,"Occasional",1,72.1,"No",1,"Female",68,"No","No",1,2,"DSL",0,2,0,"Occasional",1,72.1,"No",1,18
"0022-TCJCI","Male",86,"No","No",45,1,"No",1,2,2,"Frequent",12,62.7,"Yes",0,"Male",86,"No","No",45,1,"No",1,2,2,"Frequent",12,62.7,"Yes",0,NA
"0023-HGHWL","Male",60,"No","No",1,0,"DSL",0,2,0,"Frequent",1,25.1,"Yes",0,"Male",60,"No","No",1,0,"DSL",0,2,0,"Frequent",1,25.1,"Yes",0,NA
"0023-UYUPN","Female",69,"Yes","No",50,1,"No",0,1,0,"Occasional",12,25.2,"No",0,"Female",69,"Yes","No",50,1,"No",0,1,0,"Occasional",12,25.2,"No",0,18
"0027-KWYKW","Female",61,"Yes","Yes",23,2,"Fiber optic",0,2,1,"Occasional",1,83.75,"No",0,"Female",61,"Yes","Yes",23,2,"Fiber optic",0,2,1,"Occasional",1,83.75,"No",0,3
"0030-FNXPP","Female",47,"No","No",3,1,"5G",0,1,0,"Occasional",1,19.85,"No",1,"Female",47,"No","No",3,1,"5G",0,1,0,"Occasional",1,19.85,"No",1,6
"0031-PVLZI","Female",40,"No","No",4,1,"5G",0,1,0,"Occasional",1,20.35,"Yes",0,"Female",40,"No","No",4,1,"5G",0,1,0,"Occasional",1,20.35,"Yes",0,NA
"0032-PGELS","Female",21,"Yes","Yes",1,0,"DSL",1,2,0,"Frequent",1,30.5,"Yes",0,"Female",21,"Yes","Yes",1,0,"DSL",1,2,0,"Occasional",1,30.5,"Yes",0,NA
"0036-IHMOT","Female",37,"Yes","Yes",55,1,"DSL",2,3,3,"Occasional",12,103.7,"No",1,"Female",37,"Yes","Yes",55,1,"DSL",2,3,3,"Occasional",12,103.7,"No",1,14
"0042-JVWOJ","Male",19,"No","No",26,1,"No",0,1,0,"Occasional",12,19.6,"No",0,"Male",19,"No","No",26,1,"No",0,1,0,"Occasional",12,19.6,"No",0,16
"0042-RLHYP","Female",37,"No","No",69,1,"5G",0,1,0,"Occasional",24,19.7,"No",0,"Female",37,"No","No",69,1,"5G",0,1,0,"Occasional",24,19.7,"No",0,42
"0048-LUMLS","Male",56,"Yes","Yes",37,1,"5G",0,2,3,"Occasional",12,91.2,"No",1,"Male",56,"Yes","Yes",37,1,"5G",0,2,3,"Occasional",12,91.2,"No",1,41
"0048-PIHNL","Female",40,"No","No",49,1,"No",0,1,0,"Occasional",12,20.45,"No",0,"Female",40,"No","No",49,1,"No",0,1,0,"Occasional",12,20.45,"No",0,4
"0052-DCKON","Male",63,"Yes","No",66,2,"Fiber optic",3,3,3,"Occasional",12,115.8,"No",0,"Male",63,"Yes","No",66,2,"Fiber optic",3,3,3,"Occasional",12,115.8,"No",0,42
"0052-YNYOT","Female",61,"No","No",67,1,"No",0,1,0,"Occasional",12,20.55,"No",0,"Female",61,"No","No",67,1,"No",0,1,0,"Occasional",12,20.55,"No",0,10
"0057-QBUQH","Female",54,"No","No",43,2,"No",0,1,0,"Occasional",24,25.1,"No",0,"Female",54,"No","No",43,2,"No",0,1,0,"Occasional",24,25.1,"No",0,35
"0058-EVZWM","Female",33,"Yes","No",55,2,"No",1,2,1,"Occasional",1,89.8,"No",0,"Female",33,"Yes","No",55,2,"No",1,2,1,"Occasional",1,89.8,"No",0,27
"0064-SUDOG","Female",63,"No","No",12,1,"No",0,1,0,"Occasional",24,20.3,"No",0,"Female",63,"No","No",12,1,"No",0,1,0,"Occasional",24,20.3,"No",0,34
"0064-YIJGF","Male",38,"Yes","Yes",27,2,"Fiber optic",0,2,0,"Occasional",1,75.75,"No",0,"Male",38,"Yes","Yes",27,2,"Fiber optic",0,2,0,"Occasional",1,75.75,"No",0,34
"0067-DKWBL","Male",83,"No","No",2,1,"5G",1,2,0,"Occasional",1,49.25,"Yes",1,"Male",83,"No","No",2,1,"5G",1,2,0,"Frequent",1,49.25,"Yes",1,NA
"0071-NDAFP","Male",59,"No","No",25,2,"No",0,1,0,"Occasional",24,25.5,"No",0,"Male",59,"No","No",25,2,"No",0,1,0,"Occasional",24,25.5,"No",0,9
"0076-LVEPS","Male",56,"No","Yes",29,0,"DSL",3,3,0,"Occasional",1,45,"No",0,"Male",56,"No","Yes",29,0,"DSL",3,3,0,"Occasional",1,45,"No",0,11
"0078-XZMHT","Male",52,"Yes","No",72,2,"5G",2,3,3,"Occasional",24,85.15,"No",1,"Male",52,"Yes","No",72,2,"5G",2,3,3,"Occasional",24,85.15,"No",1,22
"0080-EMYVY","Female",32,"No","No",14,1,"DSL",2,2,0,"Occasional",12,51.45,"No",0,"Female",32,"No","No",14,1,"DSL",2,2,0,"Occasional",12,51.45,"No",0,37
"0082-LDZUE","Male",37,"No","No",1,1,"DSL",0,2,0,"Occasional",1,44.3,"No",0,"Male",37,"No","No",1,1,"DSL",0,2,0,"Occasional",1,44.3,"No",0,33
"0083-PIVIK","Male",32,"No","No",64,2,"DSL",3,3,1,"Occasional",12,81.25,"No",0,"Male",32,"No","No",64,2,"DSL",3,3,1,"Occasional",12,81.25,"No",0,40
"0093-XWZFY","Male",39,"No","No",40,2,"Fiber optic",2,2,3,"Occasional",1,104.5,"Yes",0,"Male",39,"No","No",40,2,"Fiber optic",2,2,3,"Occasional",1,104.5,"Yes",0,NA
"0094-OIFMO","Female",76,"No","No",11,1,"5G",2,2,3,"Frequent",1,95,"Yes",1,"Female",76,"No","No",11,1,"5G",2,2,3,"Frequent",1,95,"Yes",1,NA
"0096-BXERS","Female",41,"Yes","No",6,2,"DSL",0,2,0,"Occasional",1,50.35,"No",0,"Female",41,"Yes","No",6,2,"DSL",0,2,0,"Occasional",1,50.35,"No",0,1
"0096-FCPUF","Male",45,"No","No",30,2,"5G",1,2,2,"Occasional",1,64.5,"No",0,"Male",45,"No","No",30,2,"5G",1,2,2,"Occasional",1,64.5,"No",0,22
"0098-BOWSO","Male",19,"No","No",27,1,"5G",0,1,0,"Occasional",1,19.4,"No",0,"Male",19,"No","No",27,1,"5G",0,1,0,"Occasional",1,19.4,"No",0,18
"0100-DUVFC","Male",66,"Yes","No",70,2,"Fiber optic",2,2,3,"Occasional",12,104.8,"No",0,"Male",66,"Yes","No",70,2,"Fiber optic",2,2,3,"Occasional",12,104.8,"No",0,16
"0104-PPXDV","Male",23,"Yes","No",58,1,"5G",0,2,0,"Occasional",12,50.3,"No",1,"Male",23,"Yes","No",58,1,"5G",0,2,0,"Occasional",12,50.3,"No",1,36
"0106-GHRQR","Male",58,"No","No",16,2,"5G",2,2,2,"Occasional",1,71.4,"No",0,"Male",58,"No","No",16,2,"5G",2,2,2,"Occasional",1,71.4,"No",0,9
"0106-UGRDO","Female",24,"Yes","No",69,2,"No",3,3,3,"Occasional",24,116,"No",0,"Female",24,"Yes","No",69,2,"No",3,3,3,"Occasional",24,116,"No",0,36
"0107-WESLM","Male",65,"No","No",1,1,"5G",0,1,0,"Occasional",1,19.85,"Yes",0,"Male",65,"No","No",1,1,"5G",0,1,0,"Occasional",1,19.85,"Yes",0,NA
"0107-YHINA","Male",58,"No","Yes",1,2,"5G",0,2,3,"Frequent",1,99.75,"Yes",0,"Male",58,"No","Yes",1,2,"5G",0,2,3,"Frequent",1,99.75,"Yes",0,NA
"0111-KLBQG","Male",73,"Yes","Yes",32,1,"5G",2,2,3,"Occasional",1,93.95,"No",1,"Male",73,"Yes","Yes",32,1,"5G",2,2,3,"Occasional",1,93.95,"No",1,10
"0112-QWPNC","Male",21,"Yes","No",49,2,"DSL",1,3,3,"Occasional",12,84.35,"Yes",0,"Male",21,"Yes","No",49,2,"DSL",1,3,3,"Occasional",12,84.35,"Yes",0,NA
"0114-IGABW","Female",36,"Yes","No",71,0,"5G",2,3,3,"Occasional",24,58.25,"No",1,"Female",36,"Yes","No",71,0,"5G",2,3,3,"Occasional",24,58.25,"No",1,3
"0114-RSRRW","Female",54,"No","No",10,1,"5G",0,1,0,"Occasional",1,19.95,"No",0,"Female",54,"No","No",10,1,"5G",0,1,0,"Occasional",1,19.95,"No",0,32
"0115-TFERT","Male",33,"Yes","No",21,2,"5G",2,3,3,"Occasional",1,111.2,"Yes",1,"Male",33,"Yes","No",21,2,"5G",2,3,3,"Occasional",1,111.2,"Yes",1,NA
"0117-LFRMW","Male",50,"Yes","Yes",37,0,"DSL",3,2,0,"Frequent",1,40.2,"Yes",0,"Male",50,"Yes","Yes",37,0,"DSL",3,2,0,"Occasional",1,40.2,"Yes",0,NA
"0118-JPNOY","Female",76,"No","No",26,1,"Fiber optic",1,2,1,"Occasional",1,85.8,"No",0,"Female",76,"No","No",26,1,"Fiber optic",1,2,1,"Occasional",1,85.8,"No",0,6
"0122-OAHPZ","Female",54,"No","No",7,2,"5G",0,2,0,"Frequent",1,73.85,"Yes",1,"Female",54,"No","No",7,2,"5G",0,2,0,"Frequent",1,73.85,"Yes",1,NA
"0123-CRBRT","Female",22,"Yes","Yes",61,2,"5G",3,3,3,"Occasional",24,88.1,"No",1,"Female",22,"Yes","Yes",61,2,"5G",3,3,3,"Occasional",24,88.1,"No",1,65
"0125-LZQXK","Male",30,"No","No",15,1,"5G",0,3,3,"Occasional",1,101.35,"Yes",0,"Male",30,"No","No",15,1,"5G",0,3,3,"Occasional",1,101.35,"Yes",0,NA
"0128-MKWSG","Female",27,"No","Yes",26,0,"DSL",1,3,2,"Occasional",1,45.8,"No",0,"Female",27,"No","Yes",26,0,"DSL",1,3,2,"Occasional",1,45.8,"No",0,10
"0129-KPTWJ","Male",39,"Yes","No",72,1,"Fiber optic",0,2,3,"Occasional",1,94.65,"No",0,"Male",39,"Yes","No",72,1,"Fiber optic",0,2,3,"Occasional",1,94.65,"No",0,28
"0129-QMPDR","Male",41,"No","No",44,1,"5G",0,1,0,"Occasional",12,20.5,"No",0,"Male",41,"No","No",44,1,"5G",0,1,0,"Occasional",12,20.5,"No",0,39
"0130-SXOUN","Male",23,"No","No",66,2,"Fiber optic",2,2,2,"Occasional",1,89.4,"No",0,"Male",23,"No","No",66,2,"Fiber optic",2,2,2,"Occasional",1,89.4,"No",0,3
"0133-BMFZO","Female",31,"No","No",2,1,"Fiber optic",3,3,0,"Occasional",1,86.25,"Yes",0,"Female",31,"No","No",2,1,"Fiber optic",3,3,0,"Occasional",1,86.25,"Yes",0,NA
"0134-XWXCE","Female",74,"No","No",44,1,"DSL",0,3,3,"Occasional",12,74.85,"No",0,"Female",74,"No","No",44,1,"DSL",0,3,3,"Occasional",12,74.85,"No",0,1
"0135-NMXAP","Female",38,"No","No",12,2,"5G",2,2,1,"Frequent",1,89.75,"Yes",0,"Female",38,"No","No",12,2,"5G",2,2,1,"Frequent",1,89.75,"Yes",0,NA
"0136-IFMYD","Male",69,"Yes","No",69,1,"No",2,3,3,"Occasional",24,109.95,"No",0,"Male",69,"Yes","No",69,1,"No",2,3,3,"Occasional",24,109.95,"No",0,21
"0137-OCGAB","Female",21,"No","No",1,1,"No",2,2,0,"Frequent",1,80.2,"Yes",0,"Female",21,"No","No",1,1,"No",2,2,0,"Frequent",1,80.2,"Yes",0,NA
"0137-UDEUO","Female",56,"No","No",3,1,"No",0,1,0,"Occasional",1,19.85,"Yes",0,"Female",56,"No","No",3,1,"No",0,1,0,"Occasional",1,19.85,"Yes",0,NA
"0139-IVFJG","Female",52,"Yes","No",2,1,"DSL",3,2,1,"Occasional",1,90.35,"No",1,"Female",52,"Yes","No",2,1,"DSL",3,2,1,"Occasional",1,90.35,"No",1,13
"0141-YEAYS","Female",68,"No","No",27,2,"5G",2,2,0,"Occasional",1,86.45,"No",0,"Female",68,"No","No",27,2,"5G",2,2,0,"Occasional",1,86.45,"No",0,0
"0142-GVYSN","Male",53,"No","No",26,1,"DSL",0,1,0,"Occasional",1,20.3,"No",0,"Male",53,"No","No",26,1,"DSL",0,1,0,"Occasional",1,20.3,"No",0,17
"0148-DCDOS","Male",45,"No","No",25,1,"No",0,2,3,"Frequent",1,94.7,"Yes",0,"Male",45,"No","No",25,1,"No",0,2,3,"Frequent",1,94.7,"Yes",0,NA
"0151-ONTOV","Female",61,"No","No",1,1,"5G",0,2,0,"Frequent",1,70.9,"Yes",0,"Female",61,"No","No",1,1,"5G",0,2,0,"Frequent",1,70.9,"Yes",0,NA
"0156-FVPTA","Male",41,"Yes","No",22,1,"DSL",1,3,0,"Occasional",1,54.2,"Yes",0,"Male",41,"Yes","No",22,1,"DSL",1,3,0,"Occasional",1,54.2,"Yes",0,NA
"0168-XZKBB","Female",48,"Yes","No",19,2,"Fiber optic",0,2,1,"Occasional",1,86.85,"No",0,"Female",48,"Yes","No",19,2,"Fiber optic",0,2,1,"Occasional",1,86.85,"No",0,23
"0174-QRVVY","Male",37,"No","No",71,2,"No",0,1,0,"Occasional",24,25.35,"No",0,"Male",37,"No","No",71,2,"No",0,1,0,"Occasional",24,25.35,"No",0,40
"0177-PXBAT","Male",86,"Yes","No",33,2,"5G",1,3,3,"Occasional",1,109.9,"No",1,"Male",86,"Yes","No",33,2,"5G",1,3,3,"Occasional",1,109.9,"No",1,32
"0178-CIIKR","Female",20,"No","No",3,1,"No",0,1,0,"Occasional",1,19.95,"No",0,"Female",20,"No","No",3,1,"No",0,1,0,"Occasional",1,19.95,"No",0,17
"0181-RITDD","Male",52,"Yes","Yes",62,1,"5G",3,3,3,"Occasional",24,108.15,"No",0,"Male",52,"Yes","Yes",62,1,"5G",3,3,3,"Occasional",24,108.15,"No",0,24
"0186-CAERR","Male",47,"No","No",71,2,"Fiber optic",3,3,3,"Occasional",12,116.3,"No",0,"Male",47,"No","No",71,2,"Fiber optic",3,3,3,"Occasional",12,116.3,"No",0,8
"0187-WZNAB","Female",48,"Yes","Yes",27,1,"DSL",1,2,0,"Occasional",1,74.4,"No",0,"Female",48,"Yes","Yes",27,1,"DSL",1,2,0,"Occasional",1,74.4,"No",0,32
"0191-EQUUH","Female",20,"No","Yes",25,0,"DSL",1,3,0,"Occasional",24,35.05,"No",0,"Female",20,"No","Yes",25,0,"DSL",1,3,0,"Occasional",24,35.05,"No",0,7
"0191-ZHSKZ","Male",82,"No","No",30,1,"5G",3,2,3,"Occasional",1,74.75,"No",1,"Male",82,"No","No",30,1,"5G",3,2,3,"Occasional",1,74.75,"No",1,54
"0193-ESZXP","Female",83,"Yes","No",58,1,"Fiber optic",3,3,3,"Occasional",12,105.5,"Yes",0,"Female",83,"Yes","No",58,1,"Fiber optic",3,3,3,"Occasional",12,105.5,"Yes",0,NA
"0195-IESCP","Male",54,"Yes","No",10,2,"5G",0,2,2,"Occasional",1,85.25,"Yes",1,"Male",54,"Yes","No",10,2,"5G",0,2,2,"Frequent",1,85.25,"Yes",1,NA
"0196-JTUQI","Female",31,"No","No",9,2,"5G",0,2,0,"Occasional",1,75.2,"No",0,"Female",31,"No","No",9,2,"5G",0,2,0,"Occasional",1,75.2,"No",0,20
"0196-VULGZ","Female",72,"Yes","No",6,2,"Fiber optic",0,2,2,"Frequent",1,84.35,"Yes",0,"Female",72,"Yes","No",6,2,"Fiber optic",0,2,2,"Frequent",1,84.35,"Yes",0,NA
"0201-MIBOL","Female",72,"No","No",66,2,"Fiber optic",1,2,3,"Occasional",24,102.4,"No",0,"Female",72,"No","No",66,2,"Fiber optic",1,2,3,"Occasional",24,102.4,"No",0,2
"0201-OAMXR","Female",62,"No","No",70,2,"5G",3,3,3,"Occasional",12,115.55,"Yes",0,"Female",62,"No","No",70,2,"5G",3,3,3,"Occasional",12,115.55,"Yes",0,NA
"0206-OYVOC","Female",58,"No","No",46,1,"No",0,1,0,"Occasional",24,19.25,"No",0,"Female",58,"No","No",46,1,"No",0,1,0,"Occasional",24,19.25,"No",0,32
"0206-TBWLC","Female",30,"Yes","No",54,2,"5G",3,3,3,"Occasional",12,114.65,"No",1,"Female",30,"Yes","No",54,2,"5G",3,3,3,"Occasional",12,114.65,"No",1,37
"0207-MDKNV","Female",63,"No","No",15,1,"5G",1,3,3,"Occasional",1,105.1,"Yes",1,"Female",63,"No","No",15,1,"5G",1,3,3,"Occasional",1,105.1,"Yes",1,NA
"0208-BPQEJ","Female",61,"No","No",12,1,"No",0,1,0,"Occasional",1,19.4,"No",0,"Female",61,"No","No",12,1,"No",0,1,0,"Occasional",1,19.4,"No",0,1
"0212-ISBBF","Female",22,"No","No",22,0,"DSL",2,2,3,"Occasional",1,50.35,"No",0,"Female",22,"No","No",22,0,"DSL",2,2,3,"Occasional",1,50.35,"No",0,34
"0214-JHPFW","Female",50,"Yes","No",70,0,"5G",2,3,3,"Occasional",24,57.8,"No",1,"Female",50,"Yes","No",70,0,"5G",2,3,3,"Occasional",24,57.8,"No",1,19
"0215-BQKGS","Male",41,"No","No",30,1,"5G",3,2,0,"Occasional",1,84.3,"No",1,"Male",41,"No","No",30,1,"5G",3,2,0,"Occasional",1,84.3,"No",1,40
"0219-QAERP","Male",57,"No","No",30,1,"5G",0,1,0,"Occasional",12,19.8,"No",0,"Male",57,"No","No",30,1,"5G",0,1,0,"Occasional",12,19.8,"No",0,28
"0219-YTZUE","Male",53,"Yes","Yes",4,2,"5G",2,2,0,"Frequent",1,84.8,"Yes",1,"Male",53,"Yes","Yes",4,2,"5G",2,2,0,"Frequent",1,84.8,"Yes",1,NA
"0220-EBGCE","Male",45,"No","No",2,1,"Fiber optic",0,2,2,"Frequent",1,85.85,"Yes",0,"Male",45,"No","No",2,1,"Fiber optic",0,2,2,"Occasional",1,85.85,"Yes",0,NA
"0221-WMXNQ","Male",88,"No","No",4,1,"5G",1,2,0,"Occasional",1,75.35,"No",1,"Male",88,"No","No",4,1,"5G",1,2,0,"Occasional",1,75.35,"No",1,56
"0224-NIJLP","Male",47,"No","No",8,1,"No",0,1,0,"Occasional",24,20.15,"No",0,"Male",47,"No","No",8,1,"No",0,1,0,"Occasional",24,20.15,"No",0,35
"0224-RLWWD","Female",75,"No","No",2,1,"5G",0,2,0,"Occasional",1,44.3,"No",1,"Female",75,"No","No",2,1,"5G",0,2,0,"Occasional",1,44.3,"No",1,14
"0225-ZORZP","Male",40,"No","No",3,1,"Fiber optic",2,2,2,"Occasional",1,84.3,"No",0,"Male",40,"No","No",3,1,"Fiber optic",2,2,2,"Occasional",1,84.3,"No",0,25
"0228-MAUWC","Male",43,"No","No",19,2,"DSL",0,3,0,"Occasional",1,59.55,"No",0,"Male",43,"No","No",19,2,"DSL",0,3,0,"Occasional",1,59.55,"No",0,12
"0229-LFJAF","Male",60,"No","No",72,2,"5G",3,3,0,"Occasional",24,69.65,"No",1,"Male",60,"No","No",72,2,"5G",3,3,0,"Occasional",24,69.65,"No",1,39
"0230-UBYPQ","Male",43,"No","No",63,0,"DSL",1,3,0,"Occasional",12,36.1,"No",0,"Male",43,"No","No",63,0,"DSL",1,3,0,"Occasional",12,36.1,"No",0,37
"0230-WEQUW","Male",31,"Yes","No",66,0,"5G",3,3,1,"Occasional",24,56.6,"No",1,"Male",31,"Yes","No",66,0,"5G",3,3,1,"Occasional",24,56.6,"No",1,55
"0233-FTHAV","Female",34,"No","No",60,1,"No",0,2,0,"Occasional",12,79.2,"No",0,"Female",34,"No","No",60,1,"No",0,2,0,"Occasional",12,79.2,"No",0,33
"0235-KGSLC","Female",32,"No","No",1,1,"5G",0,2,1,"Frequent",1,85.55,"Yes",0,"Female",32,"No","No",1,1,"5G",0,2,1,"Frequent",1,85.55,"Yes",0,NA
"0236-HFWSV","Male",51,"No","No",15,2,"5G",0,2,3,"Occasional",1,93.35,"Yes",1,"Male",51,"No","No",15,2,"5G",0,2,3,"Frequent",1,93.35,"Yes",1,NA
"0237-YFUTL","Female",22,"Yes","No",50,2,"Fiber optic",3,3,3,"Occasional",1,109.65,"No",0,"Female",22,"Yes","No",50,2,"Fiber optic",3,3,3,"Occasional",1,109.65,"No",0,24
"0238-WHBIQ","Male",64,"Yes","Yes",72,1,"No",3,3,3,"Occasional",24,89.7,"No",0,"Male",64,"Yes","Yes",72,1,"No",3,3,3,"Occasional",24,89.7,"No",0,10
"0244-LGNFY","Female",62,"Yes","Yes",72,1,"No",3,3,3,"Occasional",24,92.65,"No",0,"Female",62,"Yes","Yes",72,1,"No",3,3,3,"Occasional",24,92.65,"No",0,21
"0247-SLUJI","Male",19,"Yes","Yes",1,1,"No",0,1,0,"Occasional",1,19.7,"No",0,"Male",19,"Yes","Yes",1,1,"No",0,1,0,"Occasional",1,19.7,"No",0,42
"0248-IPDFW","Female",62,"No","No",1,2,"5G",0,2,0,"Occasional",1,50.1,"No",0,"Female",62,"No","No",1,2,"5G",0,2,0,"Occasional",1,50.1,"No",0,32
"0253-ZTEOB","Female",20,"Yes","Yes",48,1,"No",2,3,3,"Occasional",24,79.65,"No",0,"Female",20,"Yes","Yes",48,1,"No",2,3,3,"Occasional",24,79.65,"No",0,24
"0254-FNMCI","Female",27,"No","No",72,1,"Fiber optic",3,3,3,"Occasional",24,109.9,"No",0,"Female",27,"No","No",72,1,"Fiber optic",3,3,3,"Occasional",24,109.9,"No",0,20
"0254-KCJGT","Male",20,"Yes","No",52,1,"No",3,3,2,"Occasional",12,81.4,"No",0,"Male",20,"Yes","No",52,1,"No",3,3,2,"Occasional",12,81.4,"No",0,31
"0256-LTHVJ","Female",42,"Yes","Yes",28,1,"5G",0,2,2,"Frequent",1,81.05,"Yes",1,"Female",42,"Yes","Yes",28,1,"5G",0,2,2,"Frequent",1,81.05,"Yes",1,NA
"0257-KXZGU","Female",61,"Yes","Yes",32,2,"DSL",2,2,0,"Occasional",1,62.45,"No",0,"Female",61,"Yes","Yes",32,2,"DSL",2,2,0,"Occasional",1,62.45,"No",0,17
"0257-ZESQC","Female",88,"Yes","No",27,1,"5G",1,2,0,"Occasional",1,75.2,"Yes",1,"Female",88,"Yes","No",27,1,"5G",1,2,0,"Frequent",1,75.2,"Yes",1,NA
"0258-NOKBL","Male",39,"No","No",3,2,"No",2,2,2,"Occasional",1,90.4,"No",0,"Male",39,"No","No",3,2,"No",2,2,2,"Occasional",1,90.4,"No",0,9
"0259-GBZSH","Male",19,"No","No",2,2,"5G",0,2,1,"Occasional",1,85.65,"Yes",1,"Male",19,"No","No",2,2,"5G",0,2,1,"Frequent",1,85.65,"Yes",1,NA
"0263-FJTQO","Male",22,"Yes","Yes",50,1,"DSL",1,3,1,"Occasional",24,70.5,"No",0,"Male",22,"Yes","Yes",50,1,"DSL",1,3,1,"Occasional",24,70.5,"No",0,32
"0264-CNITK","Female",22,"Yes","Yes",71,1,"No",0,1,0,"Occasional",24,20.1,"No",0,"Female",22,"Yes","Yes",71,1,"No",0,1,0,"Occasional",24,20.1,"No",0,8
"0265-EDXBD","Male",80,"Yes","No",32,2,"5G",0,2,0,"Occasional",1,74.9,"Yes",1,"Male",80,"Yes","No",32,2,"5G",0,2,0,"Frequent",1,74.9,"Yes",1,NA
"0266-CLZKZ","Female",37,"Yes","Yes",67,2,"5G",0,3,3,"Occasional",24,105.65,"No",0,"Female",37,"Yes","Yes",67,2,"5G",0,3,3,"Occasional",24,105.65,"No",0,29
"0268-QKIWO","Female",43,"No","No",3,2,"No",0,1,0,"Occasional",1,19.75,"Yes",0,"Female",43,"No","No",3,2,"No",0,1,0,"Occasional",1,19.75,"Yes",0,NA
"0269-XFESX","Male",59,"No","No",23,2,"No",0,1,0,"Occasional",12,24.35,"No",0,"Male",59,"No","No",23,2,"No",0,1,0,"Occasional",12,24.35,"No",0,16
"0270-THENM","Male",63,"Yes","Yes",72,2,"DSL",3,3,0,"Occasional",24,69.85,"No",0,"Male",63,"Yes","Yes",72,2,"DSL",3,3,0,"Occasional",24,69.85,"No",0,25
"0274-JKUJR","Male",42,"Yes","Yes",7,0,"5G",3,2,3,"Occasional",1,58.85,"No",0,"Male",42,"Yes","Yes",7,0,"5G",3,2,3,"Occasional",1,58.85,"No",0,6
"0277-BKSQP","Male",60,"Yes","Yes",8,1,"DSL",0,2,1,"Occasional",1,54.4,"No",0,"Male",60,"Yes","Yes",8,1,"DSL",0,2,1,"Occasional",1,54.4,"No",0,40
"0278-YXOOG","Male",20,"No","No",5,1,"5G",0,1,0,"Occasional",1,21.05,"Yes",1,"Male",20,"No","No",5,1,"5G",0,1,0,"Occasional",1,21.05,"Yes",1,NA
"0280-XJGEX","Male",43,"No","No",49,2,"5G",2,2,3,"Frequent",1,103.7,"Yes",1,"Male",43,"No","No",49,2,"5G",2,2,3,"Frequent",1,103.7,"Yes",1,NA
"0281-CNTZX","Male",56,"No","No",63,1,"No",0,1,0,"Occasional",24,19.95,"No",0,"Male",56,"No","No",63,1,"No",0,1,0,"Occasional",24,19.95,"No",0,43
"0282-NVSJS","Female",83,"Yes","Yes",12,0,"DSL",0,3,0,"Occasional",1,29.3,"No",0,"Female",83,"Yes","Yes",12,0,"DSL",0,3,0,"Occasional",1,29.3,"No",0,5
"0285-INHLN","Male",60,"Yes","Yes",27,1,"5G",3,2,0,"Occasional",1,54.75,"No",1,"Male",60,"Yes","Yes",27,1,"5G",3,2,0,"Occasional",1,54.75,"No",1,1
"0292-WEGCH","Female",31,"Yes","Yes",54,2,"DSL",2,3,3,"Occasional",1,86.2,"No",0,"Female",31,"Yes","Yes",54,2,"DSL",2,3,3,"Occasional",1,86.2,"No",0,2
"0295-PPHDO","Male",49,"No","No",1,2,"Fiber optic",0,2,3,"Frequent",1,95.45,"Yes",0,"Male",49,"No","No",1,2,"Fiber optic",0,2,3,"Occasional",1,95.45,"Yes",0,NA
"0295-QVKPB","Male",48,"No","No",5,1,"DSL",0,3,1,"Occasional",1,63.95,"No",1,"Male",48,"No","No",5,1,"DSL",0,3,1,"Occasional",1,63.95,"No",1,29
"0297-RBCSG","Male",24,"No","No",19,1,"5G",2,3,2,"Occasional",12,65.35,"No",1,"Male",24,"No","No",19,1,"5G",2,3,2,"Occasional",12,65.35,"No",1,31
"0301-FIDRB","Female",32,"Yes","Yes",72,1,"No",3,3,3,"Occasional",24,63.8,"No",0,"Female",32,"Yes","Yes",72,1,"No",3,3,3,"Occasional",24,63.8,"No",0,12
"0301-KOBTQ","Male",22,"No","No",32,1,"DSL",0,1,0,"Occasional",24,20.05,"No",0,"Male",22,"No","No",32,1,"DSL",0,1,0,"Occasional",24,20.05,"No",0,25
"0302-JOIVN","Female",31,"Yes","No",8,1,"Fiber optic",2,2,3,"Frequent",1,101.15,"Yes",0,"Female",31,"Yes","No",8,1,"Fiber optic",2,2,3,"Frequent",1,101.15,"Yes",0,NA
"0303-UNCIP","Male",38,"No","No",41,2,"5G",0,2,2,"Occasional",12,65,"No",1,"Male",38,"No","No",41,2,"5G",0,2,2,"Occasional",12,65,"No",1,70
"0305-SQECB","Female",20,"No","Yes",11,0,"DSL",1,3,0,"Occasional",12,36.05,"No",0,"Female",20,"No","Yes",11,0,"DSL",1,3,0,"Occasional",12,36.05,"No",0,25
"0306-JAELE","Male",41,"No","No",5,1,"5G",0,3,3,"Occasional",1,96.1,"Yes",1,"Male",41,"No","No",5,1,"5G",0,3,3,"Occasional",1,96.1,"Yes",1,NA
"0307-BCOPK","Female",50,"No","No",16,1,"No",0,1,0,"Occasional",12,19.05,"No",0,"Female",50,"No","No",16,1,"No",0,1,0,"Occasional",12,19.05,"No",0,10
"0308-GIQJT","Male",88,"No","No",71,2,"5G",2,3,3,"Occasional",12,105.75,"No",0,"Male",88,"No","No",71,2,"5G",2,3,3,"Occasional",12,105.75,"No",0,26
"0308-IVGOK","Female",51,"No","No",11,0,"5G",2,3,0,"Occasional",12,40.4,"No",1,"Female",51,"No","No",11,0,"5G",2,3,0,"Occasional",12,40.4,"No",1,40
"0310-MVLET","Female",54,"Yes","Yes",61,1,"No",2,2,3,"Frequent",1,99.15,"Yes",0,"Female",54,"Yes","Yes",61,1,"No",2,2,3,"Frequent",1,99.15,"Yes",0,NA
"0310-SUCIN","Female",24,"Yes","No",71,1,"5G",3,3,3,"Occasional",12,84.8,"No",0,"Female",24,"Yes","No",71,1,"5G",3,3,3,"Occasional",12,84.8,"No",0,42
"0311-QYWSS","Female",19,"No","No",6,1,"DSL",1,2,0,"Occasional",1,49.45,"No",0,"Female",19,"No","No",6,1,"DSL",1,2,0,"Occasional",1,49.45,"No",0,34
"0314-TKOSI","Female",54,"No","No",6,1,"5G",3,2,0,"Occasional",1,55.15,"No",1,"Female",54,"No","No",6,1,"5G",3,2,0,"Occasional",1,55.15,"No",1,66
"0318-QUUOB","Male",25,"Yes","No",1,1,"Fiber optic",0,2,1,"Frequent",1,80.55,"Yes",0,"Male",25,"Yes","No",1,1,"Fiber optic",0,2,1,"Frequent",1,80.55,"Yes",0,NA
"0318-ZOPWS","Female",43,"No","No",49,1,"5G",0,1,0,"Frequent",24,20.15,"No",1,"Female",43,"No","No",49,1,"5G",0,1,0,"Occasional",24,20.15,"No",1,50
"0319-QZTCO","Female",55,"No","No",3,1,"5G",2,2,1,"Occasional",1,58.7,"No",0,"Female",55,"No","No",3,1,"5G",2,2,1,"Occasional",1,58.7,"No",0,2
"0320-DWVTU","Female",42,"No","No",53,1,"No",3,3,2,"Occasional",24,99.5,"No",0,"Female",42,"No","No",53,1,"No",3,3,2,"Occasional",24,99.5,"No",0,14
"0320-JDNQG","Male",24,"Yes","Yes",23,1,"5G",1,3,3,"Occasional",1,99.85,"Yes",0,"Male",24,"Yes","Yes",23,1,"5G",1,3,3,"Occasional",1,99.85,"Yes",0,NA
"0322-CHQRU","Male",21,"No","No",2,1,"5G",0,2,0,"Occasional",1,45.35,"Yes",1,"Male",21,"No","No",2,1,"5G",0,2,0,"Frequent",1,45.35,"Yes",1,NA
"0322-YINQP","Male",20,"No","No",1,1,"5G",1,2,0,"Occasional",1,48.55,"Yes",1,"Male",20,"No","No",1,1,"5G",1,2,0,"Frequent",1,48.55,"Yes",1,NA
"0323-XWWTN","Male",37,"No","No",3,2,"5G",0,1,0,"Occasional",24,26.4,"No",1,"Male",37,"No","No",3,2,"5G",0,1,0,"Occasional",24,26.4,"No",1,44
"0324-BRPCJ","Female",75,"Yes","No",68,2,"Fiber optic",2,2,3,"Frequent",1,100.2,"Yes",0,"Female",75,"Yes","No",68,2,"Fiber optic",2,2,3,"Frequent",1,100.2,"Yes",0,NA
"0325-XBFAC","Male",58,"No","No",8,1,"Fiber optic",0,2,3,"Frequent",1,94.7,"Yes",0,"Male",58,"No","No",8,1,"Fiber optic",0,2,3,"Frequent",1,94.7,"Yes",0,NA
"0327-WFZSY","Male",49,"Yes","Yes",39,2,"Fiber optic",0,2,3,"Occasional",12,100,"No",0,"Male",49,"Yes","Yes",39,2,"Fiber optic",0,2,3,"Occasional",12,100,"No",0,17
"0330-BGYZE","Male",52,"Yes","No",60,1,"No",2,2,3,"Occasional",12,102.5,"No",0,"Male",52,"Yes","No",60,1,"No",2,2,3,"Occasional",12,102.5,"No",0,1
"0330-IVZHA","Female",42,"Yes","No",5,1,"5G",0,2,0,"Frequent",1,69.95,"Yes",0,"Female",42,"Yes","No",5,1,"5G",0,2,0,"Frequent",1,69.95,"Yes",0,NA
"0334-GDDSO","Male",76,"No","No",3,2,"5G",2,2,0,"Frequent",1,81.35,"Yes",1,"Male",76,"No","No",3,2,"5G",2,2,0,"Frequent",1,81.35,"Yes",1,NA
"0334-ZFJSR","Female",48,"Yes","No",55,2,"DSL",3,3,0,"Occasional",12,66.05,"No",0,"Female",48,"Yes","No",55,2,"DSL",3,3,0,"Occasional",12,66.05,"No",0,21
"0336-KXKFK","Male",22,"No","No",72,0,"DSL",1,3,3,"Occasional",24,61.2,"No",0,"Male",22,"No","No",72,0,"DSL",1,3,3,"Occasional",24,61.2,"No",0,40
"0336-PIKEI","Male",90,"Yes","No",72,1,"5G",3,3,1,"Occasional",24,74.4,"No",0,"Male",90,"Yes","No",72,1,"5G",3,3,1,"Occasional",24,74.4,"No",0,38
"0343-QLUZP","Male",39,"No","No",60,0,"5G",3,2,0,"Occasional",24,39.6,"No",0,"Male",39,"No","No",60,0,"5G",3,2,0,"Occasional",24,39.6,"No",0,25
"0345-HKJVM","Female",31,"No","No",6,1,"Fiber optic",0,2,3,"Frequent",1,89.3,"Yes",0,"Female",31,"No","No",6,1,"Fiber optic",0,2,3,"Frequent",1,89.3,"Yes",0,NA
"0345-XMMUG","Female",36,"Yes","No",46,2,"Fiber optic",2,3,3,"Occasional",24,108.9,"No",0,"Female",36,"Yes","No",46,2,"Fiber optic",2,3,3,"Occasional",24,108.9,"No",0,38
"0347-UBKUZ","Female",35,"No","No",15,1,"5G",0,1,0,"Occasional",1,19.9,"No",1,"Female",35,"No","No",15,1,"5G",0,1,0,"Occasional",1,19.9,"No",1,11
"0348-SDKOL","Female",47,"Yes","No",58,2,"5G",0,3,3,"Occasional",1,102.1,"Yes",0,"Female",47,"Yes","No",58,2,"5G",0,3,3,"Occasional",1,102.1,"Yes",0,NA
"0354-WYROK","Female",73,"Yes","Yes",31,1,"No",0,3,3,"Occasional",1,98.9,"Yes",0,"Female",73,"Yes","Yes",31,1,"No",0,3,3,"Occasional",1,98.9,"Yes",0,NA
"0356-OBMAC","Female",82,"No","No",56,2,"5G",2,3,1,"Occasional",24,99.9,"No",1,"Female",82,"No","No",56,2,"5G",2,3,1,"Occasional",24,99.9,"No",1,4
"0361-HJRDX","Female",47,"No","No",68,0,"DSL",3,3,3,"Occasional",24,64.35,"No",0,"Female",47,"No","No",68,0,"DSL",3,3,3,"Occasional",24,64.35,"No",0,2
"0362-ZBZWJ","Male",33,"No","No",36,2,"Fiber optic",0,2,2,"Frequent",1,84.9,"Yes",0,"Male",33,"No","No",36,2,"Fiber optic",0,2,2,"Frequent",1,84.9,"Yes",0,NA
"0363-QJVFX","Male",39,"No","No",32,2,"Fiber optic",3,3,3,"Occasional",1,108.15,"Yes",0,"Male",39,"No","No",32,2,"Fiber optic",3,3,3,"Occasional",1,108.15,"Yes",0,NA
"0363-SVHYR","Male",63,"Yes","Yes",71,2,"DSL",3,3,3,"Occasional",24,86.85,"No",0,"Male",63,"Yes","Yes",71,2,"DSL",3,3,3,"Occasional",24,86.85,"No",0,15
"0365-GXEZS","Male",53,"Yes","No",18,1,"Fiber optic",0,3,0,"Occasional",1,78.2,"No",0,"Male",53,"Yes","No",18,1,"Fiber optic",0,3,0,"Occasional",1,78.2,"No",0,25
"0365-TRTPY","Female",45,"No","No",37,2,"Fiber optic",3,2,0,"Occasional",1,91.2,"No",0,"Female",45,"No","No",37,2,"Fiber optic",3,2,0,"Occasional",1,91.2,"No",0,45
"0366-NQSHS","Male",48,"No","No",2,1,"No",0,1,0,"Occasional",1,19.35,"No",0,"Male",48,"No","No",2,1,"No",0,1,0,"Occasional",1,19.35,"No",0,40
"0373-AIVNJ","Male",36,"No","No",9,0,"DSL",3,2,0,"Occasional",12,39.55,"No",0,"Male",36,"No","No",9,0,"DSL",3,2,0,"Occasional",12,39.55,"No",0,33
"0374-FIUCA","Male",60,"No","No",65,1,"5G",0,1,0,"Occasional",24,20.4,"No",1,"Male",60,"No","No",65,1,"5G",0,1,0,"Occasional",24,20.4,"No",1,26
"0375-HVGXO","Female",38,"No","No",1,0,"5G",0,2,1,"Frequent",1,34.7,"Yes",0,"Female",38,"No","No",1,0,"5G",0,2,1,"Frequent",1,34.7,"Yes",0,NA
"0376-OIWME","Male",43,"Yes","No",36,1,"Fiber optic",1,2,3,"Occasional",1,93.6,"No",0,"Male",43,"Yes","No",36,1,"Fiber optic",1,2,3,"Occasional",1,93.6,"No",0,35
"0377-JBKKT","Male",46,"Yes","Yes",22,1,"DSL",3,3,0,"Occasional",1,57.95,"No",0,"Male",46,"Yes","Yes",22,1,"DSL",3,3,0,"Occasional",1,57.95,"No",0,3
"0378-CJKPV","Female",26,"Yes","No",72,2,"Fiber optic",3,3,3,"Occasional",24,112.1,"No",0,"Female",26,"Yes","No",72,2,"Fiber optic",3,3,3,"Occasional",24,112.1,"No",0,14
"0378-TOVMS","Female",28,"No","No",3,1,"Fiber optic",0,3,2,"Occasional",1,85.8,"Yes",0,"Female",28,"No","No",3,1,"Fiber optic",0,3,2,"Occasional",1,85.8,"Yes",0,NA
"0378-XSZPU","Male",19,"Yes","No",58,1,"DSL",3,2,0,"Frequent",12,60.3,"Yes",0,"Male",19,"Yes","No",58,1,"DSL",3,2,0,"Frequent",12,60.3,"Yes",0,NA
"0379-DJQHR","Male",25,"Yes","Yes",67,1,"DSL",3,2,3,"Occasional",24,81.35,"No",1,"Male",25,"Yes","Yes",67,1,"DSL",3,2,3,"Occasional",24,81.35,"No",1,23
"0380-NEAVX","Male",84,"No","No",34,1,"5G",2,2,3,"Occasional",12,99.85,"No",0,"Male",84,"No","No",34,1,"5G",2,2,3,"Occasional",12,99.85,"No",0,20
"0380-ZCSBI","Male",60,"No","No",10,1,"No",0,1,0,"Occasional",1,20,"No",0,"Male",60,"No","No",10,1,"No",0,1,0,"Occasional",1,20,"No",0,6
"0386-CWRGM","Female",47,"No","No",46,1,"5G",0,1,0,"Occasional",24,19.4,"No",0,"Female",47,"No","No",46,1,"5G",0,1,0,"Occasional",24,19.4,"No",0,36
"0388-EOPEX","Female",23,"Yes","No",2,1,"5G",1,2,0,"Occasional",1,74.4,"Yes",1,"Female",23,"Yes","No",2,1,"5G",1,2,0,"Frequent",1,74.4,"Yes",1,NA
"0390-DCFDQ","Female",86,"Yes","No",1,1,"5G",0,2,0,"Occasional",1,70.45,"Yes",1,"Female",86,"Yes","No",1,1,"5G",0,2,0,"Frequent",1,70.45,"Yes",1,NA
"0392-BZIUW","Female",53,"Yes","No",72,2,"5G",1,2,3,"Occasional",24,105,"No",1,"Female",53,"Yes","No",72,2,"5G",1,2,3,"Occasional",24,105,"No",1,16
"0396-HUJBP","Female",19,"No","No",2,1,"No",0,1,0,"Occasional",1,19.3,"No",0,"Female",19,"No","No",2,1,"No",0,1,0,"Occasional",1,19.3,"No",0,30
"0396-UKGAI","Male",60,"No","Yes",23,1,"DSL",2,3,0,"Occasional",1,55.3,"No",0,"Male",60,"No","Yes",23,1,"DSL",2,3,0,"Occasional",1,55.3,"No",0,17
"0397-GZBBC","Male",83,"Yes","No",59,1,"DSL",0,2,3,"Frequent",1,93.85,"Yes",0,"Male",83,"Yes","No",59,1,"DSL",0,2,3,"Frequent",1,93.85,"Yes",0,NA
"0397-ZXWQF","Male",43,"No","No",67,2,"No",0,1,0,"Occasional",24,20.5,"No",0,"Male",43,"No","No",67,2,"No",0,1,0,"Occasional",24,20.5,"No",0,13
"0401-WDBXM","Male",21,"Yes","Yes",72,2,"Fiber optic",1,2,3,"Occasional",24,105.55,"No",0,"Male",21,"Yes","Yes",72,2,"Fiber optic",1,2,3,"Occasional",24,105.55,"No",0,9
"0402-CQAJN","Female",30,"No","No",37,2,"Fiber optic",2,2,3,"Frequent",1,101.9,"Yes",0,"Female",30,"No","No",37,2,"Fiber optic",2,2,3,"Occasional",1,101.9,"Yes",0,NA
"0404-SWRVG","Male",57,"No","No",3,2,"DSL",0,2,0,"Frequent",1,74.4,"Yes",1,"Male",57,"No","No",3,2,"DSL",0,2,0,"Frequent",1,74.4,"Yes",1,NA
"0406-BPDVR","Female",89,"Yes","No",54,2,"Fiber optic",2,2,3,"Frequent",12,101.5,"Yes",0,"Female",89,"Yes","No",54,2,"Fiber optic",2,2,3,"Frequent",12,101.5,"Yes",0,NA
"0407-BDJKB","Male",36,"Yes","No",60,1,"No",2,2,1,"Frequent",1,95.75,"Yes",0,"Male",36,"Yes","No",60,1,"No",2,2,1,"Frequent",1,95.75,"Yes",0,NA
"0410-IPFTY","Female",60,"Yes","No",31,1,"Fiber optic",2,2,2,"Occasional",1,83.85,"No",0,"Female",60,"Yes","No",31,1,"Fiber optic",2,2,2,"Occasional",1,83.85,"No",0,43
"0411-EZJZE","Female",55,"No","No",3,2,"5G",0,2,1,"Occasional",1,60.25,"No",0,"Female",55,"No","No",3,2,"5G",0,2,1,"Occasional",1,60.25,"No",0,38
"0412-UCCNP","Male",19,"No","No",55,1,"DSL",1,3,0,"Occasional",24,59.2,"No",0,"Male",19,"No","No",55,1,"DSL",1,3,0,"Occasional",24,59.2,"No",0,6
"0415-MOSGF","Female",29,"No","No",1,1,"No",0,2,0,"Frequent",1,44.4,"Yes",0,"Female",29,"No","No",1,1,"No",0,2,0,"Frequent",1,44.4,"Yes",0,NA
"0419-YAAPX","Male",63,"No","No",49,1,"Fiber optic",2,2,1,"Occasional",1,85.3,"No",0,"Male",63,"No","No",49,1,"Fiber optic",2,2,1,"Occasional",1,85.3,"No",0,28
"0420-BWTPW","Male",21,"No","Yes",8,0,"5G",0,2,0,"Frequent",1,25.5,"Yes",0,"Male",21,"No","Yes",8,0,"5G",0,2,0,"Frequent",1,25.5,"Yes",0,NA
"0420-TXVSG","Male",40,"Yes","No",66,2,"DSL",3,2,0,"Occasional",24,66.1,"No",0,"Male",40,"Yes","No",66,2,"DSL",3,2,0,"Occasional",24,66.1,"No",0,36
"0422-OHQHQ","Female",59,"No","No",15,1,"5G",0,1,0,"Occasional",12,20.55,"No",1,"Female",59,"No","No",15,1,"5G",0,1,0,"Occasional",12,20.55,"No",1,5
"0422-UXFAP","Female",58,"Yes","No",51,2,"Fiber optic",0,2,3,"Occasional",12,98.85,"No",0,"Female",58,"Yes","No",51,2,"Fiber optic",0,2,3,"Occasional",12,98.85,"No",0,1
"0428-AXXLJ","Male",64,"No","No",25,1,"No",0,1,0,"Occasional",12,19.5,"No",0,"Male",64,"No","No",25,1,"No",0,1,0,"Occasional",12,19.5,"No",0,33
"0428-IKYCP","Male",45,"Yes","No",22,1,"No",0,2,1,"Occasional",1,87,"No",0,"Male",45,"Yes","No",22,1,"No",0,2,1,"Occasional",1,87,"No",0,16
"0430-IHCDJ","Male",44,"No","No",15,2,"DSL",0,2,0,"Occasional",1,49,"No",0,"Male",44,"No","No",15,2,"DSL",0,2,0,"Occasional",1,49,"No",0,1
"0431-APWVY","Female",19,"Yes","Yes",28,2,"No",0,2,3,"Frequent",12,90.1,"Yes",0,"Female",19,"Yes","Yes",28,2,"No",0,2,3,"Frequent",12,90.1,"Yes",0,NA
"0432-CAJZV","Male",32,"No","No",3,1,"Fiber optic",0,2,3,"Occasional",1,90.7,"No",0,"Male",32,"No","No",3,1,"Fiber optic",0,2,3,"Occasional",1,90.7,"No",0,28
"0434-CSFON","Female",58,"Yes","No",47,2,"5G",0,2,3,"Occasional",1,100.5,"No",1,"Female",58,"Yes","No",47,2,"5G",0,2,3,"Occasional",1,100.5,"No",1,61
"0439-IFYUN","Female",72,"No","No",18,1,"Fiber optic",2,2,0,"Occasional",1,74.7,"No",0,"Female",72,"No","No",18,1,"Fiber optic",2,2,0,"Occasional",1,74.7,"No",0,7
"0440-EKDCF","Male",49,"Yes","No",62,1,"DSL",2,3,0,"Occasional",24,60.15,"No",0,"Male",49,"Yes","No",62,1,"DSL",2,3,0,"Occasional",24,60.15,"No",0,11
"0440-MOGPM","Female",36,"No","No",41,2,"DSL",2,2,3,"Occasional",12,80.55,"No",0,"Female",36,"No","No",41,2,"DSL",2,2,3,"Occasional",12,80.55,"No",0,21
"0440-QEXBZ","Female",46,"No","No",44,2,"DSL",0,2,0,"Occasional",1,50.15,"No",0,"Female",46,"No","No",44,2,"DSL",0,2,0,"Occasional",1,50.15,"No",0,12
"0440-UEDAI","Female",54,"No","No",53,1,"Fiber optic",2,3,2,"Occasional",12,94.45,"No",0,"Female",54,"No","No",53,1,"Fiber optic",2,3,2,"Occasional",12,94.45,"No",0,41
"0442-TDYUO","Male",46,"No","No",48,1,"No",0,1,0,"Occasional",24,20.05,"No",0,"Male",46,"No","No",48,1,"No",0,1,0,"Occasional",24,20.05,"No",0,10
"0442-ZXKVS","Female",79,"Yes","No",54,2,"Fiber optic",3,3,3,"Occasional",12,115.6,"No",0,"Female",79,"Yes","No",54,2,"Fiber optic",3,3,3,"Occasional",12,115.6,"No",0,36
"0447-BEMNG","Female",26,"Yes","No",48,0,"5G",1,2,2,"Frequent",1,45.3,"Yes",1,"Female",26,"Yes","No",48,0,"5G",1,2,2,"Frequent",1,45.3,"Yes",1,NA
"0454-OKRCT","Male",31,"No","No",33,1,"5G",2,3,0,"Occasional",24,80.6,"No",1,"Male",31,"No","No",33,1,"5G",2,3,0,"Occasional",24,80.6,"No",1,20
"0455-ENTCR","Male",48,"Yes","No",66,2,"5G",3,3,3,"Occasional",24,85.25,"No",0,"Male",48,"Yes","No",66,2,"5G",3,3,3,"Occasional",24,85.25,"No",0,1
"0458-HEUZG","Female",57,"No","No",13,0,"DSL",0,3,0,"Occasional",24,35.4,"No",0,"Female",57,"No","No",13,0,"DSL",0,3,0,"Occasional",24,35.4,"No",0,15
"0459-SPZHJ","Male",33,"Yes","Yes",63,2,"5G",3,2,3,"Occasional",24,83.5,"No",1,"Male",33,"Yes","Yes",63,2,"5G",3,2,3,"Occasional",24,83.5,"No",1,5
"0461-CVKMU","Female",57,"Yes","Yes",23,1,"No",2,3,0,"Occasional",1,83.8,"Yes",0,"Female",57,"Yes","Yes",23,1,"No",2,3,0,"Occasional",1,83.8,"Yes",0,NA
"0463-TXOAK","Male",42,"No","No",52,2,"No",0,1,0,"Occasional",24,25.6,"No",0,"Male",42,"No","No",52,2,"No",0,1,0,"Occasional",24,25.6,"No",0,14
"0463-ZSDNT","Male",56,"No","No",10,1,"DSL",0,2,2,"Occasional",1,56.75,"No",0,"Male",56,"No","No",10,1,"DSL",0,2,2,"Occasional",1,56.75,"No",0,19
"0468-YRPXN","Male",33,"No","No",29,1,"Fiber optic",0,3,3,"Occasional",1,98.8,"No",0,"Male",33,"No","No",29,1,"Fiber optic",0,3,3,"Occasional",1,98.8,"No",0,24
"0471-LVHGK","Male",54,"Yes","No",41,2,"5G",0,2,3,"Frequent",12,73,"Yes",0,"Male",54,"Yes","No",41,2,"5G",0,2,3,"Frequent",12,73,"Yes",0,NA
"0480-BIXDE","Female",49,"Yes","No",19,1,"Fiber optic",0,2,3,"Occasional",1,96.8,"No",0,"Female",49,"Yes","No",19,1,"Fiber optic",0,2,3,"Occasional",1,96.8,"No",0,37
"0480-KYJVA","Female",42,"No","No",72,2,"No",0,1,0,"Occasional",24,24.25,"No",0,"Female",42,"No","No",72,2,"No",0,1,0,"Occasional",24,24.25,"No",0,0
"0481-SUMCB","Female",65,"No","No",45,2,"5G",0,2,3,"Occasional",12,102.15,"No",0,"Female",65,"No","No",45,2,"5G",0,2,3,"Occasional",12,102.15,"No",0,34
"0484-FFVBJ","Male",60,"No","No",32,1,"No",0,2,3,"Occasional",12,64.85,"No",0,"Male",60,"No","No",32,1,"No",0,2,3,"Occasional",12,64.85,"No",0,23
"0484-JPBRU","Male",57,"No","No",41,2,"No",0,1,0,"Occasional",1,25.25,"No",0,"Male",57,"No","No",41,2,"No",0,1,0,"Occasional",1,25.25,"No",0,33
"0486-HECZI","Male",34,"Yes","No",55,2,"5G",3,2,1,"Occasional",1,96.75,"Yes",1,"Male",34,"Yes","No",55,2,"5G",3,2,1,"Frequent",1,96.75,"Yes",1,NA
"0486-LGCCH","Male",61,"No","No",11,1,"5G",0,1,0,"Occasional",24,19.65,"No",1,"Male",61,"No","No",11,1,"5G",0,1,0,"Occasional",24,19.65,"No",1,7
"0487-CRLZF","Female",60,"No","No",49,1,"DSL",0,3,3,"Occasional",24,74.45,"No",0,"Female",60,"No","No",49,1,"DSL",0,3,3,"Occasional",24,74.45,"No",0,14
"0487-VVUVK","Male",54,"No","No",25,1,"No",0,1,0,"Occasional",1,19.15,"No",0,"Male",54,"No","No",25,1,"No",0,1,0,"Occasional",1,19.15,"No",0,7
"0489-WMEMG","Female",25,"No","Yes",23,1,"DSL",0,3,0,"Occasional",12,49.45,"No",0,"Female",25,"No","Yes",23,1,"DSL",0,3,0,"Occasional",12,49.45,"No",0,30
"0495-RVCBF","Female",19,"No","No",1,1,"DSL",0,2,2,"Frequent",1,79.7,"Yes",0,"Female",19,"No","No",1,1,"DSL",0,2,2,"Frequent",1,79.7,"Yes",0,NA
"0496-AHOOK","Male",19,"Yes","No",24,1,"No",1,3,3,"Occasional",12,74.4,"No",0,"Male",19,"Yes","No",24,1,"No",1,3,3,"Occasional",12,74.4,"No",0,25
"0504-HHAPI","Female",85,"No","No",27,2,"Fiber optic",0,2,2,"Frequent",1,88.3,"Yes",0,"Female",85,"No","No",27,2,"Fiber optic",0,2,2,"Frequent",1,88.3,"Yes",0,NA
"0505-SPOOW","Female",44,"No","No",70,1,"5G",0,1,0,"Occasional",24,19.8,"No",1,"Female",44,"No","No",70,1,"5G",0,1,0,"Occasional",24,19.8,"No",1,18
"0506-LVNGN","Female",66,"No","No",5,1,"DSL",0,2,0,"Frequent",1,75.55,"Yes",0,"Female",66,"No","No",5,1,"DSL",0,2,0,"Frequent",1,75.55,"Yes",0,NA
"0506-YLVKJ","Male",40,"No","No",46,1,"No",0,1,0,"Occasional",24,20.2,"No",0,"Male",40,"No","No",46,1,"No",0,1,0,"Occasional",24,20.2,"No",0,22
"0508-OOLTO","Female",64,"Yes","Yes",2,1,"Fiber optic",0,2,0,"Occasional",1,71.65,"No",0,"Female",64,"Yes","Yes",2,1,"Fiber optic",0,2,0,"Occasional",1,71.65,"No",0,7
"0508-SQWPL","Female",21,"Yes","Yes",57,1,"No",0,1,0,"Occasional",24,20.1,"No",0,"Female",21,"Yes","Yes",57,1,"No",0,1,0,"Occasional",24,20.1,"No",0,24
"0511-JTEOY","Female",44,"No","No",1,1,"Fiber optic",0,2,0,"Frequent",1,71.1,"Yes",0,"Female",44,"No","No",1,1,"Fiber optic",0,2,0,"Frequent",1,71.1,"Yes",0,NA
"0513-RBGPE","Male",30,"Yes","Yes",37,2,"5G",1,3,0,"Occasional",24,62.8,"No",1,"Male",30,"Yes","Yes",37,2,"5G",1,3,0,"Occasional",24,62.8,"No",1,7
"0516-OOHAR","Male",57,"Yes","Yes",28,1,"Fiber optic",2,2,3,"Occasional",12,100.35,"No",0,"Male",57,"Yes","Yes",28,1,"Fiber optic",2,2,3,"Occasional",12,100.35,"No",0,42
"0516-QREYC","Female",76,"No","No",24,1,"No",0,1,0,"Occasional",1,20.3,"No",0,"Female",76,"No","No",24,1,"No",0,1,0,"Occasional",1,20.3,"No",0,27
"0516-UXRMT","Female",50,"No","No",62,2,"5G",3,2,0,"Occasional",12,92.05,"No",1,"Female",50,"No","No",62,2,"5G",3,2,0,"Occasional",12,92.05,"No",1,25
"0516-VRYBW","Female",39,"No","No",18,1,"5G",0,1,0,"Occasional",12,20.15,"Yes",0,"Female",39,"No","No",18,1,"5G",0,1,0,"Occasional",12,20.15,"Yes",0,NA
"0516-WJVXC","Female",62,"No","No",5,1,"DSL",1,3,0,"Occasional",1,54.2,"Yes",0,"Female",62,"No","No",5,1,"DSL",1,3,0,"Occasional",1,54.2,"Yes",0,NA
"0519-DRGTI","Female",19,"Yes","Yes",20,1,"No",0,1,0,"Occasional",1,20.35,"No",0,"Female",19,"Yes","Yes",20,1,"No",0,1,0,"Occasional",1,20.35,"No",0,0
"0519-XUZJU","Female",56,"No","No",1,1,"Fiber optic",0,2,0,"Frequent",1,70.75,"Yes",0,"Female",56,"No","No",1,1,"Fiber optic",0,2,0,"Occasional",1,70.75,"Yes",0,NA
"0520-FDVVT","Male",47,"No","No",35,1,"Fiber optic",2,2,3,"Frequent",12,102.35,"Yes",0,"Male",47,"No","No",35,1,"Fiber optic",2,2,3,"Occasional",12,102.35,"Yes",0,NA
"0526-SXDJP","Male",49,"Yes","No",72,0,"5G",3,2,0,"Occasional",24,42.1,"No",1,"Male",49,"Yes","No",72,0,"5G",3,2,0,"Occasional",24,42.1,"No",1,50
"0529-ONKER","Male",82,"No","No",15,2,"5G",0,2,0,"Frequent",1,75.65,"Yes",0,"Male",82,"No","No",15,2,"5G",0,2,0,"Frequent",1,75.65,"Yes",0,NA
"0530-IJVDB","Male",31,"No","Yes",70,2,"Fiber optic",3,3,3,"Occasional",24,114.6,"No",0,"Male",31,"No","Yes",70,2,"Fiber optic",3,3,3,"Occasional",24,114.6,"No",0,11
"0531-XBKMM","Male",56,"No","Yes",66,2,"DSL",3,3,0,"Occasional",24,65.7,"No",0,"Male",56,"No","Yes",66,2,"DSL",3,3,0,"Occasional",24,65.7,"No",0,13
"0533-BNWKF","Female",69,"Yes","No",55,2,"5G",2,2,0,"Frequent",1,85.45,"Yes",1,"Female",69,"Yes","No",55,2,"5G",2,2,0,"Frequent",1,85.45,"Yes",1,NA
"0533-UCAAU","Male",85,"Yes","No",57,2,"DSL",2,2,1,"Occasional",12,71.1,"No",0,"Male",85,"Yes","No",57,2,"DSL",2,2,1,"Occasional",12,71.1,"No",0,1
"0536-ESJEP","Male",49,"Yes","No",54,1,"DSL",3,2,3,"Occasional",24,74.55,"No",0,"Male",49,"Yes","No",54,1,"DSL",3,2,3,"Occasional",24,74.55,"No",0,38
"0537-QYZZN","Male",89,"Yes","Yes",24,2,"Fiber optic",1,2,0,"Occasional",1,79.85,"No",0,"Male",89,"Yes","Yes",24,2,"Fiber optic",1,2,0,"Occasional",1,79.85,"No",0,3
"0541-FITGH","Female",61,"No","No",2,1,"No",1,2,2,"Occasional",1,62.15,"No",0,"Female",61,"No","No",2,1,"No",1,2,2,"Occasional",1,62.15,"No",0,2
"0549-CYCQN","Male",72,"No","No",51,1,"No",2,2,0,"Occasional",12,79.6,"No",0,"Male",72,"No","No",51,1,"No",2,2,0,"Occasional",12,79.6,"No",0,12
"0556-FJEGU","Male",50,"No","No",58,1,"5G",2,3,1,"Occasional",24,70.1,"No",1,"Male",50,"No","No",58,1,"5G",2,3,1,"Occasional",24,70.1,"No",1,14
"0557-ASKVU","Female",49,"Yes","Yes",18,1,"5G",0,3,0,"Occasional",12,54.4,"No",1,"Female",49,"Yes","Yes",18,1,"5G",0,3,0,"Occasional",12,54.4,"No",1,51
"0559-CKHUS","Female",59,"No","No",29,1,"No",0,1,0,"Occasional",24,19.55,"No",0,"Female",59,"No","No",29,1,"No",0,1,0,"Occasional",24,19.55,"No",0,45
"0562-KBDVM","Female",24,"No","No",70,0,"5G",3,3,0,"Occasional",24,44.6,"No",0,"Female",24,"No","No",70,0,"5G",3,3,0,"Occasional",24,44.6,"No",0,11
"0564-JJHGS","Male",50,"No","No",9,1,"No",0,2,3,"Frequent",1,95.5,"Yes",0,"Male",50,"No","No",9,1,"No",0,2,3,"Frequent",1,95.5,"Yes",0,NA
"0564-MUUQK","Female",29,"Yes","Yes",20,2,"5G",0,3,2,"Occasional",1,95.5,"No",0,"Female",29,"Yes","Yes",20,2,"5G",0,3,2,"Occasional",1,95.5,"No",0,30
"0565-IYCGT","Male",53,"No","No",69,2,"5G",3,3,2,"Occasional",12,78.6,"Yes",0,"Male",53,"No","No",69,2,"5G",3,3,2,"Occasional",12,78.6,"Yes",0,NA
"0567-GGCAC","Female",47,"No","No",7,1,"No",3,2,0,"Occasional",1,61.4,"No",0,"Female",47,"No","No",7,1,"No",3,2,0,"Occasional",1,61.4,"No",0,24
"0567-XRHCU","Female",24,"Yes","Yes",69,0,"DSL",1,2,2,"Occasional",24,43.95,"No",0,"Female",24,"Yes","Yes",69,0,"DSL",1,2,2,"Occasional",24,43.95,"No",0,2
"0575-CUQOV","Male",78,"Yes","No",60,1,"Fiber optic",2,2,3,"Occasional",12,97.95,"No",0,"Male",78,"Yes","No",60,1,"Fiber optic",2,2,3,"Occasional",12,97.95,"No",0,7
"0576-WNXXC","Male",87,"Yes","No",27,2,"Fiber optic",2,2,2,"Frequent",1,95.55,"Yes",0,"Male",87,"Yes","No",27,2,"Fiber optic",2,2,2,"Frequent",1,95.55,"Yes",0,NA
"0578-SKVMF","Female",31,"Yes","Yes",22,1,"DSL",2,2,2,"Frequent",1,83.3,"Yes",1,"Female",31,"Yes","Yes",22,1,"DSL",2,2,2,"Frequent",1,83.3,"Yes",1,NA
"0580-PIQHM","Female",58,"Yes","Yes",41,2,"Fiber optic",3,2,2,"Occasional",12,101.6,"No",0,"Female",58,"Yes","Yes",41,2,"Fiber optic",3,2,2,"Occasional",12,101.6,"No",0,27
"0585-EGDDA","Male",38,"Yes","No",40,2,"No",2,2,0,"Occasional",1,80,"No",0,"Male",38,"Yes","No",40,2,"No",2,2,0,"Occasional",1,80,"No",0,10
"0587-DMGBH","Female",23,"No","No",8,1,"No",1,2,0,"Frequent",1,49.85,"Yes",0,"Female",23,"No","No",8,1,"No",1,2,0,"Frequent",1,49.85,"Yes",0,NA
"0596-BQCEQ","Female",49,"Yes","Yes",62,1,"No",2,2,3,"Frequent",1,100.15,"Yes",0,"Female",49,"Yes","Yes",62,1,"No",2,2,3,"Frequent",1,100.15,"Yes",0,NA
"0599-XNYDO","Female",59,"Yes","No",20,1,"Fiber optic",0,2,0,"Occasional",1,69.8,"No",0,"Female",59,"Yes","No",20,1,"Fiber optic",0,2,0,"Occasional",1,69.8,"No",0,20
"0602-DDUML","Female",56,"No","No",57,1,"5G",2,3,1,"Occasional",24,69.75,"No",0,"Female",56,"No","No",57,1,"5G",2,3,1,"Occasional",24,69.75,"No",0,14
"0603-OLQDC","Male",59,"No","No",12,1,"No",1,2,3,"Occasional",1,69.85,"No",0,"Male",59,"No","No",12,1,"No",1,2,3,"Occasional",1,69.85,"No",0,18
"0604-THJFP","Female",53,"No","No",59,1,"5G",2,3,3,"Occasional",24,75.95,"No",1,"Female",53,"No","No",59,1,"5G",2,3,3,"Occasional",24,75.95,"No",1,14
"0607-DAAHE","Male",19,"No","Yes",53,1,"No",0,1,0,"Occasional",24,19.75,"Yes",0,"Male",19,"No","Yes",53,1,"No",0,1,0,"Occasional",24,19.75,"Yes",0,NA
"0607-MVMGC","Male",50,"Yes","Yes",45,2,"5G",2,2,3,"Occasional",12,78.75,"No",0,"Male",50,"Yes","Yes",45,2,"5G",2,2,3,"Occasional",12,78.75,"No",0,21
"0608-JDVEC","Male",22,"Yes","No",50,1,"No",0,1,0,"Occasional",24,19.8,"No",0,"Male",22,"Yes","No",50,1,"No",0,1,0,"Occasional",24,19.8,"No",0,9
"0613-WUXUM","Female",48,"No","No",70,1,"No",0,1,0,"Occasional",24,19.2,"No",0,"Female",48,"No","No",70,1,"No",0,1,0,"Occasional",24,19.2,"No",0,10
"0616-ATFGB","Male",21,"Yes","No",1,0,"DSL",0,2,0,"Frequent",1,25.05,"Yes",0,"Male",21,"Yes","No",1,0,"DSL",0,2,0,"Occasional",1,25.05,"Yes",0,NA
"0617-AQNWT","Female",28,"Yes","No",64,0,"DSL",1,3,2,"Occasional",24,47.85,"Yes",0,"Female",28,"Yes","No",64,0,"DSL",1,3,2,"Occasional",24,47.85,"Yes",0,NA
"0618-XWMSS","Male",23,"No","Yes",28,1,"Fiber optic",1,2,0,"Frequent",1,74.9,"Yes",0,"Male",23,"No","Yes",28,1,"Fiber optic",1,2,0,"Frequent",1,74.9,"Yes",0,NA
"0619-OLYUR","Male",48,"Yes","No",72,2,"5G",1,3,3,"Occasional",24,111.9,"No",1,"Male",48,"Yes","No",72,2,"5G",1,3,3,"Occasional",24,111.9,"No",1,10
"0620-XEFWH","Male",47,"No","No",4,1,"5G",0,1,0,"Occasional",1,18.85,"No",0,"Male",47,"No","No",4,1,"5G",0,1,0,"Occasional",1,18.85,"No",0,43
"0621-HJWXJ","Female",37,"Yes","No",63,2,"DSL",2,2,0,"Occasional",1,81.55,"No",1,"Female",37,"Yes","No",63,2,"DSL",2,2,0,"Occasional",1,81.55,"No",1,38
"0621-JFHOL","Female",19,"No","No",10,0,"5G",0,3,0,"Occasional",24,29.6,"No",1,"Female",19,"No","No",10,0,"5G",0,3,0,"Occasional",24,29.6,"No",1,55
"0621-TWIEM","Male",47,"No","No",10,1,"5G",0,2,0,"Frequent",1,45.55,"Yes",0,"Male",47,"No","No",10,1,"5G",0,2,0,"Frequent",1,45.55,"Yes",0,NA
"0623-EJQEG","Male",24,"No","No",65,2,"Fiber optic",1,3,2,"Occasional",12,93.55,"No",0,"Male",24,"No","No",65,2,"Fiber optic",1,3,2,"Occasional",12,93.55,"No",0,19
"0623-GDISB","Female",57,"No","No",1,1,"DSL",1,2,0,"Occasional",1,48.45,"No",0,"Female",57,"No","No",1,1,"DSL",1,2,0,"Occasional",1,48.45,"No",0,29
"0623-IIHUG","Female",90,"No","No",21,0,"5G",1,2,1,"Occasional",1,41.9,"Yes",1,"Female",90,"No","No",21,0,"5G",1,2,1,"Frequent",1,41.9,"Yes",1,NA
"0625-AFOHS","Female",49,"No","No",29,1,"No",0,1,0,"Occasional",24,20.2,"No",0,"Female",49,"No","No",29,1,"No",0,1,0,"Occasional",24,20.2,"No",0,12
"0628-CNQRM","Male",57,"Yes","Yes",22,1,"DSL",1,3,1,"Occasional",12,67.5,"Yes",0,"Male",57,"Yes","Yes",22,1,"DSL",1,3,1,"Occasional",12,67.5,"Yes",0,NA
"0637-YLETY","Female",25,"No","No",16,2,"5G",2,2,2,"Frequent",1,95.6,"Yes",0,"Female",25,"No","No",16,2,"5G",2,2,2,"Frequent",1,95.6,"Yes",0,NA
"0639-TSIQW","Female",59,"No","No",67,2,"Fiber optic",3,2,1,"Occasional",1,102.95,"Yes",0,"Female",59,"No","No",67,2,"Fiber optic",3,2,1,"Occasional",1,102.95,"Yes",0,NA
"0643-OKLRP","Female",67,"Yes","No",47,2,"Fiber optic",1,2,0,"Frequent",1,80.35,"Yes",0,"Female",67,"Yes","No",47,2,"Fiber optic",1,2,0,"Frequent",1,80.35,"Yes",0,NA
"0644-OQMDK","Male",85,"No","No",4,1,"Fiber optic",0,2,0,"Occasional",1,70.65,"No",0,"Male",85,"No","No",4,1,"Fiber optic",0,2,0,"Occasional",1,70.65,"No",0,30
"0654-PQKDW","Female",29,"Yes","Yes",62,1,"DSL",1,3,1,"Occasional",12,70.75,"No",0,"Female",29,"Yes","Yes",62,1,"DSL",1,3,1,"Occasional",12,70.75,"No",0,45
"0655-RBDUG","Male",27,"No","No",7,2,"5G",0,2,3,"Occasional",1,98.05,"Yes",0,"Male",27,"No","No",7,2,"5G",0,2,3,"Frequent",1,98.05,"Yes",0,NA
"0655-YDGFJ","Male",26,"No","No",29,1,"DSL",0,2,0,"Occasional",1,48.95,"No",0,"Male",26,"No","No",29,1,"DSL",0,2,0,"Occasional",1,48.95,"No",0,42
"0661-WCQNQ","Male",27,"Yes","No",22,1,"DSL",1,3,0,"Occasional",12,56.25,"No",0,"Male",27,"Yes","No",22,1,"DSL",1,3,0,"Occasional",12,56.25,"No",0,3
"0665-XHDJU","Male",25,"Yes","No",72,2,"Fiber optic",2,2,3,"Occasional",24,99.4,"No",0,"Male",25,"Yes","No",72,2,"Fiber optic",2,2,3,"Occasional",24,99.4,"No",0,16
"0666-UXTJO","Male",65,"Yes","No",34,1,"Fiber optic",0,2,1,"Occasional",1,85.2,"No",0,"Male",65,"Yes","No",34,1,"Fiber optic",0,2,1,"Occasional",1,85.2,"No",0,13
"0667-NSRGI","Female",59,"Yes","No",48,2,"DSL",0,3,2,"Occasional",12,69.55,"No",0,"Female",59,"Yes","No",48,2,"DSL",0,3,2,"Occasional",12,69.55,"No",0,13
"0668-OGMHD","Female",20,"Yes","No",21,0,"5G",1,2,0,"Occasional",1,28.5,"No",0,"Female",20,"Yes","No",21,0,"5G",1,2,0,"Occasional",1,28.5,"No",0,9
"0670-ANMUU","Male",43,"No","No",71,2,"Fiber optic",1,3,2,"Occasional",12,97.65,"No",0,"Male",43,"No","No",71,2,"Fiber optic",1,3,2,"Occasional",12,97.65,"No",0,25
"0670-KDOMA","Female",51,"No","No",1,1,"No",0,1,0,"Occasional",1,20.25,"No",0,"Female",51,"No","No",1,1,"No",0,1,0,"Occasional",1,20.25,"No",0,26
"0674-DGMAQ","Male",65,"Yes","No",32,1,"No",2,2,2,"Occasional",1,93.5,"No",0,"Male",65,"Yes","No",32,1,"No",2,2,2,"Occasional",1,93.5,"No",0,25
"0674-EYYZV","Female",21,"No","No",1,1,"DSL",0,2,1,"Occasional",1,54.65,"No",0,"Female",21,"No","No",1,1,"DSL",0,2,1,"Occasional",1,54.65,"No",0,7
"0674-GCDXG","Male",39,"No","No",63,2,"DSL",1,3,2,"Occasional",24,71.9,"No",0,"Male",39,"No","No",63,2,"DSL",1,3,2,"Occasional",24,71.9,"No",0,7
"0678-RLHVP","Female",23,"No","No",53,2,"5G",2,2,3,"Occasional",24,105.55,"No",1,"Female",23,"No","No",53,2,"5G",2,2,3,"Occasional",24,105.55,"No",1,40
"0679-TDGAK","Male",31,"Yes","Yes",50,1,"No",1,3,3,"Occasional",12,75.5,"No",0,"Male",31,"Yes","Yes",50,1,"No",1,3,3,"Occasional",12,75.5,"No",0,5
"0680-DFNNY","Male",24,"Yes","No",15,2,"DSL",0,2,3,"Frequent",1,101.1,"Yes",0,"Male",24,"Yes","No",15,2,"DSL",0,2,3,"Frequent",1,101.1,"Yes",0,NA
"0684-AOSIH","Male",54,"Yes","No",1,1,"Fiber optic",1,2,3,"Frequent",1,95,"Yes",0,"Male",54,"Yes","No",1,1,"Fiber optic",1,2,3,"Frequent",1,95,"Yes",0,NA
"0685-MLYYM","Female",78,"No","No",2,1,"Fiber optic",0,2,0,"Frequent",1,70.75,"Yes",0,"Female",78,"No","No",2,1,"Fiber optic",0,2,0,"Occasional",1,70.75,"Yes",0,NA
"0687-ZVTHB","Male",47,"Yes","Yes",65,2,"DSL",3,2,2,"Frequent",12,72.45,"Yes",0,"Male",47,"Yes","Yes",65,2,"DSL",3,2,2,"Occasional",12,72.45,"Yes",0,NA
"0690-SRQID","Male",20,"No","No",4,1,"No",0,1,0,"Occasional",1,19.65,"No",0,"Male",20,"No","No",4,1,"No",0,1,0,"Occasional",1,19.65,"No",0,25
"0691-IFBQW","Female",73,"No","No",46,2,"5G",3,2,3,"Occasional",12,110,"Yes",1,"Female",73,"No","No",46,2,"5G",3,2,3,"Frequent",12,110,"Yes",1,NA
"0691-JVSYA","Female",21,"Yes","No",53,1,"5G",0,2,3,"Occasional",12,94.85,"Yes",1,"Female",21,"Yes","No",53,1,"5G",0,2,3,"Frequent",12,94.85,"Yes",1,NA
"0691-NIKRI","Female",33,"No","No",40,2,"Fiber optic",0,3,3,"Occasional",12,105.95,"No",0,"Female",33,"No","No",40,2,"Fiber optic",0,3,3,"Occasional",12,105.95,"No",0,23
"0696-UKTOX","Male",62,"No","Yes",23,1,"DSL",2,3,0,"Occasional",1,54.15,"No",0,"Male",62,"No","Yes",23,1,"DSL",2,3,0,"Occasional",1,54.15,"No",0,38
"0697-ZMSWS","Male",52,"No","No",4,1,"No",0,2,2,"Frequent",1,85.65,"Yes",0,"Male",52,"No","No",4,1,"No",0,2,2,"Frequent",1,85.65,"Yes",0,NA
"0699-NDKJM","Female",51,"No","No",57,0,"5G",3,2,3,"Occasional",1,58.75,"No",1,"Female",51,"No","No",57,0,"5G",3,2,3,"Occasional",1,58.75,"No",1,60
"0701-RFGFI","Female",25,"Yes","Yes",49,2,"5G",0,2,3,"Occasional",1,95.4,"No",0,"Female",25,"Yes","Yes",49,2,"5G",0,2,3,"Occasional",1,95.4,"No",0,10
"0701-TJSEF","Male",29,"No","No",9,1,"DSL",1,3,2,"Occasional",1,68.25,"No",0,"Male",29,"No","No",9,1,"DSL",1,3,2,"Occasional",1,68.25,"No",0,4
"0702-PGIBZ","Male",47,"No","Yes",4,2,"Fiber optic",2,2,3,"Frequent",1,101.7,"Yes",0,"Male",47,"No","Yes",4,2,"Fiber optic",2,2,3,"Occasional",1,101.7,"Yes",0,NA
"0704-VCUMB","Female",41,"No","No",61,1,"No",0,1,0,"Occasional",24,20.25,"No",0,"Female",41,"No","No",61,1,"No",0,1,0,"Occasional",24,20.25,"No",0,0
"0707-HOVVN","Female",87,"No","No",70,2,"DSL",2,3,1,"Occasional",24,75.5,"No",0,"Female",87,"No","No",70,2,"DSL",2,3,1,"Occasional",24,75.5,"No",0,11
"0708-LGSMF","Male",35,"Yes","No",13,2,"DSL",1,2,2,"Occasional",1,65.85,"No",0,"Male",35,"Yes","No",13,2,"DSL",1,2,2,"Occasional",1,65.85,"No",0,5
"0709-TVGUR","Female",79,"No","No",9,1,"No",0,2,0,"Frequent",1,74.55,"Yes",0,"Female",79,"No","No",9,1,"No",0,2,0,"Frequent",1,74.55,"Yes",0,NA
"0716-BQNDX","Male",76,"No","No",57,2,"Fiber optic",1,3,2,"Occasional",24,93.75,"No",0,"Male",76,"No","No",57,2,"Fiber optic",1,3,2,"Occasional",24,93.75,"No",0,44
"0719-SYFRB","Female",21,"No","No",12,2,"DSL",1,3,0,"Occasional",1,61.65,"Yes",1,"Female",21,"No","No",12,2,"DSL",1,3,0,"Occasional",1,61.65,"Yes",1,NA
"0722-SVSFK","Female",20,"No","No",7,1,"No",0,3,3,"Occasional",1,100.4,"No",0,"Female",20,"No","No",7,1,"No",0,3,3,"Occasional",1,100.4,"No",0,30
"0723-FDLAY","Male",24,"No","No",44,2,"DSL",2,3,3,"Occasional",12,85.25,"No",0,"Male",24,"No","No",44,2,"DSL",2,3,3,"Occasional",12,85.25,"No",0,24
"0723-VSOBE","Female",81,"No","No",45,0,"5G",0,2,2,"Occasional",12,34.2,"No",0,"Female",81,"No","No",45,0,"5G",0,2,2,"Occasional",12,34.2,"No",0,29
"0727-BMPLR","Female",67,"No","No",55,2,"5G",0,2,3,"Occasional",12,100,"Yes",1,"Female",67,"No","No",55,2,"5G",0,2,3,"Frequent",12,100,"Yes",1,NA
"0727-BNRLG","Male",39,"No","No",69,2,"DSL",2,3,1,"Occasional",24,97.65,"No",0,"Male",39,"No","No",69,2,"DSL",2,3,1,"Occasional",24,97.65,"No",0,45
"0727-IWKVK","Male",19,"Yes","No",9,1,"Fiber optic",2,2,0,"Frequent",1,79.9,"Yes",0,"Male",19,"Yes","No",9,1,"Fiber optic",2,2,0,"Frequent",1,79.9,"Yes",0,NA
"0730-KOAVE","Male",56,"No","No",30,2,"5G",3,2,2,"Occasional",1,94.3,"No",1,"Male",56,"No","No",30,2,"5G",3,2,2,"Occasional",1,94.3,"No",1,16
"0731-EBJQB","Female",62,"No","No",52,1,"5G",0,1,0,"Frequent",12,20.4,"No",1,"Female",62,"No","No",52,1,"5G",0,1,0,"Occasional",12,20.4,"No",1,50
"0732-OCQOC","Female",22,"Yes","Yes",52,2,"DSL",0,1,0,"Occasional",24,25.05,"No",1,"Female",22,"Yes","Yes",52,2,"DSL",0,1,0,"Occasional",24,25.05,"No",1,29
"0734-OXWBT","Male",42,"No","Yes",3,1,"DSL",0,3,3,"Occasional",1,70.7,"No",0,"Male",42,"No","Yes",3,1,"DSL",0,3,3,"Occasional",1,70.7,"No",0,15
"0739-UUAJR","Female",49,"Yes","Yes",72,1,"DSL",1,2,3,"Occasional",24,53.8,"No",0,"Female",49,"Yes","Yes",72,1,"DSL",1,2,3,"Occasional",24,53.8,"No",0,37
"0742-LAFQK","Male",30,"Yes","No",72,2,"5G",3,2,2,"Occasional",24,99.15,"No",1,"Male",30,"Yes","No",72,2,"5G",3,2,2,"Occasional",24,99.15,"No",1,39
"0742-MOABM","Male",42,"Yes","No",4,1,"5G",0,3,0,"Occasional",1,50.05,"Yes",1,"Male",42,"Yes","No",4,1,"5G",0,3,0,"Occasional",1,50.05,"Yes",1,NA
"0743-HNPFG","Female",37,"Yes","Yes",51,1,"5G",3,3,2,"Occasional",12,69.75,"No",0,"Female",37,"Yes","Yes",51,1,"5G",3,3,2,"Occasional",12,69.75,"No",0,24
"0743-HRVFF","Female",37,"Yes","Yes",51,0,"DSL",0,3,3,"Occasional",12,56.15,"No",0,"Female",37,"Yes","Yes",51,0,"DSL",0,3,3,"Occasional",12,56.15,"No",0,7
"0744-GKNGE","Female",25,"Yes","Yes",64,1,"No",1,3,0,"Occasional",1,86.8,"No",0,"Female",25,"Yes","Yes",64,1,"No",1,3,0,"Occasional",1,86.8,"No",0,24
"0746-JTRFU","Male",38,"No","No",2,0,"DSL",0,2,0,"Frequent",1,25.05,"Yes",0,"Male",38,"No","No",2,0,"DSL",0,2,0,"Frequent",1,25.05,"Yes",0,NA
"0749-IRGQE","Female",86,"Yes","No",13,0,"DSL",0,2,3,"Occasional",1,45.3,"No",0,"Female",86,"Yes","No",13,0,"DSL",0,2,3,"Occasional",1,45.3,"No",0,25
"0750-EBAIU","Male",54,"No","No",52,1,"5G",1,2,1,"Occasional",12,91.25,"No",1,"Male",54,"No","No",52,1,"5G",1,2,1,"Occasional",12,91.25,"No",1,8
"0754-EEBDC","Male",22,"Yes","Yes",4,1,"5G",0,1,0,"Occasional",24,19.9,"No",0,"Male",22,"Yes","Yes",4,1,"5G",0,1,0,"Occasional",24,19.9,"No",0,1
"0754-UKWQP","Male",49,"No","No",2,1,"Fiber optic",0,2,3,"Frequent",1,95.85,"Yes",0,"Male",49,"No","No",2,1,"Fiber optic",0,2,3,"Occasional",1,95.85,"Yes",0,NA
"0756-MPZRL","Male",21,"No","No",46,0,"DSL",0,3,0,"Occasional",12,33.7,"No",0,"Male",21,"No","No",46,0,"DSL",0,3,0,"Occasional",12,33.7,"No",0,27
"0757-WCUUZ","Male",28,"Yes","Yes",54,2,"DSL",0,2,2,"Occasional",24,63.35,"No",0,"Male",28,"Yes","Yes",54,2,"DSL",0,2,2,"Occasional",24,63.35,"No",0,34
"0761-AETCS","Female",20,"No","No",1,1,"5G",0,1,0,"Occasional",1,19.3,"Yes",0,"Female",20,"No","No",1,1,"5G",0,1,0,"Occasional",1,19.3,"Yes",0,NA
"0769-MURVM","Female",48,"Yes","Yes",72,0,"DSL",3,3,3,"Occasional",24,65.7,"No",0,"Female",48,"Yes","Yes",72,0,"DSL",3,3,3,"Occasional",24,65.7,"No",0,33
"0771-CHWSK","Male",28,"No","No",66,2,"DSL",3,2,2,"Occasional",24,74.6,"No",0,"Male",28,"No","No",66,2,"DSL",3,2,2,"Occasional",24,74.6,"No",0,3
"0771-WLCLA","Female",61,"Yes","Yes",16,2,"5G",1,3,3,"Occasional",1,112.95,"No",1,"Female",61,"Yes","Yes",16,2,"5G",1,3,3,"Occasional",1,112.95,"No",1,33
"0774-RMNUW","Female",41,"Yes","Yes",71,0,"DSL",3,3,3,"Occasional",24,59.7,"No",0,"Female",41,"Yes","Yes",71,0,"DSL",3,3,3,"Occasional",24,59.7,"No",0,27
"0778-NELLA","Male",35,"No","No",9,0,"DSL",0,2,1,"Frequent",1,34.7,"Yes",0,"Male",35,"No","No",9,0,"DSL",0,2,1,"Frequent",1,34.7,"Yes",0,NA
"0780-XNZFN","Male",48,"No","No",57,1,"No",0,1,0,"Occasional",24,20.65,"No",0,"Male",48,"No","No",57,1,"No",0,1,0,"Occasional",24,20.65,"No",0,33
"0781-LKXBR","Male",79,"No","No",9,2,"5G",0,2,3,"Occasional",1,100.5,"Yes",1,"Male",79,"No","No",9,2,"5G",0,2,3,"Frequent",1,100.5,"Yes",1,NA
"0784-GTUUK","Male",21,"Yes","No",62,2,"5G",0,1,0,"Occasional",12,23.75,"No",0,"Male",21,"Yes","No",62,2,"5G",0,1,0,"Occasional",12,23.75,"No",0,23
"0784-ZQJZX","Male",46,"No","No",72,2,"No",0,1,0,"Occasional",24,19.9,"No",0,"Male",46,"No","No",72,2,"No",0,1,0,"Occasional",24,19.9,"No",0,14
"0786-IVLAW","Female",78,"No","No",66,2,"Fiber optic",2,2,3,"Occasional",12,108.1,"No",0,"Female",78,"No","No",66,2,"Fiber optic",2,2,3,"Occasional",12,108.1,"No",0,39
"0786-VSSUD","Male",60,"No","No",16,0,"DSL",2,2,1,"Frequent",1,39,"Yes",0,"Male",60,"No","No",16,0,"DSL",2,2,1,"Occasional",1,39,"Yes",0,NA
"0787-LHDYT","Male",40,"No","No",16,1,"No",0,1,0,"Occasional",1,20.6,"No",0,"Male",40,"No","No",16,1,"No",0,1,0,"Occasional",1,20.6,"No",0,2
"0788-DXBFY","Male",19,"Yes","Yes",58,1,"5G",0,1,0,"Occasional",12,19.55,"No",0,"Male",19,"Yes","Yes",58,1,"5G",0,1,0,"Occasional",12,19.55,"No",0,15
"0794-YVSGE","Male",51,"No","No",72,1,"5G",0,1,0,"Occasional",24,20.3,"No",0,"Male",51,"No","No",72,1,"5G",0,1,0,"Occasional",24,20.3,"No",0,45
"0795-GMVQO","Male",49,"Yes","No",67,2,"Fiber optic",3,2,3,"Occasional",12,109.9,"No",0,"Male",49,"Yes","No",67,2,"Fiber optic",3,2,3,"Occasional",12,109.9,"No",0,28
"0795-LAFGP","Male",46,"Yes","Yes",71,2,"DSL",3,3,3,"Occasional",24,90.4,"No",1,"Male",46,"Yes","Yes",71,2,"DSL",3,3,3,"Occasional",24,90.4,"No",1,38
"0795-XCCTE","Male",67,"No","No",72,2,"No",0,1,0,"Occasional",24,25.4,"No",0,"Male",67,"No","No",72,2,"No",0,1,0,"Occasional",24,25.4,"No",0,42
"0799-DDIHE","Female",57,"Yes","Yes",15,1,"5G",0,2,0,"Occasional",1,46.3,"No",0,"Female",57,"Yes","Yes",15,1,"5G",0,2,0,"Occasional",1,46.3,"No",0,7
"0804-XBFBV","Female",62,"No","No",11,0,"DSL",0,2,0,"Occasional",1,25.2,"No",0,"Female",62,"No","No",11,0,"DSL",0,2,0,"Occasional",1,25.2,"No",0,29
"0804-YGEQV","Female",19,"Yes","Yes",43,2,"No",0,1,0,"Occasional",12,24.45,"No",0,"Female",19,"Yes","Yes",43,2,"No",0,1,0,"Occasional",12,24.45,"No",0,19
"0810-BDHAW","Female",62,"Yes","Yes",24,2,"5G",3,2,3,"Occasional",12,78.4,"No",1,"Female",62,"Yes","Yes",24,2,"5G",3,2,3,"Occasional",12,78.4,"No",1,1
"0810-DHDBD","Female",48,"No","No",52,2,"5G",1,3,1,"Occasional",12,74,"No",0,"Female",48,"No","No",52,2,"5G",1,3,1,"Occasional",12,74,"No",0,34
"0811-GSDTP","Female",59,"No","No",13,0,"5G",2,2,0,"Occasional",1,30.15,"No",1,"Female",59,"No","No",13,0,"5G",2,2,0,"Occasional",1,30.15,"No",1,11
"0812-WUPTB","Male",83,"Yes","No",1,1,"Fiber optic",0,2,0,"Frequent",1,70.85,"Yes",0,"Male",83,"Yes","No",1,1,"Fiber optic",0,2,0,"Frequent",1,70.85,"Yes",0,NA
"0813-TAXXS","Male",42,"No","No",55,2,"DSL",0,2,3,"Occasional",24,77.8,"No",0,"Male",42,"No","No",55,2,"DSL",0,2,3,"Occasional",24,77.8,"No",0,3
"0815-MFZGM","Female",53,"Yes","No",42,1,"No",0,3,3,"Occasional",24,99,"No",0,"Female",53,"Yes","No",42,1,"No",0,3,3,"Occasional",24,99,"No",0,12
"0816-TSPHQ","Male",37,"No","No",2,1,"No",0,1,0,"Occasional",1,20.75,"No",0,"Male",37,"No","No",2,1,"No",0,1,0,"Occasional",1,20.75,"No",0,2
"0818-OCPZO","Male",76,"No","No",27,2,"Fiber optic",2,2,0,"Frequent",1,81.45,"Yes",0,"Male",76,"No","No",27,2,"Fiber optic",2,2,0,"Occasional",1,81.45,"Yes",0,NA
"0822-GAVAP","Female",19,"No","No",2,0,"5G",0,2,2,"Occasional",1,34.7,"Yes",1,"Female",19,"No","No",2,0,"5G",0,2,2,"Frequent",1,34.7,"Yes",1,NA
"0823-HSCDJ","Male",75,"No","No",52,0,"5G",2,2,3,"Occasional",1,49.15,"Yes",1,"Male",75,"No","No",52,0,"5G",2,2,3,"Frequent",1,49.15,"Yes",1,NA
"0824-VWDPO","Female",20,"No","No",45,2,"Fiber optic",3,2,2,"Occasional",12,96.75,"No",0,"Female",20,"No","No",45,2,"Fiber optic",3,2,2,"Occasional",12,96.75,"No",0,19
"0825-CPPQH","Female",61,"No","No",71,1,"No",0,1,0,"Occasional",24,19.1,"No",0,"Female",61,"No","No",71,1,"No",0,1,0,"Occasional",24,19.1,"No",0,19
"0831-JNISG","Male",42,"No","No",71,1,"5G",0,1,0,"Occasional",24,19.8,"No",0,"Male",42,"No","No",71,1,"5G",0,1,0,"Occasional",24,19.8,"No",0,8
"0835-DUUIQ","Female",46,"No","No",24,1,"5G",0,1,0,"Occasional",12,21.05,"No",1,"Female",46,"No","No",24,1,"5G",0,1,0,"Occasional",12,21.05,"No",1,26
"0835-JKADZ","Female",57,"No","No",71,2,"5G",2,3,3,"Occasional",24,111.25,"No",1,"Female",57,"No","No",71,2,"5G",2,3,3,"Occasional",24,111.25,"No",1,4
"0840-DCNZE","Male",30,"No","No",47,1,"DSL",3,3,3,"Occasional",12,86.95,"No",0,"Male",30,"No","No",47,1,"DSL",3,3,3,"Occasional",12,86.95,"No",0,10
"0840-DFEZH","Female",21,"No","No",7,1,"No",0,2,0,"Occasional",1,75.35,"No",0,"Female",21,"No","No",7,1,"No",0,2,0,"Occasional",1,75.35,"No",0,18
"0842-IWYCP","Female",55,"No","No",46,1,"5G",0,2,0,"Occasional",1,44.95,"No",0,"Female",55,"No","No",46,1,"5G",0,2,0,"Occasional",1,44.95,"No",0,37
"0848-SOMKO","Male",63,"No","No",70,0,"DSL",1,3,2,"Occasional",24,48.4,"No",0,"Male",63,"No","No",70,0,"DSL",1,3,2,"Occasional",24,48.4,"No",0,30
"0851-DFJKB","Female",63,"No","No",15,1,"5G",1,3,0,"Occasional",1,58.95,"No",1,"Female",63,"No","No",15,1,"5G",1,3,0,"Occasional",1,58.95,"No",1,32
"0854-UYHZD","Female",40,"No","No",13,1,"5G",0,1,0,"Occasional",24,19.55,"No",0,"Female",40,"No","No",13,1,"5G",0,1,0,"Occasional",24,19.55,"No",0,21
"0856-NAOES","Male",53,"No","No",6,1,"DSL",0,2,1,"Occasional",1,60.9,"No",0,"Male",53,"No","No",6,1,"DSL",0,2,1,"Occasional",1,60.9,"No",0,29
"0862-PRCBS","Female",31,"Yes","Yes",68,2,"DSL",2,3,3,"Occasional",24,103.75,"No",1,"Female",31,"Yes","Yes",68,2,"DSL",2,3,3,"Occasional",24,103.75,"No",1,27
"0864-FVJNJ","Female",25,"Yes","Yes",64,2,"Fiber optic",3,3,3,"Occasional",12,113.35,"No",0,"Female",25,"Yes","Yes",64,2,"Fiber optic",3,3,3,"Occasional",12,113.35,"No",0,39
"0866-QLSIR","Female",53,"No","No",34,2,"5G",3,3,0,"Occasional",12,64.4,"Yes",0,"Female",53,"No","No",34,2,"5G",3,3,0,"Occasional",12,64.4,"Yes",0,NA
"0867-LDTTC","Male",36,"No","No",5,2,"No",0,3,3,"Occasional",1,75.15,"No",0,"Male",36,"No","No",5,2,"No",0,3,3,"Occasional",1,75.15,"No",0,14
"0867-MKZVY","Female",21,"Yes","No",20,2,"5G",1,2,0,"Occasional",1,82.4,"Yes",1,"Female",21,"Yes","No",20,2,"5G",1,2,0,"Frequent",1,82.4,"Yes",1,NA
"0869-PAPRP","Female",72,"Yes","No",26,1,"5G",0,2,1,"Occasional",1,85.7,"No",0,"Female",72,"Yes","No",26,1,"5G",0,2,1,"Occasional",1,85.7,"No",0,21
"0871-URUWO","Male",63,"Yes","No",13,2,"Fiber optic",0,2,3,"Frequent",1,102.25,"Yes",0,"Male",63,"Yes","No",13,2,"Fiber optic",0,2,3,"Occasional",1,102.25,"Yes",0,NA
"0872-CASZJ","Male",55,"Yes","No",59,2,"DSL",1,3,2,"Occasional",12,69.1,"No",0,"Male",55,"Yes","No",59,2,"DSL",1,3,2,"Occasional",12,69.1,"No",0,0
"0872-JCPIB","Male",60,"No","No",17,2,"5G",1,2,2,"Occasional",1,65.75,"No",0,"Male",60,"No","No",17,2,"5G",1,2,2,"Occasional",1,65.75,"No",0,17
"0876-WDUUZ","Female",37,"No","No",5,1,"No",0,3,2,"Occasional",1,85.4,"Yes",0,"Female",37,"No","No",5,1,"No",0,3,2,"Occasional",1,85.4,"Yes",0,NA
"0877-SDMBN","Female",24,"No","No",54,2,"Fiber optic",1,2,3,"Frequent",12,103.95,"Yes",0,"Female",24,"No","No",54,2,"Fiber optic",1,2,3,"Frequent",12,103.95,"Yes",0,NA
"0880-FVFWF","Male",33,"No","No",56,1,"No",3,2,0,"Occasional",1,86.4,"No",0,"Male",33,"No","No",56,1,"No",3,2,0,"Occasional",1,86.4,"No",0,44
"0880-TKATG","Male",59,"Yes","Yes",4,2,"5G",0,2,3,"Occasional",1,101.15,"Yes",1,"Male",59,"Yes","Yes",4,2,"5G",0,2,3,"Frequent",1,101.15,"Yes",1,NA
"0883-EIBTI","Female",63,"No","No",2,1,"No",0,1,0,"Occasional",1,19.5,"Yes",0,"Female",63,"No","No",2,1,"No",0,1,0,"Occasional",1,19.5,"Yes",0,NA
"0887-HJGAR","Male",42,"No","No",1,1,"5G",0,2,0,"Occasional",1,45.7,"Yes",1,"Male",42,"No","No",1,1,"5G",0,2,0,"Frequent",1,45.7,"Yes",1,NA
"0887-WBJVH","Female",44,"Yes","No",53,1,"5G",0,3,3,"Occasional",12,93.45,"No",0,"Female",44,"Yes","No",53,1,"5G",0,3,3,"Occasional",12,93.45,"No",0,43
"0895-DQHEW","Male",42,"Yes","No",54,1,"No",2,2,3,"Frequent",1,104.3,"Yes",0,"Male",42,"Yes","No",54,1,"No",2,2,3,"Frequent",1,104.3,"Yes",0,NA
"0895-LMRSF","Male",33,"No","No",23,1,"DSL",0,2,3,"Occasional",12,64.9,"No",1,"Male",33,"No","No",23,1,"DSL",0,2,3,"Occasional",12,64.9,"No",1,63
"0895-LNKRC","Male",46,"No","No",6,1,"No",0,1,0,"Occasional",12,19.45,"No",0,"Male",46,"No","No",6,1,"No",0,1,0,"Occasional",12,19.45,"No",0,33
"0897-FEGMU","Female",47,"Yes","No",11,1,"No",0,2,3,"Frequent",1,99.5,"Yes",0,"Female",47,"Yes","No",11,1,"No",0,2,3,"Frequent",1,99.5,"Yes",0,NA
"0899-WZRSD","Male",54,"No","No",56,2,"Fiber optic",1,3,3,"Occasional",1,105.35,"No",0,"Male",54,"No","No",56,2,"Fiber optic",1,3,3,"Occasional",1,105.35,"No",0,27
"0902-RFHOF","Male",60,"No","No",38,1,"No",0,1,0,"Occasional",12,20.1,"No",0,"Male",60,"No","No",38,1,"No",0,1,0,"Occasional",12,20.1,"No",0,33
"0902-XKXPN","Male",45,"No","No",69,1,"No",0,1,0,"Occasional",24,20.2,"No",0,"Male",45,"No","No",69,1,"No",0,1,0,"Occasional",24,20.2,"No",0,31
"0906-QVPMS","Male",34,"Yes","No",72,2,"Fiber optic",3,3,3,"Occasional",24,115.15,"No",0,"Male",34,"Yes","No",72,2,"Fiber optic",3,3,3,"Occasional",24,115.15,"No",0,4
"0909-SDHNU","Female",55,"No","No",7,0,"DSL",1,2,0,"Occasional",1,29.8,"No",0,"Female",55,"No","No",7,0,"DSL",1,2,0,"Occasional",1,29.8,"No",0,11
"0909-SELIE","Male",59,"Yes","No",61,2,"DSL",3,3,2,"Occasional",24,80.8,"No",0,"Male",59,"Yes","No",61,2,"DSL",3,3,2,"Occasional",24,80.8,"No",0,7
"0913-XWSCN","Male",48,"Yes","Yes",55,2,"5G",0,2,2,"Occasional",1,85.5,"No",1,"Male",48,"Yes","Yes",55,2,"5G",0,2,2,"Occasional",1,85.5,"No",1,37
"0916-KNFAJ","Male",44,"Yes","No",61,2,"DSL",1,2,2,"Occasional",24,69.9,"No",0,"Male",44,"Yes","No",61,2,"DSL",1,2,2,"Occasional",24,69.9,"No",0,44
"0917-EZOLA","Male",80,"Yes","No",72,1,"No",2,2,3,"Frequent",24,104.15,"Yes",0,"Male",80,"Yes","No",72,1,"No",2,2,3,"Frequent",24,104.15,"Yes",0,NA
"0921-OHLVP","Male",64,"No","No",22,2,"Fiber optic",0,2,2,"Occasional",1,83.05,"No",0,"Male",64,"No","No",22,2,"Fiber optic",0,2,2,"Occasional",1,83.05,"No",0,34
"0924-BJCRC","Female",77,"Yes","No",60,1,"No",2,2,2,"Occasional",1,89.45,"No",0,"Female",77,"Yes","No",60,1,"No",2,2,2,"Occasional",1,89.45,"No",0,34
"0925-VYDLG","Female",34,"No","No",3,2,"5G",0,2,0,"Frequent",1,75.25,"Yes",0,"Female",34,"No","No",3,2,"5G",0,2,0,"Frequent",1,75.25,"Yes",0,NA
"0927-CNGRH","Male",39,"No","No",1,1,"No",0,1,0,"Occasional",1,19.55,"No",0,"Male",39,"No","No",1,1,"No",0,1,0,"Occasional",1,19.55,"No",0,30
"0927-LCSMG","Male",51,"No","No",7,1,"5G",0,2,0,"Occasional",1,74.65,"Yes",0,"Male",51,"No","No",7,1,"5G",0,2,0,"Frequent",1,74.65,"Yes",0,NA
"0928-XUTSN","Female",44,"No","No",13,1,"Fiber optic",0,2,2,"Occasional",1,80.5,"No",0,"Female",44,"No","No",13,1,"Fiber optic",0,2,2,"Occasional",1,80.5,"No",0,15
"0929-HYQEW","Male",50,"No","No",3,1,"5G",1,2,0,"Occasional",1,50.15,"No",0,"Male",50,"No","No",3,1,"5G",1,2,0,"Occasional",1,50.15,"No",0,24
"0930-EHUZA","Female",37,"No","No",36,1,"DSL",3,3,1,"Occasional",12,76.35,"No",0,"Female",37,"No","No",36,1,"DSL",3,3,1,"Occasional",12,76.35,"No",0,25
"0932-YIXYU","Female",39,"No","No",47,1,"No",0,1,0,"Occasional",24,20.25,"No",0,"Female",39,"No","No",47,1,"No",0,1,0,"Occasional",24,20.25,"No",0,21
"0936-NQLJU","Female",54,"No","No",41,1,"No",0,1,0,"Occasional",24,20.65,"No",0,"Female",54,"No","No",41,1,"No",0,1,0,"Occasional",24,20.65,"No",0,7
"0939-EREMR","Female",63,"No","Yes",13,1,"DSL",0,3,0,"Occasional",1,53.45,"No",0,"Female",63,"No","Yes",13,1,"DSL",0,3,0,"Occasional",1,53.45,"No",0,11
"0939-YAPAF","Female",44,"No","No",35,2,"5G",0,2,3,"Occasional",1,100.25,"Yes",1,"Female",44,"No","No",35,2,"5G",0,2,3,"Frequent",1,100.25,"Yes",1,NA
"0940-OUQEC","Male",58,"No","No",10,2,"Fiber optic",2,2,0,"Frequent",1,80.7,"Yes",0,"Male",58,"No","No",10,2,"Fiber optic",2,2,0,"Occasional",1,80.7,"Yes",0,NA
"0942-KOWSM","Female",60,"Yes","Yes",30,1,"5G",2,3,3,"Occasional",24,80.8,"No",1,"Female",60,"Yes","Yes",30,1,"5G",2,3,3,"Occasional",24,80.8,"No",1,27
"0943-ZQPXH","Male",48,"Yes","Yes",44,1,"Fiber optic",0,2,3,"Occasional",1,92.95,"No",0,"Male",48,"Yes","Yes",44,1,"Fiber optic",0,2,3,"Occasional",1,92.95,"No",0,22
"0945-TSONX","Female",26,"Yes","Yes",47,2,"5G",3,3,3,"Occasional",24,85.3,"No",1,"Female",26,"Yes","Yes",47,2,"5G",3,3,3,"Occasional",24,85.3,"No",1,56
"0946-FKYTX","Male",61,"No","No",52,0,"5G",2,2,0,"Occasional",12,30.1,"No",1,"Male",61,"No","No",52,0,"5G",2,2,0,"Occasional",12,30.1,"No",1,31
"0947-MUGVO","Male",75,"Yes","No",20,1,"5G",2,2,0,"Occasional",1,73.65,"Yes",1,"Male",75,"Yes","No",20,1,"5G",2,2,0,"Frequent",1,73.65,"Yes",1,NA
"0952-KMEEH","Male",49,"No","No",13,1,"No",1,2,3,"Frequent",1,98.15,"Yes",0,"Male",49,"No","No",13,1,"No",1,2,3,"Frequent",1,98.15,"Yes",0,NA
"0953-LGOVU","Male",50,"No","No",12,1,"DSL",2,3,0,"Occasional",1,35.5,"No",0,"Male",50,"No","No",12,1,"DSL",2,3,0,"Occasional",1,35.5,"No",0,7
"0956-SYCWG","Female",35,"No","No",13,1,"5G",0,1,0,"Occasional",12,19.65,"No",1,"Female",35,"No","No",13,1,"5G",0,1,0,"Occasional",12,19.65,"No",1,44
"0959-WHOKV","Male",36,"No","No",42,2,"5G",3,2,2,"Occasional",12,99,"No",1,"Male",36,"No","No",42,2,"5G",3,2,2,"Occasional",12,99,"No",1,54
"0960-HUWBM","Male",62,"Yes","Yes",65,1,"No",0,3,3,"Occasional",24,104.1,"No",0,"Male",62,"Yes","Yes",65,1,"No",0,3,3,"Occasional",24,104.1,"No",0,8
"0962-CQPWQ","Female",20,"Yes","Yes",62,1,"No",0,1,0,"Occasional",24,20.3,"No",0,"Female",20,"Yes","Yes",62,1,"No",0,1,0,"Occasional",24,20.3,"No",0,17
"0968-GSIKN","Female",20,"No","No",1,1,"Fiber optic",0,2,0,"Frequent",1,70.8,"Yes",0,"Female",20,"No","No",1,1,"Fiber optic",0,2,0,"Frequent",1,70.8,"Yes",0,NA
"0970-ETWGE","Male",41,"No","No",1,1,"DSL",0,2,3,"Occasional",1,89.55,"Yes",1,"Male",41,"No","No",1,1,"DSL",0,2,3,"Frequent",1,89.55,"Yes",1,NA
"0970-QXPXW","Female",52,"No","No",1,1,"No",0,1,0,"Occasional",1,19.65,"No",0,"Female",52,"No","No",1,1,"No",0,1,0,"Occasional",1,19.65,"No",0,13
"0971-QIFJK","Female",59,"No","No",69,2,"5G",0,1,0,"Occasional",24,24.25,"No",0,"Female",59,"No","No",69,2,"5G",0,1,0,"Occasional",24,24.25,"No",0,41
"0975-UYDTX","Female",45,"Yes","No",26,2,"DSL",3,3,3,"Occasional",12,90.1,"No",0,"Female",45,"Yes","No",26,2,"DSL",3,3,3,"Occasional",12,90.1,"No",0,35
"0975-VOOVL","Female",55,"No","No",3,0,"DSL",2,2,0,"Occasional",1,29.2,"No",0,"Female",55,"No","No",3,0,"DSL",2,2,0,"Occasional",1,29.2,"No",0,17
"0979-MOZQI","Male",20,"Yes","No",62,0,"5G",0,3,1,"Occasional",24,39,"No",1,"Male",20,"Yes","No",62,0,"5G",0,3,1,"Occasional",24,39,"No",1,6
"0979-PHULV","Male",53,"Yes","Yes",69,2,"5G",0,2,3,"Occasional",1,99.45,"Yes",1,"Male",53,"Yes","Yes",69,2,"5G",0,2,3,"Frequent",1,99.45,"Yes",1,NA
"0983-TATYJ","Female",35,"Yes","No",33,1,"DSL",0,3,0,"Occasional",12,51.45,"No",0,"Female",35,"Yes","No",33,1,"DSL",0,3,0,"Occasional",12,51.45,"No",0,31
"0988-AADSA","Female",37,"Yes","Yes",72,2,"DSL",3,3,2,"Occasional",24,80.85,"No",0,"Female",37,"Yes","Yes",72,2,"DSL",3,3,2,"Occasional",24,80.85,"No",0,33
"0988-JRWWP","Female",46,"No","No",3,1,"DSL",0,2,1,"Occasional",1,54.2,"No",0,"Female",46,"No","No",3,1,"DSL",0,2,1,"Occasional",1,54.2,"No",0,44
"0993-OSGPT","Female",88,"Yes","No",68,1,"5G",2,3,0,"Occasional",12,60.65,"No",0,"Female",88,"Yes","No",68,1,"5G",2,3,0,"Occasional",12,60.65,"No",0,31
"0999-QXNSA","Male",87,"No","Yes",7,1,"5G",0,2,0,"Occasional",1,45.75,"No",0,NA,NA,NA,NA,NA,NA,NA,NA,NA,NA,NA,NA,NA,NA,NA,NA
"1000-AJSLD","Male",60,"No","No",1,1,"No",0,1,0,"Occasional",1,20.1,"Yes",0,"Male",60,"No","No",1,1,"No",0,1,0,"Occasional",1,20.1,"Yes",0,NA
"1004-NOZNR","Male",67,"No","Yes",56,1,"5G",1,2,3,"Occasional",12,94.8,"No",0,"Male",67,"No","Yes",56,1,"5G",1,2,3,"Occasional",12,94.8,"No",0,1
"1009-IRMNA","Female",22,"No","No",7,1,"5G",0,1,0,"Occasional",1,20,"Yes",1,"Female",22,"No","No",7,1,"5G",0,1,0,"Occasional",1,20,"Yes",1,NA
"1010-DIAUQ","Male",49,"No","No",5,1,"5G",0,2,3,"Frequent",1,96.5,"Yes",1,"Male",49,"No","No",5,1,"5G",0,2,3,"Frequent",1,96.5,"Yes",1,NA
"1015-JPFYW","Male",55,"No","No",7,1,"No",0,1,0,"Occasional",12,19.45,"No",0,"Male",55,"No","No",7,1,"No",0,1,0,"Occasional",12,19.45,"No",0,7
"1016-DJTSV","Male",82,"No","No",8,1,"Fiber optic",0,2,0,"Occasional",1,69.7,"No",0,"Male",82,"No","No",8,1,"Fiber optic",0,2,0,"Occasional",1,69.7,"No",0,12
"1017-FBQMM","Female",45,"Yes","Yes",62,1,"No",2,3,3,"Occasional",12,106.05,"No",0,"Female",45,"Yes","Yes",62,1,"No",2,3,3,"Occasional",12,106.05,"No",0,41
"1023-BQXZE","Male",43,"No","No",57,1,"No",1,2,3,"Occasional",24,74.35,"No",0,"Male",43,"No","No",57,1,"No",1,2,3,"Occasional",24,74.35,"No",0,45
"1024-GUALD","Female",19,"Yes","No",1,0,"5G",0,2,0,"Frequent",1,24.8,"Yes",1,"Female",19,"Yes","No",1,0,"5G",0,2,0,"Frequent",1,24.8,"Yes",1,NA
"1025-FALIX","Female",48,"No","No",26,1,"Fiber optic",0,2,0,"Occasional",1,69.05,"No",0,"Female",48,"No","No",26,1,"Fiber optic",0,2,0,"Occasional",1,69.05,"No",0,34
"1027-LKKQQ","Female",31,"Yes","Yes",72,1,"DSL",1,3,3,"Occasional",24,80.45,"No",0,"Female",31,"Yes","Yes",72,1,"DSL",1,3,3,"Occasional",24,80.45,"No",0,5
"1028-FFNJK","Male",68,"Yes","No",30,2,"Fiber optic",0,3,3,"Occasional",1,101.5,"No",0,"Male",68,"Yes","No",30,2,"Fiber optic",0,3,3,"Occasional",1,101.5,"No",0,34
"1029-QFBEN","Male",52,"No","No",1,1,"5G",0,1,0,"Occasional",1,19.55,"Yes",1,"Male",52,"No","No",1,1,"5G",0,1,0,"Occasional",1,19.55,"Yes",1,NA
"1031-IIDEO","Female",30,"No","No",1,1,"Fiber optic",0,2,0,"Frequent",1,70.85,"Yes",0,"Female",30,"No","No",1,1,"Fiber optic",0,2,0,"Occasional",1,70.85,"Yes",0,NA
"1036-GUDCL","Male",37,"Yes","Yes",60,1,"DSL",3,3,3,"Occasional",1,79.05,"No",0,"Male",37,"Yes","Yes",60,1,"DSL",3,3,3,"Occasional",1,79.05,"No",0,15
"1038-RQOST","Male",20,"Yes","Yes",19,2,"No",0,1,0,"Occasional",1,20.6,"No",0,"Male",20,"Yes","Yes",19,2,"No",0,1,0,"Occasional",1,20.6,"No",0,29
"1038-ZAGBI","Female",39,"No","No",12,1,"5G",0,1,0,"Occasional",12,19.8,"Yes",1,"Female",39,"No","No",12,1,"5G",0,1,0,"Occasional",12,19.8,"Yes",1,NA
"1041-RXHRA","Female",23,"No","No",41,1,"Fiber optic",0,2,0,"Occasional",1,70.25,"Yes",0,"Female",23,"No","No",41,1,"Fiber optic",0,2,0,"Occasional",1,70.25,"Yes",0,NA
"1043-YCUTE","Male",19,"Yes","No",56,2,"No",0,1,0,"Occasional",24,25.15,"Yes",0,"Male",19,"Yes","No",56,2,"No",0,1,0,"Occasional",24,25.15,"Yes",0,NA
"1047-NNCBF","Male",25,"No","No",20,1,"5G",0,2,0,"Occasional",1,70.55,"No",0,"Male",25,"No","No",20,1,"5G",0,2,0,"Occasional",1,70.55,"No",0,20
"1047-RNXZV","Male",52,"No","No",43,1,"No",0,1,0,"Occasional",24,19.55,"No",0,"Male",52,"No","No",43,1,"No",0,1,0,"Occasional",24,19.55,"No",0,0
"1051-EQPZR","Female",20,"Yes","Yes",44,1,"No",0,1,0,"Occasional",1,19.6,"No",0,"Female",20,"Yes","Yes",44,1,"No",0,1,0,"Occasional",1,19.6,"No",0,43
"1051-GEJLJ","Female",19,"No","No",2,1,"5G",0,1,0,"Occasional",1,19.5,"No",1,"Female",19,"No","No",2,1,"5G",0,1,0,"Occasional",1,19.5,"No",1,4
"1052-QJIBV","Female",61,"No","No",71,1,"No",0,1,0,"Occasional",24,19.9,"No",0,"Female",61,"No","No",71,1,"No",0,1,0,"Occasional",24,19.9,"No",0,15
"1060-ENTOF","Female",66,"Yes","No",67,2,"5G",3,3,2,"Occasional",12,105.4,"No",0,"Female",66,"Yes","No",67,2,"5G",3,3,2,"Occasional",12,105.4,"No",0,41
"1061-PNTHC","Female",32,"Yes","Yes",56,2,"Fiber optic",1,3,3,"Occasional",1,109.6,"No",0,"Female",32,"Yes","Yes",56,2,"Fiber optic",1,3,3,"Occasional",1,109.6,"No",0,40
"1062-LHZOD","Male",19,"Yes","Yes",1,1,"Fiber optic",0,2,0,"Frequent",1,69.9,"Yes",0,"Male",19,"Yes","Yes",1,1,"Fiber optic",0,2,0,"Occasional",1,69.9,"Yes",0,NA
"1063-DHQJF","Male",20,"Yes","Yes",69,1,"No",2,3,1,"Occasional",24,92.15,"No",0,"Male",20,"Yes","Yes",69,1,"No",2,3,1,"Occasional",24,92.15,"No",0,7
"1066-JKSGK","Male",56,"No","No",1,1,"5G",0,1,0,"Occasional",1,20.15,"Yes",1,"Male",56,"No","No",1,1,"5G",0,1,0,"Occasional",1,20.15,"Yes",1,NA
"1069-QJOEE","Male",54,"No","No",25,1,"No",0,1,0,"Occasional",12,19.9,"No",0,"Male",54,"No","No",25,1,"No",0,1,0,"Occasional",12,19.9,"No",0,12
"1073-XXCZD","Male",41,"No","No",55,2,"No",0,1,0,"Occasional",24,25.7,"No",0,"Male",41,"No","No",55,2,"No",0,1,0,"Occasional",24,25.7,"No",0,31
"1074-AMIOH","Female",49,"Yes","Yes",53,1,"DSL",2,3,3,"Occasional",1,108.25,"No",0,"Female",49,"Yes","Yes",53,1,"DSL",2,3,3,"Occasional",1,108.25,"No",0,12
"1075-BGWOH","Male",76,"Yes","No",16,2,"Fiber optic",0,2,3,"Frequent",1,98.75,"Yes",0,"Male",76,"Yes","No",16,2,"Fiber optic",0,2,3,"Frequent",1,98.75,"Yes",0,NA
"1078-TDCRN","Female",22,"Yes","No",3,0,"DSL",2,2,0,"Occasional",1,30.75,"No",0,"Female",22,"Yes","No",3,0,"DSL",2,2,0,"Occasional",1,30.75,"No",0,20
"1086-LXKFY","Female",58,"Yes","Yes",1,1,"No",0,2,0,"Frequent",1,69.1,"Yes",0,"Female",58,"Yes","Yes",1,1,"No",0,2,0,"Frequent",1,69.1,"Yes",0,NA
"1087-GRUYI","Male",22,"Yes","No",38,1,"5G",0,1,0,"Occasional",24,20.4,"No",0,"Male",22,"Yes","No",38,1,"5G",0,1,0,"Occasional",24,20.4,"No",0,29
"1087-UDSIH","Female",21,"No","No",3,1,"No",0,1,0,"Occasional",1,19.6,"Yes",0,"Female",21,"No","No",3,1,"No",0,1,0,"Occasional",1,19.6,"Yes",0,NA
"1088-AUUZZ","Male",36,"Yes","Yes",56,1,"DSL",3,3,2,"Occasional",24,75.85,"No",0,"Male",36,"Yes","Yes",56,1,"DSL",3,3,2,"Occasional",24,75.85,"No",0,35
"1088-CNNKB","Male",46,"No","No",63,2,"DSL",3,3,2,"Occasional",12,80,"No",0,"Male",46,"No","No",63,2,"DSL",3,3,2,"Occasional",12,80,"No",0,18
"1089-HDMKP","Male",89,"No","Yes",11,1,"5G",2,3,0,"Occasional",1,54.55,"No",0,"Male",89,"No","Yes",11,1,"5G",2,3,0,"Occasional",1,54.55,"No",0,24
"1090-ESELR","Male",39,"Yes","Yes",72,1,"5G",3,3,3,"Occasional",24,105.5,"No",1,"Male",39,"Yes","Yes",72,1,"5G",3,3,3,"Occasional",24,105.5,"No",1,40
"1090-PYKCI","Female",53,"Yes","Yes",69,2,"Fiber optic",3,3,1,"Occasional",12,105.1,"No",0,"Female",53,"Yes","Yes",69,2,"Fiber optic",3,3,1,"Occasional",12,105.1,"No",0,35
"1091-SOZGA","Female",62,"No","No",56,2,"5G",0,2,3,"Occasional",12,99.8,"No",1,"Female",62,"No","No",56,2,"5G",0,2,3,"Occasional",12,99.8,"No",1,63
"1092-GANHU","Male",22,"No","No",17,1,"DSL",0,2,0,"Frequent",1,76.65,"Yes",0,"Male",22,"No","No",17,1,"DSL",0,2,0,"Frequent",1,76.65,"Yes",0,NA
"1094-BKOSX","Female",21,"Yes","Yes",45,0,"DSL",2,3,2,"Occasional",12,51,"No",0,"Female",21,"Yes","Yes",45,0,"DSL",2,3,2,"Occasional",12,51,"No",0,20
"1095-JUDTC","Female",84,"No","No",47,2,"Fiber optic",2,3,1,"Occasional",1,95.05,"Yes",0,"Female",84,"No","No",47,2,"Fiber optic",2,3,1,"Occasional",1,95.05,"Yes",0,NA
"1095-WGNGG","Female",25,"Yes","No",61,2,"5G",2,2,3,"Occasional",24,101.05,"No",1,"Female",25,"Yes","No",61,2,"5G",2,2,3,"Occasional",24,101.05,"No",1,61
"1096-ADRUX","Female",40,"Yes","Yes",66,2,"5G",0,2,0,"Occasional",12,74.25,"No",1,"Female",40,"Yes","Yes",66,2,"5G",0,2,0,"Occasional",12,74.25,"No",1,7
"1098-KFQEC","Female",36,"No","No",55,1,"5G",0,1,0,"Occasional",24,19.4,"No",0,"Female",36,"No","No",55,1,"5G",0,1,0,"Occasional",24,19.4,"No",0,23
"1098-TDVUQ","Female",45,"No","No",1,1,"5G",0,1,0,"Frequent",1,19.25,"No",1,"Female",45,"No","No",1,1,"5G",0,1,0,"Occasional",1,19.25,"No",1,68
"1099-BTKWT","Female",56,"Yes","No",68,0,"DSL",1,2,3,"Occasional",12,54.4,"No",0,"Female",56,"Yes","No",68,0,"DSL",1,2,3,"Occasional",12,54.4,"No",0,22
"1099-GODLO","Female",54,"No","No",1,1,"No",0,1,0,"Occasional",24,20.35,"No",0,"Female",54,"No","No",1,1,"No",0,1,0,"Occasional",24,20.35,"No",0,26
"1100-DDVRV","Male",58,"Yes","No",17,0,"DSL",2,2,3,"Occasional",1,49.8,"No",0,"Male",58,"Yes","No",17,0,"DSL",2,2,3,"Occasional",1,49.8,"No",0,36
"1106-HRLKZ","Male",19,"Yes","Yes",40,1,"5G",0,1,0,"Occasional",24,19.6,"No",1,"Male",19,"Yes","Yes",40,1,"5G",0,1,0,"Occasional",24,19.6,"No",1,24
"1113-IUJYX","Female",58,"No","No",14,1,"Fiber optic",3,3,3,"Occasional",12,105.95,"Yes",0,"Female",58,"No","No",14,1,"Fiber optic",3,3,3,"Occasional",12,105.95,"Yes",0,NA
"1114-CENIM","Male",37,"No","No",54,2,"DSL",2,2,0,"Frequent",1,55,"Yes",0,"Male",37,"No","No",54,2,"DSL",2,2,0,"Frequent",1,55,"Yes",0,NA
"1116-DXXDF","Male",56,"No","No",39,1,"Fiber optic",1,2,3,"Occasional",24,100.45,"No",0,"Male",56,"No","No",39,1,"Fiber optic",1,2,3,"Occasional",24,100.45,"No",0,20
"1116-FRYVH","Female",61,"No","No",48,0,"DSL",3,3,0,"Occasional",24,39.4,"No",0,"Female",61,"No","No",48,0,"DSL",3,3,0,"Occasional",24,39.4,"No",0,41
"1120-BMWUB","Female",48,"No","No",16,1,"No",2,3,0,"Occasional",1,53.9,"Yes",0,"Female",48,"No","No",16,1,"No",2,3,0,"Occasional",1,53.9,"Yes",0,NA
"1121-QSIVB","Female",50,"No","Yes",44,2,"DSL",2,2,3,"Occasional",12,77.55,"No",0,"Female",50,"No","Yes",44,2,"DSL",2,2,3,"Occasional",12,77.55,"No",0,7
"1122-JWTJW","Male",37,"Yes","Yes",1,1,"Fiber optic",0,2,0,"Occasional",1,70.65,"Yes",0,"Male",37,"Yes","Yes",1,1,"Fiber optic",0,2,0,"Occasional",1,70.65,"Yes",0,NA
"1122-YJBCS","Male",54,"Yes","No",69,1,"DSL",3,2,0,"Occasional",12,53.65,"No",0,"Male",54,"Yes","No",69,1,"DSL",3,2,0,"Occasional",12,53.65,"No",0,17
"1125-SNVCK","Female",86,"No","No",49,1,"No",0,2,0,"Occasional",1,43.8,"No",0,"Female",86,"No","No",49,1,"No",0,2,0,"Occasional",1,43.8,"No",0,15
"1131-ALZWV","Female",64,"No","No",24,2,"No",0,1,0,"Occasional",12,24.6,"No",0,"Female",64,"No","No",24,2,"No",0,1,0,"Occasional",12,24.6,"No",0,11
"1131-QQZEB","Male",88,"Yes","No",71,2,"5G",0,1,0,"Occasional",24,23.95,"No",1,"Male",88,"Yes","No",71,2,"5G",0,1,0,"Occasional",24,23.95,"No",1,59
"1134-YWTYF","Male",21,"Yes","No",27,1,"DSL",2,3,0,"Occasional",1,53.8,"No",0,"Male",21,"Yes","No",27,1,"DSL",2,3,0,"Occasional",1,53.8,"No",0,26
"1135-HIORI","Female",41,"Yes","Yes",64,1,"No",2,3,3,"Occasional",12,111.45,"No",0,"Female",41,"Yes","Yes",64,1,"No",2,3,3,"Occasional",12,111.45,"No",0,13
"1135-LMECX","Female",21,"No","No",1,1,"5G",0,1,0,"Occasional",1,19.85,"No",1,"Female",21,"No","No",1,1,"5G",0,1,0,"Occasional",1,19.85,"No",1,10
"1136-XGEQU","Female",60,"Yes","Yes",50,2,"5G",2,3,3,"Occasional",12,84.15,"No",0,"Female",60,"Yes","Yes",50,2,"5G",2,3,3,"Occasional",12,84.15,"No",0,22
"1137-DGOWI","Female",63,"Yes","No",30,1,"DSL",2,3,2,"Occasional",12,70.25,"No",0,"Female",63,"Yes","No",30,1,"DSL",2,3,2,"Occasional",12,70.25,"No",0,24
"1139-WUOAH","Male",54,"No","No",57,0,"DSL",0,3,3,"Occasional",24,53.35,"No",0,"Male",54,"No","No",57,0,"DSL",0,3,3,"Occasional",24,53.35,"No",0,17
"1140-UKVZG","Female",54,"No","No",17,2,"5G",0,1,0,"Occasional",1,24.8,"No",1,"Female",54,"No","No",17,2,"5G",0,1,0,"Occasional",1,24.8,"No",1,32
"1143-NMNQJ","Female",50,"No","No",2,1,"No",0,2,2,"Frequent",1,85.7,"Yes",0,"Female",50,"No","No",2,1,"No",0,2,2,"Frequent",1,85.7,"Yes",0,NA
"1150-WFARN","Female",29,"Yes","Yes",67,2,"Fiber optic",1,3,3,"Occasional",24,108.75,"Yes",0,"Female",29,"Yes","Yes",67,2,"Fiber optic",1,3,3,"Occasional",24,108.75,"Yes",0,NA
"1153-GNOLC","Male",61,"No","No",33,0,"5G",2,2,1,"Occasional",12,39.1,"No",0,"Male",61,"No","No",33,0,"5G",2,2,1,"Occasional",12,39.1,"No",0,6
"1154-HYWWO","Male",52,"No","No",38,1,"5G",3,3,1,"Occasional",12,70.6,"No",1,"Male",52,"No","No",38,1,"5G",3,3,1,"Occasional",12,70.6,"No",1,35
"1157-BQCUW","Male",32,"No","No",1,2,"5G",0,2,0,"Frequent",1,74.95,"Yes",0,"Male",32,"No","No",1,2,"5G",0,2,0,"Frequent",1,74.95,"Yes",0,NA
"1159-WFSGR","Female",37,"No","No",16,1,"5G",0,1,0,"Occasional",1,20.4,"No",1,"Female",37,"No","No",16,1,"5G",0,1,0,"Occasional",1,20.4,"No",1,67
"1162-ECVII","Male",73,"Yes","No",72,2,"Fiber optic",2,3,3,"Occasional",24,109.75,"No",0,"Male",73,"Yes","No",72,2,"Fiber optic",2,3,3,"Occasional",24,109.75,"No",0,7
"1163-ONYEY","Male",57,"Yes","Yes",41,2,"5G",3,2,1,"Occasional",1,74.55,"No",0,"Male",57,"Yes","Yes",41,2,"5G",3,2,1,"Occasional",1,74.55,"No",0,13
"1163-VIPRI","Female",53,"Yes","Yes",65,1,"No",1,3,3,"Occasional",24,109.3,"No",0,"Female",53,"Yes","Yes",65,1,"No",1,3,3,"Occasional",24,109.3,"No",0,25
"1166-PQLGG","Female",21,"Yes","Yes",72,1,"No",0,1,0,"Occasional",24,19.55,"No",0,"Female",21,"Yes","Yes",72,1,"No",0,1,0,"Occasional",24,19.55,"No",0,2
"1170-SASML","Female",36,"Yes","No",69,2,"5G",2,2,0,"Occasional",1,85.4,"No",0,"Female",36,"Yes","No",69,2,"5G",2,2,0,"Occasional",1,85.4,"No",0,12
"1171-TYKUR","Male",21,"Yes","No",47,2,"5G",0,1,0,"Occasional",1,25.4,"No",0,"Male",21,"Yes","No",47,2,"5G",0,1,0,"Occasional",1,25.4,"No",0,27
"1172-VIYBP","Male",19,"Yes","Yes",53,2,"DSL",3,2,2,"Occasional",24,69.7,"No",0,"Male",19,"Yes","Yes",53,2,"DSL",3,2,2,"Occasional",24,69.7,"No",0,34
"1173-NOEYG","Female",49,"Yes","No",27,2,"5G",0,2,2,"Occasional",1,90.15,"No",1,"Female",49,"Yes","No",27,2,"5G",0,2,2,"Occasional",1,90.15,"No",1,45
"1174-FGIFN","Female",47,"Yes","Yes",28,1,"No",0,3,2,"Occasional",12,90.45,"No",0,"Female",47,"Yes","Yes",28,1,"No",0,3,2,"Occasional",12,90.45,"No",0,16
"1177-XZBJL","Male",35,"Yes","Yes",53,2,"DSL",3,3,0,"Occasional",12,64.15,"No",0,"Male",35,"Yes","Yes",53,2,"DSL",3,3,0,"Occasional",12,64.15,"No",0,0
"1178-PZGAB","Female",43,"No","No",19,1,"5G",0,1,0,"Occasional",12,20.25,"No",0,"Female",43,"No","No",19,1,"5G",0,1,0,"Occasional",12,20.25,"No",0,21
"1183-CANVH","Female",38,"Yes","No",23,1,"DSL",0,3,1,"Occasional",12,60,"No",0,"Female",38,"Yes","No",23,1,"DSL",0,3,1,"Occasional",12,60,"No",0,42
"1184-PJVDB","Male",35,"Yes","No",10,1,"5G",0,2,1,"Frequent",1,79.95,"Yes",0,"Male",35,"Yes","No",10,1,"5G",0,2,1,"Frequent",1,79.95,"Yes",0,NA
"1187-WILMM","Male",49,"Yes","Yes",63,2,"5G",3,3,3,"Occasional",24,89.4,"No",0,"Male",49,"Yes","Yes",63,2,"5G",3,3,3,"Occasional",24,89.4,"No",0,2
"1193-RTSLK","Female",29,"No","No",38,1,"Fiber optic",3,2,0,"Frequent",1,83.9,"Yes",0,"Female",29,"No","No",38,1,"Fiber optic",3,2,0,"Frequent",1,83.9,"Yes",0,NA
"1194-BHJYC","Male",64,"Yes","No",61,0,"DSL",1,3,3,"Occasional",24,62.15,"No",0,"Male",64,"Yes","No",61,0,"DSL",1,3,3,"Occasional",24,62.15,"No",0,25
"1194-HVAIF","Female",64,"Yes","No",27,2,"Fiber optic",0,2,3,"Occasional",1,95,"No",0,"Female",64,"Yes","No",27,2,"Fiber optic",0,2,3,"Occasional",1,95,"No",0,27
"1195-OIYEJ","Male",62,"No","No",13,1,"Fiber optic",0,2,3,"Frequent",1,91.1,"Yes",0,"Male",62,"No","No",13,1,"Fiber optic",0,2,3,"Occasional",1,91.1,"Yes",0,NA
"1197-BVMVG","Female",87,"No","No",4,1,"No",0,2,0,"Occasional",1,74.45,"No",0,"Female",87,"No","No",4,1,"No",0,2,0,"Occasional",1,74.45,"No",0,34
"1200-TUZHR","Female",72,"No","No",8,2,"Fiber optic",0,2,2,"Occasional",1,85.2,"No",0,"Female",72,"No","No",8,2,"Fiber optic",0,2,2,"Occasional",1,85.2,"No",0,14
"1202-KKGFU","Female",45,"Yes","No",12,1,"DSL",1,3,0,"Occasional",1,54.2,"No",0,"Female",45,"Yes","No",12,1,"DSL",1,3,0,"Occasional",1,54.2,"No",0,19
"1205-WNWPJ","Female",56,"No","No",7,1,"5G",0,3,1,"Occasional",1,59.5,"Yes",0,"Female",56,"No","No",7,1,"5G",0,3,1,"Occasional",1,59.5,"Yes",0,NA
"1206-EHBDD","Female",43,"No","No",56,1,"5G",1,2,0,"Occasional",24,80.3,"No",1,"Female",43,"No","No",56,1,"5G",1,2,0,"Occasional",24,80.3,"No",1,11
"1207-BLKSA","Female",58,"No","No",52,2,"No",0,1,0,"Occasional",24,23.05,"No",0,"Female",58,"No","No",52,2,"No",0,1,0,"Occasional",24,23.05,"No",0,42
"1208-DNHLN","Male",44,"Yes","Yes",23,1,"No",0,2,0,"Frequent",12,48.35,"Yes",0,"Male",44,"Yes","Yes",23,1,"No",0,2,0,"Frequent",12,48.35,"Yes",0,NA
"1208-NBVFH","Male",63,"Yes","Yes",20,1,"DSL",0,2,0,"Occasional",1,49.6,"No",0,"Male",63,"Yes","Yes",20,1,"DSL",0,2,0,"Occasional",1,49.6,"No",0,37
"1213-NGCUN","Female",52,"No","No",6,1,"DSL",0,3,0,"Occasional",1,49.65,"Yes",0,"Female",52,"No","No",6,1,"DSL",0,3,0,"Occasional",1,49.65,"Yes",0,NA
"1215-EXRMO","Male",21,"Yes","No",50,1,"No",0,1,0,"Occasional",24,20.55,"No",0,"Male",21,"Yes","No",50,1,"No",0,1,0,"Occasional",24,20.55,"No",0,0
"1215-FIGMP","Male",20,"No","No",60,2,"5G",2,2,1,"Occasional",1,89.9,"No",1,"Male",20,"No","No",60,2,"5G",2,2,1,"Occasional",1,89.9,"No",1,65
"1215-VFYVK","Female",21,"No","No",4,1,"No",1,3,2,"Occasional",1,48.25,"No",0,"Female",21,"No","No",4,1,"No",1,3,2,"Occasional",1,48.25,"No",0,41
"1216-BGTSP","Male",32,"No","No",45,2,"DSL",1,3,3,"Occasional",1,108.45,"No",0,"Male",32,"No","No",45,2,"DSL",1,3,3,"Occasional",1,108.45,"No",0,12
"1216-JWVUX","Male",25,"Yes","Yes",25,1,"5G",2,2,0,"Occasional",1,75.5,"No",1,"Male",25,"Yes","Yes",25,1,"5G",2,2,0,"Occasional",1,75.5,"No",1,33
"1217-VASWC","Male",73,"Yes","No",43,1,"Fiber optic",2,2,3,"Occasional",12,100.55,"No",0,"Male",73,"Yes","No",43,1,"Fiber optic",2,2,3,"Occasional",12,100.55,"No",0,39
"1218-VKFPE","Female",22,"Yes","Yes",12,1,"5G",0,1,0,"Occasional",1,19,"Yes",1,"Female",22,"Yes","Yes",12,1,"5G",0,1,0,"Occasional",1,19,"Yes",1,NA
"1221-GHZEP","Female",47,"No","No",62,1,"DSL",1,3,2,"Occasional",24,65.1,"No",0,"Female",47,"No","No",62,1,"DSL",1,3,2,"Occasional",24,65.1,"No",0,5
"1222-KJNZD","Male",41,"No","No",40,1,"5G",0,1,0,"Occasional",1,20.4,"No",0,"Male",41,"No","No",40,1,"5G",0,1,0,"Occasional",1,20.4,"No",0,18
"1223-UNPKS","Male",21,"Yes","Yes",20,1,"No",0,1,0,"Occasional",24,20.05,"No",0,"Male",21,"Yes","Yes",20,1,"No",0,1,0,"Occasional",24,20.05,"No",0,10
"1226-IENZN","Male",79,"No","No",16,1,"Fiber optic",0,2,2,"Occasional",1,78.75,"No",0,"Male",79,"No","No",16,1,"Fiber optic",0,2,2,"Occasional",1,78.75,"No",0,12
"1226-UDFZR","Female",47,"No","No",2,1,"DSL",2,2,0,"Frequent",1,49.6,"Yes",0,"Female",47,"No","No",2,1,"DSL",2,2,0,"Frequent",1,49.6,"Yes",0,NA
"1228-FZFRV","Male",36,"Yes","Yes",50,2,"5G",1,2,3,"Frequent",1,105.95,"Yes",0,"Male",36,"Yes","Yes",50,2,"5G",1,2,3,"Frequent",1,105.95,"Yes",0,NA
"1228-ZLNBX","Male",37,"No","No",21,2,"Fiber optic",0,2,0,"Occasional",1,75.3,"No",0,"Male",37,"No","No",21,2,"Fiber optic",0,2,0,"Occasional",1,75.3,"No",0,12
"1229-RCALF","Female",28,"Yes","No",64,1,"No",3,3,3,"Occasional",12,115,"No",0,"Female",28,"Yes","No",64,1,"No",3,3,3,"Occasional",12,115,"No",0,23
"1236-WFCDV","Male",80,"No","No",14,1,"DSL",0,2,3,"Occasional",1,90.45,"Yes",0,"Male",80,"No","No",14,1,"DSL",0,2,3,"Frequent",1,90.45,"Yes",0,NA
"1237-WIYYZ","Female",53,"No","No",18,1,"No",0,1,0,"Occasional",1,19.55,"No",0,"Female",53,"No","No",18,1,"No",0,1,0,"Occasional",1,19.55,"No",0,43
"1240-HCBOH","Female",62,"No","No",67,2,"No",0,1,0,"Occasional",24,26.1,"No",0,"Female",62,"No","No",67,2,"No",0,1,0,"Occasional",24,26.1,"No",0,26
"1240-KNSEZ","Male",19,"No","No",1,1,"No",0,1,0,"Occasional",1,20.1,"Yes",0,"Male",19,"No","No",1,1,"No",0,1,0,"Occasional",1,20.1,"Yes",0,NA
"1241-FPMOF","Male",19,"No","No",52,1,"No",0,1,0,"Occasional",24,19.65,"No",0,"Male",19,"No","No",52,1,"No",0,1,0,"Occasional",24,19.65,"No",0,3
"1247-QBVSH","Female",58,"Yes","Yes",43,1,"5G",2,2,0,"Occasional",1,50.2,"No",0,"Female",58,"Yes","Yes",43,1,"5G",2,2,0,"Occasional",1,50.2,"No",0,39
"1248-DYXUB","Male",40,"No","No",52,2,"5G",0,1,0,"Occasional",24,24.8,"No",1,"Male",40,"No","No",52,2,"5G",0,1,0,"Occasional",24,24.8,"No",1,50
"1251-KRREG","Male",26,"No","No",2,2,"5G",2,2,0,"Occasional",1,54.4,"Yes",1,"Male",26,"No","No",2,2,"5G",2,2,0,"Frequent",1,54.4,"Yes",1,NA
"1257-SXUXQ","Male",62,"No","No",5,1,"5G",0,1,0,"Occasional",1,19.45,"No",0,"Male",62,"No","No",5,1,"5G",0,1,0,"Occasional",1,19.45,"No",0,36
"1258-YMZNM","Female",65,"No","No",27,2,"5G",3,2,3,"Occasional",12,110.5,"No",1,"Female",65,"No","No",27,2,"5G",3,2,3,"Occasional",12,110.5,"No",1,37
"1260-TTRXI","Male",30,"No","No",4,1,"DSL",0,2,2,"Frequent",1,54.3,"Yes",0,"Male",30,"No","No",4,1,"DSL",0,2,2,"Occasional",1,54.3,"Yes",0,NA
"1262-OPMFY","Female",53,"Yes","No",9,1,"5G",0,2,0,"Frequent",1,75.75,"Yes",0,"Female",53,"Yes","No",9,1,"5G",0,2,0,"Frequent",1,75.75,"Yes",0,NA
"1264-FUHCX","Female",58,"Yes","No",49,0,"DSL",2,3,3,"Occasional",12,56.3,"No",0,"Female",58,"Yes","No",49,0,"DSL",2,3,3,"Occasional",12,56.3,"No",0,21
"1265-BCFEO","Female",55,"Yes","No",71,1,"No",0,3,3,"Occasional",24,80.45,"No",0,"Female",55,"Yes","No",71,1,"No",0,3,3,"Occasional",24,80.45,"No",0,39
"1265-HVPZB","Male",27,"Yes","No",59,1,"5G",3,2,1,"Occasional",12,66.4,"No",0,"Male",27,"Yes","No",59,1,"5G",3,2,1,"Occasional",12,66.4,"No",0,13
"1265-XTECC","Female",65,"Yes","No",68,2,"Fiber optic",3,2,2,"Frequent",12,96.55,"Yes",0,"Female",65,"Yes","No",68,2,"Fiber optic",3,2,2,"Frequent",12,96.55,"Yes",0,NA
"1265-ZFOSD","Female",50,"Yes","No",64,1,"No",3,3,2,"Occasional",24,81.3,"No",0,"Female",50,"Yes","No",64,1,"No",3,3,2,"Occasional",24,81.3,"No",0,14
"1266-NZYUI","Female",21,"Yes","Yes",72,2,"5G",1,3,0,"Occasional",24,66.85,"No",1,"Female",21,"Yes","Yes",72,2,"5G",1,3,0,"Occasional",24,66.85,"No",1,9
"1269-FOYWN","Male",35,"No","No",44,1,"No",0,1,0,"Occasional",12,20,"No",0,"Male",35,"No","No",44,1,"No",0,1,0,"Occasional",12,20,"No",0,21
"1270-XKUCC","Female",61,"No","No",30,1,"No",0,1,0,"Occasional",24,19.7,"No",0,"Female",61,"No","No",30,1,"No",0,1,0,"Occasional",24,19.7,"No",0,42
"1271-SJBGZ","Male",75,"No","No",12,0,"5G",0,3,2,"Occasional",1,43.65,"Yes",0,"Male",75,"No","No",12,0,"5G",0,3,2,"Occasional",1,43.65,"Yes",0,NA
"1272-ILHFG","Male",60,"No","No",15,1,"No",0,1,0,"Occasional",12,19.65,"No",0,"Male",60,"No","No",15,1,"No",0,1,0,"Occasional",12,19.65,"No",0,1
"1285-OKIPP","Male",20,"No","No",1,1,"5G",0,2,2,"Frequent",1,79.9,"Yes",1,"Male",20,"No","No",1,1,"5G",0,2,2,"Frequent",1,79.9,"Yes",1,NA
"1291-CUOCY","Male",62,"Yes","No",72,2,"5G",2,3,3,"Occasional",24,110.6,"No",0,"Male",62,"Yes","No",72,2,"5G",2,3,3,"Occasional",24,110.6,"No",0,39
"1293-BSEUN","Female",50,"No","No",72,1,"No",0,1,0,"Occasional",24,20.7,"No",0,"Female",50,"No","No",72,1,"No",0,1,0,"Occasional",24,20.7,"No",0,8
"1297-VQDRP","Male",73,"Yes","Yes",68,2,"5G",0,3,3,"Occasional",12,107.15,"No",1,"Male",73,"Yes","Yes",68,2,"5G",0,3,3,"Occasional",12,107.15,"No",1,8
"1299-AURJA","Female",61,"No","No",70,2,"5G",0,1,0,"Occasional",24,24.7,"No",0,"Female",61,"No","No",70,2,"5G",0,1,0,"Occasional",24,24.7,"No",0,40
"1301-LOPVR","Male",63,"Yes","Yes",29,0,"DSL",3,3,2,"Occasional",12,55.35,"No",0,"Male",63,"Yes","Yes",29,0,"DSL",3,3,2,"Occasional",12,55.35,"No",0,45
"1302-TPUBN","Male",20,"No","No",66,1,"No",0,1,0,"Occasional",24,19.35,"No",0,"Male",20,"No","No",66,1,"No",0,1,0,"Occasional",24,19.35,"No",0,8
"1302-UHBDD","Male",68,"No","No",20,1,"5G",0,2,3,"Occasional",1,89.95,"No",0,"Male",68,"No","No",20,1,"5G",0,2,3,"Occasional",1,89.95,"No",0,1
"1303-SRDOK","Female",55,"No","No",55,1,"No",0,2,0,"Occasional",24,69.05,"No",0,"Female",55,"No","No",55,1,"No",0,2,0,"Occasional",24,69.05,"No",0,4
"1304-BCCFO","Male",54,"Yes","No",9,1,"5G",0,2,3,"Occasional",1,70.05,"No",1,"Male",54,"Yes","No",9,1,"5G",0,2,3,"Occasional",1,70.05,"No",1,33
"1304-NECVQ","Female",83,"No","No",2,2,"Fiber optic",0,2,0,"Frequent",1,78.55,"Yes",0,"Female",83,"No","No",2,2,"Fiber optic",0,2,0,"Frequent",1,78.55,"Yes",0,NA
"1304-SEGFY","Female",28,"Yes","No",72,2,"Fiber optic",0,2,3,"Occasional",24,97.85,"No",0,"Female",28,"Yes","No",72,2,"Fiber optic",0,2,3,"Occasional",24,97.85,"No",0,41
"1307-ATKGB","Male",60,"No","No",24,1,"Fiber optic",2,2,2,"Occasional",1,89.55,"No",0,"Male",60,"No","No",24,1,"Fiber optic",2,2,2,"Occasional",1,89.55,"No",0,17
"1307-TVUFB","Male",82,"No","No",42,2,"5G",2,2,0,"Occasional",1,79.35,"No",1,"Male",82,"No","No",42,2,"5G",2,2,0,"Occasional",1,79.35,"No",1,32
"1309-BXVOQ","Male",53,"Yes","No",21,2,"Fiber optic",0,3,3,"Occasional",1,106.1,"Yes",0,"Male",53,"Yes","No",21,2,"Fiber optic",0,3,3,"Occasional",1,106.1,"Yes",0,NA
"1309-XGFSN","Male",65,"Yes","Yes",52,2,"DSL",2,2,3,"Occasional",12,80.85,"No",0,"Male",65,"Yes","Yes",52,2,"DSL",2,2,3,"Occasional",12,80.85,"No",0,20
"1310-QRITU","Female",35,"No","No",18,2,"DSL",0,2,0,"Occasional",1,50.3,"No",0,"Female",35,"No","No",18,2,"DSL",0,2,0,"Occasional",1,50.3,"No",0,27
"1319-YLZJG","Male",55,"Yes","No",12,1,"Fiber optic",3,2,0,"Occasional",1,84.6,"No",0,"Male",55,"Yes","No",12,1,"Fiber optic",3,2,0,"Occasional",1,84.6,"No",0,35
"1320-GVNHT","Male",45,"Yes","Yes",72,2,"Fiber optic",3,2,3,"Occasional",24,108.4,"No",0,"Male",45,"Yes","Yes",72,2,"Fiber optic",3,2,3,"Occasional",24,108.4,"No",0,22
"1320-HTRDR","Female",47,"No","No",3,2,"Fiber optic",0,2,0,"Frequent",1,75.5,"Yes",0,"Female",47,"No","No",3,2,"Fiber optic",0,2,0,"Frequent",1,75.5,"Yes",0,NA
"1324-NLTJE","Female",82,"No","No",15,2,"DSL",0,3,0,"Occasional",1,55,"Yes",0,"Female",82,"No","No",15,2,"DSL",0,3,0,"Occasional",1,55,"Yes",0,NA
"1325-USMEC","Male",44,"Yes","No",70,2,"Fiber optic",3,2,1,"Occasional",24,99.35,"No",0,"Male",44,"Yes","No",70,2,"Fiber optic",3,2,1,"Occasional",24,99.35,"No",0,16
"1328-EUZHC","Female",20,"Yes","No",18,1,"No",0,1,0,"Occasional",24,20.1,"No",0,"Female",20,"Yes","No",18,1,"No",0,1,0,"Occasional",24,20.1,"No",0,6
"1329-VHWNP","Female",50,"No","No",7,0,"DSL",0,2,0,"Occasional",1,25.05,"No",0,"Female",50,"No","No",7,0,"DSL",0,2,0,"Occasional",1,25.05,"No",0,14
"1334-FJSVR","Male",36,"No","No",1,0,"DSL",0,2,0,"Frequent",1,24.25,"Yes",0,"Male",36,"No","No",1,0,"DSL",0,2,0,"Frequent",1,24.25,"Yes",0,NA
"1334-PDUKM","Female",25,"Yes","No",68,2,"Fiber optic",2,2,0,"Occasional",12,86.45,"No",0,"Female",25,"Yes","No",68,2,"Fiber optic",2,2,0,"Occasional",12,86.45,"No",0,37
"1335-MXCSE","Male",59,"No","No",55,1,"DSL",0,3,0,"Occasional",24,55.25,"No",0,"Male",59,"No","No",55,1,"DSL",0,3,0,"Occasional",24,55.25,"No",0,32
"1335-NTIUC","Male",22,"No","No",9,0,"DSL",0,2,0,"Occasional",1,24.95,"No",0,"Male",22,"No","No",9,0,"DSL",0,2,0,"Occasional",1,24.95,"No",0,10
"1342-JPNKI","Male",53,"No","No",10,2,"DSL",0,2,1,"Frequent",1,86.05,"Yes",1,"Male",53,"No","No",10,2,"DSL",0,2,1,"Frequent",1,86.05,"Yes",1,NA
"1343-EHPYB","Male",29,"Yes","No",63,2,"5G",2,2,3,"Occasional",1,103.4,"Yes",1,"Male",29,"Yes","No",63,2,"5G",2,2,3,"Frequent",1,103.4,"Yes",1,NA
"1345-GKDZZ","Male",21,"No","Yes",6,1,"5G",0,1,0,"Occasional",1,19.55,"No",0,"Male",21,"No","Yes",6,1,"5G",0,1,0,"Occasional",1,19.55,"No",0,14
"1346-PJWTK","Male",51,"Yes","No",61,1,"Fiber optic",2,3,2,"Occasional",1,94.15,"No",0,"Male",51,"Yes","No",61,1,"Fiber optic",2,3,2,"Occasional",1,94.15,"No",0,19
"1346-UFHAX","Female",35,"No","No",13,2,"DSL",1,2,0,"Occasional",1,80,"No",0,"Female",35,"No","No",13,2,"DSL",1,2,0,"Occasional",1,80,"No",0,41
"1347-KTTTA","Male",48,"Yes","No",64,1,"5G",2,3,3,"Occasional",12,102.45,"No",1,"Male",48,"Yes","No",64,1,"5G",2,3,3,"Occasional",12,102.45,"No",1,62
"1352-HNSAW","Female",45,"Yes","Yes",72,2,"5G",3,3,3,"Occasional",24,115.6,"No",1,"Female",45,"Yes","Yes",72,2,"5G",3,3,3,"Occasional",24,115.6,"No",1,1
"1352-VHKAJ","Male",27,"Yes","Yes",27,2,"5G",0,3,3,"Occasional",1,71.6,"No",0,"Male",27,"Yes","Yes",27,2,"5G",0,3,3,"Occasional",1,71.6,"No",0,30
"1353-GHZOS","Male",54,"Yes","No",22,1,"DSL",1,2,1,"Occasional",12,59.75,"No",0,"Male",54,"Yes","No",22,1,"DSL",1,2,1,"Occasional",12,59.75,"No",0,21
"1353-LJWEM","Male",20,"No","No",11,1,"DSL",2,3,0,"Occasional",1,60.9,"No",0,"Male",20,"No","No",11,1,"DSL",2,3,0,"Occasional",1,60.9,"No",0,20
"1354-YZFNB","Male",21,"Yes","Yes",4,1,"No",0,1,0,"Occasional",24,19.55,"No",0,"Male",21,"Yes","Yes",4,1,"No",0,1,0,"Occasional",24,19.55,"No",0,31
"1355-KUSBG","Female",49,"Yes","Yes",7,2,"DSL",0,2,0,"Occasional",1,48.8,"No",0,"Female",49,"Yes","Yes",7,2,"DSL",0,2,0,"Occasional",1,48.8,"No",0,6
"1357-BIJKI","Male",52,"Yes","No",50,2,"Fiber optic",2,2,3,"Occasional",12,98.25,"No",0,"Male",52,"Yes","No",50,2,"Fiber optic",2,2,3,"Occasional",12,98.25,"No",0,21
"1360-JYXKQ","Female",70,"Yes","No",54,1,"Fiber optic",0,3,3,"Occasional",12,99.1,"No",0,"Female",70,"Yes","No",54,1,"Fiber optic",0,3,3,"Occasional",12,99.1,"No",0,4
"1360-RCYRT","Male",21,"Yes","Yes",23,0,"DSL",0,3,0,"Occasional",1,30.35,"No",0,"Male",21,"Yes","Yes",23,0,"DSL",0,3,0,"Occasional",1,30.35,"No",0,41
"1360-XFJMR","Female",44,"Yes","No",67,2,"Fiber optic",2,3,3,"Occasional",12,109.7,"No",0,"Female",44,"Yes","No",67,2,"Fiber optic",2,3,3,"Occasional",12,109.7,"No",0,26
"1370-GGAWX","Female",41,"No","No",46,1,"No",2,2,2,"Occasional",12,94.15,"No",0,"Female",41,"No","No",46,1,"No",2,2,2,"Occasional",12,94.15,"No",0,43
"1371-DWPAZ","Female",32,"Yes","Yes",0,0,"5G",3,3,1,"Occasional",24,56.05,"No",0,"Female",32,"Yes","Yes",0,0,"5G",3,3,1,"Occasional",24,56.05,"No",0,9
"1371-OJCEK","Female",51,"No","No",48,2,"5G",0,1,0,"Occasional",12,24.35,"No",0,"Female",51,"No","No",48,2,"5G",0,1,0,"Occasional",12,24.35,"No",0,20
"1373-ORVIZ","Female",51,"Yes","Yes",11,2,"5G",0,3,2,"Occasional",1,66.35,"Yes",0,"Female",51,"Yes","Yes",11,2,"5G",0,3,2,"Occasional",1,66.35,"Yes",0,NA
"1374-DMZUI","Female",89,"No","No",4,2,"5G",0,2,3,"Occasional",1,94.3,"Yes",1,"Female",89,"No","No",4,2,"5G",0,2,3,"Frequent",1,94.3,"Yes",1,NA
"1376-HHBDV","Female",42,"No","No",30,1,"DSL",1,2,0,"Occasional",1,48.8,"No",0,"Female",42,"No","No",30,1,"DSL",1,2,0,"Occasional",1,48.8,"No",0,36
"1383-EZRWL","Female",50,"No","No",7,1,"No",0,1,0,"Occasional",1,20.05,"Yes",0,"Female",50,"No","No",7,1,"No",0,1,0,"Occasional",1,20.05,"Yes",0,NA
"1384-RCUXW","Male",20,"No","No",16,2,"Fiber optic",2,2,0,"Occasional",1,80.55,"No",0,"Male",20,"No","No",16,2,"Fiber optic",2,2,0,"Occasional",1,80.55,"No",0,22
"1389-CXMLU","Male",79,"No","No",3,2,"Fiber optic",0,2,1,"Frequent",1,91.05,"Yes",0,"Male",79,"No","No",3,2,"Fiber optic",0,2,1,"Occasional",1,91.05,"Yes",0,NA
"1389-WNUIB","Female",46,"Yes","Yes",20,2,"DSL",1,2,3,"Occasional",12,76,"No",0,"Female",46,"Yes","Yes",20,2,"DSL",1,2,3,"Occasional",12,76,"No",0,41
"1391-UBDAR","Male",30,"No","No",11,1,"5G",0,2,0,"Occasional",1,72.9,"No",0,"Male",30,"No","No",11,1,"5G",0,2,0,"Occasional",1,72.9,"No",0,25
"1393-IMKZG","Female",44,"No","No",1,1,"5G",0,3,3,"Occasional",1,95.85,"No",0,"Female",44,"No","No",1,1,"5G",0,3,3,"Occasional",1,95.85,"No",0,44
"1394-SUIUH","Female",68,"Yes","No",44,1,"Fiber optic",3,3,0,"Occasional",1,85.15,"No",0,"Female",68,"Yes","No",44,1,"Fiber optic",3,3,0,"Occasional",1,85.15,"No",0,0
"1395-WSWXR","Male",21,"No","No",24,1,"No",0,1,0,"Occasional",24,20.75,"No",0,"Male",21,"No","No",24,1,"No",0,1,0,"Occasional",24,20.75,"No",0,45
"1396-QWFBJ","Female",41,"Yes","Yes",21,1,"Fiber optic",2,2,0,"Frequent",1,74.05,"Yes",0,"Female",41,"Yes","Yes",21,1,"Fiber optic",2,2,0,"Frequent",1,74.05,"Yes",0,NA
"1397-XKKWR","Male",50,"No","No",7,0,"DSL",1,2,0,"Occasional",12,35.3,"No",0,"Male",50,"No","No",7,0,"DSL",1,2,0,"Occasional",12,35.3,"No",0,5
"1399-OUPJN","Female",38,"No","No",57,1,"No",0,1,0,"Occasional",24,19.75,"No",0,"Female",38,"No","No",57,1,"No",0,1,0,"Occasional",24,19.75,"No",0,32
"1400-MMYXY","Male",82,"Yes","No",3,2,"Fiber optic",2,2,3,"Frequent",1,105.9,"Yes",0,"Male",82,"Yes","No",3,2,"Fiber optic",2,2,3,"Occasional",1,105.9,"Yes",0,NA
"1400-WIVLL","Male",58,"Yes","No",57,1,"No",0,3,3,"Occasional",24,107.95,"No",0,"Male",58,"Yes","No",57,1,"No",0,3,3,"Occasional",24,107.95,"No",0,12
"1401-FTHFQ","Male",20,"Yes","Yes",23,1,"No",0,1,0,"Occasional",12,20,"No",0,"Male",20,"Yes","Yes",23,1,"No",0,1,0,"Occasional",12,20,"No",0,40
"1402-PTHGN","Female",45,"Yes","Yes",18,1,"No",3,3,0,"Occasional",12,61.5,"No",0,"Female",45,"Yes","Yes",18,1,"No",3,3,0,"Occasional",12,61.5,"No",0,16
"1403-GYAFU","Male",55,"No","No",70,1,"5G",0,1,0,"Occasional",24,20.05,"No",1,"Male",55,"No","No",70,1,"5G",0,1,0,"Occasional",24,20.05,"No",1,39
"1406-PUQVY","Male",34,"No","Yes",1,1,"No",2,2,0,"Occasional",1,49.9,"No",0,"Male",34,"No","Yes",1,1,"No",2,2,0,"Occasional",1,49.9,"No",0,29
"1410-RSCMR","Male",62,"Yes","Yes",7,1,"5G",1,3,2,"Occasional",1,71.35,"No",1,"Male",62,"Yes","Yes",7,1,"5G",1,3,2,"Occasional",1,71.35,"No",1,6
"1414-YADCW","Male",37,"No","No",70,1,"Fiber optic",3,3,0,"Occasional",24,84.6,"No",0,"Male",37,"No","No",70,1,"Fiber optic",3,3,0,"Occasional",24,84.6,"No",0,9
"1415-YFWLT","Female",66,"No","No",1,1,"Fiber optic",0,2,3,"Frequent",1,89.3,"Yes",0,"Female",66,"No","No",1,1,"Fiber optic",0,2,3,"Frequent",1,89.3,"Yes",0,NA
"1421-HCERK","Male",70,"Yes","No",30,2,"Fiber optic",3,3,1,"Occasional",1,105.7,"No",0,"Male",70,"Yes","No",30,2,"Fiber optic",3,3,1,"Occasional",1,105.7,"No",0,43
"1423-BMPBQ","Female",21,"Yes","Yes",1,1,"5G",0,1,0,"Occasional",1,19,"No",1,"Female",21,"Yes","Yes",1,1,"5G",0,1,0,"Occasional",1,19,"No",1,42
"1430-SFQSA","Male",60,"No","No",29,0,"5G",1,3,0,"Occasional",12,35.6,"No",0,"Male",60,"No","No",29,0,"5G",1,3,0,"Occasional",12,35.6,"No",0,26
"1431-AIDJQ","Male",34,"Yes","Yes",33,1,"DSL",2,3,3,"Occasional",24,82.1,"No",0,"Male",34,"Yes","Yes",33,1,"DSL",2,3,3,"Occasional",24,82.1,"No",0,22
"1431-CYWMH","Female",44,"No","No",22,1,"No",0,1,0,"Occasional",1,19.05,"No",0,"Female",44,"No","No",22,1,"No",0,1,0,"Occasional",1,19.05,"No",0,41
"1436-ZMJAN","Female",37,"Yes","No",10,1,"DSL",0,2,3,"Occasional",1,67.8,"No",0,"Female",37,"Yes","No",10,1,"DSL",0,2,3,"Occasional",1,67.8,"No",0,36
"1439-LCGVL","Female",20,"Yes","No",26,1,"No",0,1,0,"Occasional",12,19.2,"No",0,"Female",20,"Yes","No",26,1,"No",0,1,0,"Occasional",12,19.2,"No",0,20
"1442-BQPVU","Female",54,"No","No",13,0,"DSL",2,2,0,"Occasional",1,29.15,"No",0,"Female",54,"No","No",13,0,"DSL",2,2,0,"Occasional",1,29.15,"No",0,7
"1442-OKRJE","Male",23,"Yes","Yes",66,1,"5G",3,2,3,"Occasional",12,103.15,"No",0,"Male",23,"Yes","Yes",66,1,"5G",3,2,3,"Occasional",12,103.15,"No",0,36
"1447-PJGGA","Female",48,"No","No",57,1,"5G",0,2,3,"Frequent",24,95.25,"Yes",0,"Female",48,"No","No",57,1,"5G",0,2,3,"Frequent",24,95.25,"Yes",0,NA
"1448-CYWKC","Female",34,"Yes","Yes",58,2,"Fiber optic",2,2,3,"Occasional",12,105.2,"No",0,"Female",34,"Yes","Yes",58,2,"Fiber optic",2,2,3,"Occasional",12,105.2,"No",0,31
"1448-PWKYE","Male",60,"Yes","Yes",1,1,"5G",0,2,2,"Occasional",1,80,"Yes",1,"Male",60,"Yes","Yes",1,1,"5G",0,2,2,"Frequent",1,80,"Yes",1,NA
"1449-XQEMT","Male",22,"No","No",3,1,"No",0,1,0,"Occasional",1,19.8,"Yes",0,"Male",22,"No","No",3,1,"No",0,1,0,"Occasional",1,19.8,"Yes",0,NA
"1450-GALXR","Female",63,"No","No",10,2,"5G",0,3,3,"Occasional",1,98.5,"Yes",1,"Female",63,"No","No",10,2,"5G",0,3,3,"Occasional",1,98.5,"Yes",1,NA
"1450-SKCVI","Female",25,"No","No",56,1,"Fiber optic",2,2,0,"Occasional",1,73.85,"Yes",0,"Female",25,"No","No",56,1,"Fiber optic",2,2,0,"Occasional",1,73.85,"Yes",0,NA
"1452-KIOVK","Male",32,"No","Yes",22,2,"5G",2,2,1,"Occasional",1,89.1,"No",1,"Male",32,"No","Yes",22,2,"5G",2,2,1,"Occasional",1,89.1,"No",1,59
"1452-UZOSF","Male",55,"Yes","Yes",72,2,"Fiber optic",3,3,1,"Occasional",24,106.1,"No",0,"Male",55,"Yes","Yes",72,2,"Fiber optic",3,3,1,"Occasional",24,106.1,"No",0,21
"1452-VOQCH","Male",45,"No","No",1,2,"5G",0,2,0,"Occasional",1,75.1,"No",1,"Male",45,"No","No",1,2,"5G",0,2,0,"Occasional",1,75.1,"No",1,38
"1452-XRSJV","Female",61,"No","No",39,1,"DSL",1,2,0,"Occasional",1,51.05,"No",0,"Female",61,"No","No",39,1,"DSL",1,2,0,"Occasional",1,51.05,"No",0,84
"1453-RZFON","Female",44,"No","No",1,1,"DSL",1,2,0,"Occasional",1,49.9,"No",0,"Female",44,"No","No",1,1,"DSL",1,2,0,"Occasional",1,49.9,"No",0,13
"1455-ESIQH","Male",21,"No","No",1,1,"Fiber optic",0,2,3,"Frequent",1,89.1,"Yes",0,"Male",21,"No","No",1,1,"Fiber optic",0,2,3,"Frequent",1,89.1,"Yes",0,NA
"1455-HFBXA","Male",45,"Yes","No",52,2,"Fiber optic",1,3,0,"Occasional",24,91.6,"No",0,"Male",45,"Yes","No",52,2,"Fiber optic",1,3,0,"Occasional",24,91.6,"No",0,31
"1455-UGQVH","Male",30,"Yes","No",10,2,"Fiber optic",0,2,3,"Frequent",1,98.5,"Yes",0,"Male",30,"Yes","No",10,2,"Fiber optic",0,2,3,"Frequent",1,98.5,"Yes",0,NA
"1456-TWCGB","Male",64,"No","No",4,1,"5G",2,2,0,"Occasional",1,49.25,"No",1,"Male",64,"No","No",4,1,"5G",2,2,0,"Occasional",1,49.25,"No",1,24
"1459-QNFQT","Male",59,"Yes","Yes",70,0,"5G",1,3,3,"Occasional",24,59.5,"No",0,"Male",59,"Yes","Yes",70,0,"5G",1,3,3,"Occasional",24,59.5,"No",0,3
"1465-LNTLJ","Male",74,"Yes","No",8,1,"DSL",0,3,2,"Occasional",1,64.4,"No",0,"Male",74,"Yes","No",8,1,"DSL",0,3,2,"Occasional",1,64.4,"No",0,44
"1465-VINDH","Female",43,"Yes","Yes",10,2,"Fiber optic",2,2,3,"Frequent",1,102.1,"Yes",0,"Female",43,"Yes","Yes",10,2,"Fiber optic",2,2,3,"Occasional",1,102.1,"Yes",0,NA
"1465-WCZVT","Female",38,"No","No",3,1,"No",0,1,0,"Occasional",1,19.65,"No",0,"Female",38,"No","No",3,1,"No",0,1,0,"Occasional",1,19.65,"No",0,38
"1468-DEFNC","Male",43,"No","No",64,2,"No",0,1,0,"Occasional",24,24.4,"No",0,"Male",43,"No","No",64,2,"No",0,1,0,"Occasional",24,24.4,"No",0,31
"1469-LBJQJ","Female",44,"Yes","No",66,2,"Fiber optic",2,2,3,"Occasional",1,105.2,"No",0,"Female",44,"Yes","No",66,2,"Fiber optic",2,2,3,"Occasional",1,105.2,"No",0,36
"1470-PSXNM","Male",36,"Yes","Yes",49,2,"Fiber optic",2,2,1,"Occasional",12,93.65,"No",0,"Male",36,"Yes","Yes",49,2,"Fiber optic",2,2,1,"Occasional",12,93.65,"No",0,6
"1471-GIQKQ","Female",19,"No","No",1,1,"DSL",2,2,0,"Occasional",1,49.95,"No",0,"Female",19,"No","No",1,1,"DSL",2,2,0,"Occasional",1,49.95,"No",0,14
"1475-VWVDO","Male",37,"No","No",7,1,"No",0,2,0,"Occasional",1,74.9,"No",0,"Male",37,"No","No",7,1,"No",0,2,0,"Occasional",1,74.9,"No",0,7
"1478-VPOAD","Female",40,"No","No",1,1,"5G",0,2,0,"Occasional",1,43.8,"No",0,"Female",40,"No","No",1,1,"5G",0,2,0,"Occasional",1,43.8,"No",0,32
"1480-BKXGA","Male",78,"Yes","No",72,2,"5G",3,3,3,"Occasional",24,116.05,"No",1,"Male",78,"Yes","No",72,2,"5G",3,3,3,"Occasional",24,116.05,"No",1,36
"1480-IVEVR","Male",73,"Yes","No",35,2,"Fiber optic",0,2,0,"Occasional",12,81.6,"No",0,"Male",73,"Yes","No",35,2,"Fiber optic",0,2,0,"Occasional",12,81.6,"No",0,1
"1481-ZUWZA","Male",47,"No","No",28,1,"No",3,2,2,"Frequent",1,94.5,"Yes",0,"Male",47,"No","No",28,1,"No",3,2,2,"Frequent",1,94.5,"Yes",0,NA
"1482-OXZSY","Male",32,"No","No",30,2,"Fiber optic",1,2,3,"Occasional",1,100.4,"No",0,"Male",32,"No","No",30,2,"Fiber optic",1,2,3,"Occasional",1,100.4,"No",0,6
"1485-YDHMM","Male",24,"Yes","Yes",52,2,"Fiber optic",2,3,2,"Occasional",1,93.25,"No",0,"Male",24,"Yes","Yes",52,2,"Fiber optic",2,3,2,"Occasional",1,93.25,"No",0,23
"1488-SYSFC","Male",19,"Yes","Yes",31,1,"No",0,1,0,"Occasional",1,20.65,"No",0,"Male",19,"Yes","Yes",31,1,"No",0,1,0,"Occasional",1,20.65,"No",0,38
"1492-KGETH","Male",23,"Yes","Yes",70,2,"DSL",3,3,2,"Occasional",12,78.35,"No",0,"Male",23,"Yes","Yes",70,2,"DSL",3,3,2,"Occasional",12,78.35,"No",0,19
"1492-QGCLU","Male",65,"No","No",53,2,"5G",1,3,3,"Occasional",1,85.7,"No",0,"Male",65,"No","No",53,2,"5G",1,3,3,"Occasional",1,85.7,"No",0,24
"1493-AMTIE","Male",44,"No","No",1,1,"No",0,1,0,"Occasional",1,20.2,"Yes",0,"Male",44,"No","No",1,1,"No",0,1,0,"Occasional",1,20.2,"Yes",0,NA
"1494-EJZDW","Female",54,"No","No",10,1,"No",0,1,0,"Occasional",24,20.15,"No",0,"Female",54,"No","No",10,1,"No",0,1,0,"Occasional",24,20.15,"No",0,17
"1496-GGSUK","Female",46,"No","No",1,0,"DSL",0,2,0,"Frequent",1,25.7,"Yes",0,"Female",46,"No","No",1,0,"DSL",0,2,0,"Occasional",1,25.7,"Yes",0,NA
"1498-DQNRX","Female",55,"No","No",29,1,"5G",0,1,0,"Occasional",1,19.85,"No",0,"Female",55,"No","No",29,1,"5G",0,1,0,"Occasional",1,19.85,"No",0,10
"1498-NHTLT","Male",34,"Yes","Yes",59,1,"No",3,3,3,"Occasional",24,86.75,"No",0,"Male",34,"Yes","Yes",59,1,"No",3,3,3,"Occasional",24,86.75,"No",0,28
"1501-SGHBW","Male",27,"No","No",2,1,"DSL",0,2,0,"Frequent",1,45.85,"Yes",0,"Male",27,"No","No",2,1,"DSL",0,2,0,"Frequent",1,45.85,"Yes",0,NA
"1502-XFCVR","Female",50,"No","No",58,1,"Fiber optic",3,2,3,"Frequent",12,106.45,"Yes",0,"Female",50,"No","No",58,1,"Fiber optic",3,2,3,"Frequent",12,106.45,"Yes",0,NA
"1508-DFXCU","Male",38,"No","No",12,1,"Fiber optic",0,2,1,"Occasional",1,81.45,"No",0,"Male",38,"No","No",12,1,"Fiber optic",0,2,1,"Occasional",1,81.45,"No",0,14
"1513-XNPPH","Female",48,"No","No",12,1,"No",0,3,2,"Occasional",1,89.4,"Yes",0,"Female",48,"No","No",12,1,"No",0,3,2,"Occasional",1,89.4,"Yes",0,NA
"1518-OMDIK","Male",55,"Yes","No",33,1,"DSL",0,2,0,"Occasional",1,44.55,"No",0,"Male",55,"Yes","No",33,1,"DSL",0,2,0,"Occasional",1,44.55,"No",0,33
"1522-VVDMG","Male",53,"Yes","Yes",7,1,"Fiber optic",2,3,1,"Occasional",1,89.75,"Yes",0,"Male",53,"Yes","Yes",7,1,"Fiber optic",2,3,1,"Occasional",1,89.75,"Yes",0,NA
"1525-LNLOJ","Male",61,"Yes","Yes",66,2,"5G",0,2,1,"Occasional",24,63.3,"No",1,"Male",61,"Yes","Yes",66,2,"5G",0,2,1,"Occasional",24,63.3,"No",1,21
"1527-SXDPN","Male",33,"Yes","Yes",52,2,"Fiber optic",0,3,2,"Occasional",24,96.25,"Yes",0,"Male",33,"Yes","Yes",52,2,"Fiber optic",0,3,2,"Occasional",24,96.25,"Yes",0,NA
"1536-HBSWP","Female",51,"No","No",1,1,"DSL",0,3,0,"Occasional",1,49.9,"No",1,"Female",51,"No","No",1,1,"DSL",0,3,0,"Occasional",1,49.9,"No",1,20
"1541-ETJZO","Male",55,"No","No",1,2,"DSL",0,3,0,"Occasional",1,62.05,"Yes",0,"Male",55,"No","No",1,2,"DSL",0,3,0,"Occasional",1,62.05,"Yes",0,NA
"1543-LLLFT","Male",89,"Yes","No",61,2,"5G",2,3,1,"Occasional",12,98.3,"No",0,"Male",89,"Yes","No",61,2,"5G",2,3,1,"Occasional",12,98.3,"No",0,12
"1545-ACTAS","Female",26,"Yes","Yes",48,1,"Fiber optic",1,2,3,"Occasional",12,99.7,"No",0,"Female",26,"Yes","Yes",48,1,"Fiber optic",1,2,3,"Occasional",12,99.7,"No",0,43
"1545-JFUML","Male",29,"Yes","No",71,2,"Fiber optic",3,2,1,"Occasional",24,99,"No",0,"Male",29,"Yes","No",71,2,"Fiber optic",3,2,1,"Occasional",24,99,"No",0,3
"1548-ARAGG","Female",62,"Yes","Yes",4,2,"DSL",2,3,0,"Occasional",1,58.5,"No",0,"Female",62,"Yes","Yes",4,2,"DSL",2,3,0,"Occasional",1,58.5,"No",0,1
"1550-EENBN","Female",64,"No","No",31,1,"No",3,2,3,"Occasional",1,104.35,"No",0,"Female",64,"No","No",31,1,"No",3,2,3,"Occasional",1,104.35,"No",0,2
"1552-AAGRX","Female",52,"No","No",30,2,"5G",1,3,3,"Occasional",1,106.4,"No",0,"Female",52,"No","No",30,2,"5G",1,3,3,"Occasional",1,106.4,"No",0,36
"1552-CZCLL","Female",20,"Yes","Yes",55,1,"No",0,1,0,"Occasional",1,20,"No",0,"Female",20,"Yes","Yes",55,1,"No",0,1,0,"Occasional",1,20,"No",0,8
"1552-TKMXS","Female",20,"Yes","No",42,1,"No",0,1,0,"Occasional",1,20.35,"No",0,"Female",20,"Yes","No",42,1,"No",0,1,0,"Occasional",1,20.35,"No",0,14
"1555-DJEQW","Female",19,"Yes","Yes",70,2,"Fiber optic",3,3,3,"Occasional",24,114.2,"Yes",0,"Female",19,"Yes","Yes",70,2,"Fiber optic",3,3,3,"Occasional",24,114.2,"Yes",0,NA
"1555-HAPSU","Female",40,"No","No",71,2,"No",0,1,0,"Occasional",24,23.9,"No",0,"Female",40,"No","No",71,2,"No",0,1,0,"Occasional",24,23.9,"No",0,11
"1557-EMYVT","Female",37,"No","No",43,2,"5G",3,3,3,"Occasional",24,115.05,"No",1,"Female",37,"No","No",43,2,"5G",3,3,3,"Occasional",24,115.05,"No",1,59
"1563-IWQEX","Female",20,"No","No",12,1,"5G",0,1,0,"Occasional",1,19.7,"No",1,"Female",20,"No","No",12,1,"5G",0,1,0,"Occasional",1,19.7,"No",1,63
"1564-HJUVY","Male",22,"No","No",4,1,"No",2,3,1,"Occasional",1,63.75,"No",0,"Male",22,"No","No",4,1,"No",2,3,1,"Occasional",1,63.75,"No",0,26
"1567-DSCIC","Male",56,"No","No",8,2,"Fiber optic",2,2,1,"Frequent",1,94,"Yes",0,"Male",56,"No","No",8,2,"Fiber optic",2,2,1,"Frequent",1,94,"Yes",0,NA
"1568-LJSZU","Male",51,"Yes","Yes",68,2,"5G",3,3,3,"Occasional",24,92.2,"No",0,"Male",51,"Yes","Yes",68,2,"5G",3,3,3,"Occasional",24,92.2,"No",0,29
"1569-TTNYJ","Male",21,"Yes","No",5,1,"No",2,2,0,"Frequent",1,78.75,"Yes",0,"Male",21,"Yes","No",5,1,"No",2,2,0,"Frequent",1,78.75,"Yes",0,NA
"1571-SAVHK","Male",33,"No","No",12,2,"5G",0,3,3,"Occasional",1,99.95,"Yes",0,"Male",33,"No","No",12,2,"5G",0,3,3,"Occasional",1,99.95,"Yes",0,NA
"1573-LGXBA","Male",25,"Yes","Yes",57,1,"5G",2,2,3,"Occasional",12,97.55,"No",1,"Male",25,"Yes","Yes",57,1,"5G",2,2,3,"Occasional",12,97.55,"No",1,34
"1574-DYCWE","Female",21,"Yes","Yes",51,1,"No",0,1,0,"Occasional",24,19.95,"No",0,"Female",21,"Yes","Yes",51,1,"No",0,1,0,"Occasional",24,19.95,"No",0,26
"1576-PFZIW","Male",86,"Yes","No",70,1,"Fiber optic",3,2,3,"Occasional",24,105.35,"No",0,"Male",86,"Yes","No",70,1,"Fiber optic",3,2,3,"Occasional",24,105.35,"No",0,24
"1577-HKTFG","Female",62,"No","No",30,1,"No",0,1,0,"Occasional",1,19.65,"Yes",0,"Female",62,"No","No",30,1,"No",0,1,0,"Occasional",1,19.65,"Yes",0,NA
"1582-RAFML","Male",41,"No","No",1,2,"DSL",2,3,0,"Occasional",1,60.1,"Yes",0,"Male",41,"No","No",1,2,"DSL",2,3,0,"Occasional",1,60.1,"Yes",0,NA
"1583-IHQZE","Male",51,"No","No",12,2,"5G",2,3,3,"Occasional",1,112.95,"Yes",0,"Male",51,"No","No",12,2,"5G",2,3,3,"Occasional",1,112.95,"Yes",0,NA
"1589-AGTLK","Male",19,"No","No",3,1,"5G",0,2,0,"Occasional",1,45.35,"Yes",1,"Male",19,"No","No",3,1,"5G",0,2,0,"Frequent",1,45.35,"Yes",1,NA
"1591-MQJTP","Male",68,"Yes","No",51,2,"Fiber optic",1,2,2,"Occasional",12,93.65,"No",0,"Male",68,"Yes","No",51,2,"Fiber optic",1,2,2,"Occasional",12,93.65,"No",0,15
"1591-NFNLQ","Male",27,"No","No",51,1,"No",0,2,0,"Frequent",1,80,"Yes",0,"Male",27,"No","No",51,1,"No",0,2,0,"Frequent",1,80,"Yes",0,NA
"1596-OQSPS","Female",49,"No","No",11,1,"DSL",2,2,0,"Occasional",1,51.1,"No",0,"Female",49,"No","No",11,1,"DSL",2,2,0,"Occasional",1,51.1,"No",0,25
"1597-FZREH","Female",43,"No","No",2,1,"DSL",0,3,3,"Occasional",1,76.4,"Yes",0,"Female",43,"No","No",2,1,"DSL",0,3,3,"Occasional",1,76.4,"Yes",0,NA
"1599-EAHXY","Male",42,"No","No",60,1,"No",0,1,0,"Occasional",12,23.95,"No",0,"Male",42,"No","No",60,1,"No",0,1,0,"Occasional",12,23.95,"No",0,26
"1599-MMYRQ","Male",43,"Yes","Yes",62,1,"Fiber optic",3,2,0,"Occasional",12,81.45,"No",0,"Male",43,"Yes","Yes",62,1,"Fiber optic",3,2,0,"Occasional",12,81.45,"No",0,30
"1608-GMEWB","Male",76,"No","No",45,2,"Fiber optic",0,2,3,"Occasional",1,93.9,"No",0,"Male",76,"No","No",45,2,"Fiber optic",0,2,3,"Occasional",1,93.9,"No",0,30
"1614-JBEBI","Female",21,"No","No",8,2,"No",0,1,0,"Occasional",1,20.7,"No",0,"Female",21,"No","No",8,2,"No",0,1,0,"Occasional",1,20.7,"No",0,14
"1618-CFHME","Female",51,"No","No",2,2,"5G",0,2,0,"Frequent",1,75.9,"Yes",0,"Female",51,"No","No",2,2,"5G",0,2,0,"Frequent",1,75.9,"Yes",0,NA
"1619-YWUBB","Female",56,"No","No",68,2,"No",0,1,0,"Occasional",24,24.95,"No",0,"Female",56,"No","No",68,2,"No",0,1,0,"Occasional",24,24.95,"No",0,6
"1623-NLDOT","Female",47,"No","No",42,0,"5G",2,3,0,"Occasional",12,33.55,"Yes",0,"Female",47,"No","No",42,0,"5G",2,3,0,"Occasional",12,33.55,"Yes",0,NA
"1624-NALOJ","Male",65,"No","No",5,2,"Fiber optic",2,2,2,"Frequent",1,89.8,"Yes",0,"Male",65,"No","No",5,2,"Fiber optic",2,2,2,"Frequent",1,89.8,"Yes",0,NA
"1626-ERCMM","Male",89,"Yes","No",20,2,"5G",0,2,3,"Occasional",1,94.55,"Yes",1,"Male",89,"Yes","No",20,2,"5G",0,2,3,"Frequent",1,94.55,"Yes",1,NA
"1627-AFWVJ","Female",38,"No","No",29,1,"No",0,1,0,"Occasional",24,19.4,"No",0,"Female",38,"No","No",29,1,"No",0,1,0,"Occasional",24,19.4,"No",0,27
"1635-FJFCC","Female",38,"No","No",5,1,"5G",0,2,0,"Occasional",1,44.05,"No",1,"Female",38,"No","No",5,1,"5G",0,2,0,"Occasional",1,44.05,"No",1,21
"1640-PLFMP","Female",49,"No","No",1,1,"No",0,2,0,"Occasional",1,70.25,"No",0,"Female",49,"No","No",1,1,"No",0,2,0,"Occasional",1,70.25,"No",0,5
"1641-BYBTK","Male",19,"No","Yes",6,1,"5G",0,1,0,"Occasional",1,20.2,"No",0,"Male",19,"No","Yes",6,1,"5G",0,1,0,"Occasional",1,20.2,"No",0,13
"1642-HMARX","Female",50,"Yes","No",68,1,"No",3,3,3,"Occasional",24,91.7,"No",0,"Female",50,"Yes","No",68,1,"No",3,3,3,"Occasional",24,91.7,"No",0,35
"1644-IRKSF","Female",37,"Yes","Yes",33,1,"Fiber optic",0,2,3,"Frequent",12,93.8,"Yes",0,"Female",37,"Yes","Yes",33,1,"Fiber optic",0,2,3,"Frequent",12,93.8,"Yes",0,NA
"1657-DYMBM","Male",38,"No","No",53,1,"5G",0,1,0,"Occasional",24,19.9,"No",0,"Male",38,"No","No",53,1,"5G",0,1,0,"Occasional",24,19.9,"No",0,39
"1658-BYGOY","Male",89,"No","No",18,2,"5G",0,2,3,"Occasional",1,95.45,"Yes",1,"Male",89,"No","No",18,2,"5G",0,2,3,"Frequent",1,95.45,"Yes",1,NA
"1658-TJVOA","Female",70,"No","No",6,1,"No",1,2,0,"Occasional",1,74.1,"No",0,"Female",70,"No","No",6,1,"No",1,2,0,"Occasional",1,74.1,"No",0,3
"1658-XUHBX","Female",84,"Yes","Yes",59,2,"Fiber optic",0,2,2,"Occasional",1,88.75,"No",0,"Female",84,"Yes","Yes",59,2,"Fiber optic",0,2,2,"Occasional",1,88.75,"No",0,34
"1663-MHLHE","Male",49,"No","No",1,1,"5G",0,1,0,"Occasional",1,19.2,"No",0,"Male",49,"No","No",1,1,"5G",0,1,0,"Occasional",1,19.2,"No",0,4
"1666-JXLKU","Female",34,"No","No",37,1,"No",0,2,3,"Occasional",1,100.05,"No",0,"Female",34,"No","No",37,1,"No",0,2,3,"Occasional",1,100.05,"No",0,21
"1666-JZPZT","Male",22,"No","No",27,2,"5G",0,2,0,"Occasional",1,49,"No",0,"Male",22,"No","No",27,2,"5G",0,2,0,"Occasional",1,49,"No",0,13
"1670-SVOWZ","Female",20,"Yes","Yes",14,1,"Fiber optic",2,3,2,"Occasional",1,89.65,"Yes",0,"Female",20,"Yes","Yes",14,1,"Fiber optic",2,3,2,"Occasional",1,89.65,"Yes",0,NA
"1678-FYZOW","Female",62,"No","No",3,1,"Fiber optic",0,2,1,"Occasional",1,79.4,"Yes",0,"Female",62,"No","No",3,1,"Fiber optic",0,2,1,"Frequent",1,79.4,"Yes",0,NA
"1679-JRFBR","Female",51,"Yes","Yes",70,2,"5G",3,2,3,"Occasional",12,108.15,"No",1,"Female",51,"Yes","Yes",70,2,"5G",3,2,3,"Occasional",12,108.15,"No",1,64
"1680-VDCWW","Male",49,"No","No",12,1,"5G",0,1,0,"Frequent",12,19.8,"No",1,"Male",49,"No","No",12,1,"5G",0,1,0,"Occasional",12,19.8,"No",1,70
"1682-VCOIO","Male",19,"No","No",23,1,"No",0,1,0,"Occasional",12,20.45,"No",0,"Male",19,"No","No",23,1,"No",0,1,0,"Occasional",12,20.45,"No",0,43
"1684-FLBGS","Female",48,"Yes","Yes",23,2,"DSL",2,3,1,"Occasional",1,69.5,"No",0,"Female",48,"Yes","Yes",23,2,"DSL",2,3,1,"Occasional",1,69.5,"No",0,7
"1685-BQULA","Female",47,"No","No",40,2,"Fiber optic",2,2,1,"Occasional",1,93.4,"No",0,"Female",47,"No","No",40,2,"Fiber optic",2,2,1,"Occasional",1,93.4,"No",0,40
"1686-STUHN","Male",43,"No","No",42,1,"No",0,1,0,"Occasional",12,19.8,"No",0,"Male",43,"No","No",42,1,"No",0,1,0,"Occasional",12,19.8,"No",0,30
"1689-YQBYY","Female",42,"No","Yes",12,2,"Fiber optic",0,2,0,"Occasional",1,76.6,"No",0,"Female",42,"No","Yes",12,2,"Fiber optic",0,2,0,"Occasional",1,76.6,"No",0,19
"1696-HXOWK","Female",47,"Yes","No",71,2,"Fiber optic",3,2,1,"Occasional",12,95.65,"No",0,"Female",47,"Yes","No",71,2,"Fiber optic",3,2,1,"Occasional",12,95.65,"No",0,23
"1696-MZVAU","Male",48,"No","No",39,0,"5G",0,2,0,"Occasional",12,25.25,"No",0,"Male",48,"No","No",39,0,"5G",0,2,0,"Occasional",12,25.25,"No",0,28
"1697-BCSHV","Female",40,"Yes","Yes",58,2,"DSL",2,2,1,"Occasional",1,66.8,"No",0,"Female",40,"Yes","Yes",58,2,"DSL",2,2,1,"Occasional",1,66.8,"No",0,1
"1697-LYYYX","Female",64,"No","No",61,1,"No",0,1,0,"Occasional",12,19.1,"No",0,"Female",64,"No","No",61,1,"No",0,1,0,"Occasional",12,19.1,"No",0,38
"1697-NVVGY","Male",84,"Yes","No",19,1,"DSL",1,2,1,"Occasional",1,66.4,"No",0,"Male",84,"Yes","No",19,1,"DSL",1,2,1,"Occasional",1,66.4,"No",0,8
"1698-XFZCI","Male",45,"No","No",61,1,"No",3,2,3,"Occasional",12,107.75,"No",0,"Male",45,"No","No",61,1,"No",3,2,3,"Occasional",12,107.75,"No",0,42
"1699-HPSBG","Male",56,"No","No",12,1,"DSL",0,3,1,"Occasional",12,59.8,"Yes",0,"Male",56,"No","No",12,1,"DSL",0,3,1,"Occasional",12,59.8,"Yes",0,NA
"1699-TLDLZ","Female",52,"No","No",16,1,"No",0,1,0,"Occasional",24,19.7,"No",0,"Female",52,"No","No",16,1,"No",0,1,0,"Occasional",24,19.7,"No",0,15
"1702-CCFNJ","Male",43,"Yes","No",52,2,"5G",2,3,0,"Occasional",1,61.35,"No",0,"Male",43,"Yes","No",52,2,"5G",2,3,0,"Occasional",1,61.35,"No",0,33
"1704-NRWYE","Female",68,"No","No",9,1,"Fiber optic",0,2,1,"Frequent",1,80.85,"Yes",0,"Female",68,"No","No",9,1,"Fiber optic",0,2,1,"Frequent",1,80.85,"Yes",0,NA
"1705-GUHPV","Female",46,"No","No",63,2,"No",0,1,0,"Occasional",24,24.2,"No",0,"Female",46,"No","No",63,2,"No",0,1,0,"Occasional",24,24.2,"No",0,35
"1707-HABPF","Female",65,"No","No",46,1,"Fiber optic",2,2,1,"Occasional",12,91.3,"No",0,"Female",65,"No","No",46,1,"Fiber optic",2,2,1,"Occasional",12,91.3,"No",0,31
"1708-PBBOA","Female",47,"No","No",42,0,"5G",3,3,2,"Occasional",12,54.75,"No",1,"Female",47,"No","No",42,0,"5G",3,3,2,"Occasional",12,54.75,"No",1,36
"1709-EJDOX","Female",48,"No","No",47,1,"No",0,1,0,"Occasional",24,19.75,"No",0,"Female",48,"No","No",47,1,"No",0,1,0,"Occasional",24,19.75,"No",0,27
"1710-RCXUS","Male",51,"Yes","No",51,2,"5G",2,2,2,"Occasional",12,90.35,"No",1,"Male",51,"Yes","No",51,2,"5G",2,2,2,"Occasional",12,90.35,"No",1,26
"1716-LSAMB","Male",20,"Yes","Yes",45,1,"DSL",1,3,0,"Occasional",24,54.65,"No",0,"Male",20,"Yes","Yes",45,1,"DSL",1,3,0,"Occasional",24,54.65,"No",0,41
"1722-LDZJS","Male",19,"Yes","Yes",53,1,"No",0,1,0,"Occasional",12,20.2,"No",0,"Male",19,"Yes","Yes",53,1,"No",0,1,0,"Occasional",12,20.2,"No",0,32
"1723-HKXJQ","Male",61,"No","No",42,2,"Fiber optic",2,2,3,"Frequent",1,101.75,"Yes",0,"Male",61,"No","No",42,2,"Fiber optic",2,2,3,"Frequent",1,101.75,"Yes",0,NA
"1724-IQWNM","Male",44,"No","No",1,1,"No",0,1,0,"Occasional",1,19.3,"No",0,"Male",44,"No","No",1,1,"No",0,1,0,"Occasional",1,19.3,"No",0,20
"1725-MIMXW","Male",21,"No","Yes",1,1,"5G",0,1,0,"Occasional",1,19.45,"Yes",0,"Male",21,"No","Yes",1,1,"5G",0,1,0,"Occasional",1,19.45,"Yes",0,NA
"1728-BQDMA","Female",42,"No","No",2,1,"DSL",0,2,0,"Occasional",1,44.45,"No",0,"Female",42,"No","No",2,1,"DSL",0,2,0,"Occasional",1,44.45,"No",0,18
"1728-CXQBE","Male",70,"Yes","No",64,2,"DSL",2,2,2,"Occasional",1,94.25,"No",0,"Male",70,"Yes","No",64,2,"DSL",2,2,2,"Occasional",1,94.25,"No",0,6
"1729-VLAZJ","Female",64,"No","Yes",10,0,"DSL",3,3,0,"Occasional",12,40.25,"No",0,"Female",64,"No","Yes",10,0,"DSL",3,3,0,"Occasional",12,40.25,"No",0,9
"1730-VFMWO","Female",26,"Yes","No",34,1,"5G",0,3,0,"Occasional",1,50.2,"No",0,"Female",26,"Yes","No",34,1,"5G",0,3,0,"Occasional",1,50.2,"No",0,34
"1730-ZMAME","Female",73,"No","No",32,1,"Fiber optic",0,2,2,"Occasional",1,79.5,"No",0,"Female",73,"No","No",32,1,"Fiber optic",0,2,2,"Occasional",1,79.5,"No",0,33
"1731-TVIUK","Female",32,"No","No",4,2,"Fiber optic",2,3,2,"Occasional",1,93.5,"Yes",0,"Female",32,"No","No",4,2,"Fiber optic",2,3,2,"Occasional",1,93.5,"Yes",0,NA
"1732-FEKLD","Female",50,"No","No",54,2,"Fiber optic",2,2,1,"Occasional",12,94.75,"No",0,"Female",50,"No","No",54,2,"Fiber optic",2,2,1,"Occasional",12,94.75,"No",0,32
"1734-ZMNTZ","Female",22,"Yes","Yes",11,2,"No",0,1,0,"Occasional",24,25,"No",0,"Female",22,"Yes","Yes",11,2,"No",0,1,0,"Occasional",24,25,"No",0,4
"1744-JHKYS","Female",62,"No","No",34,2,"5G",0,1,0,"Occasional",1,24.7,"No",1,"Female",62,"No","No",34,2,"5G",0,1,0,"Occasional",1,24.7,"No",1,59
"1746-TGTWV","Male",37,"Yes","No",1,1,"Fiber optic",0,2,0,"Occasional",1,75.35,"No",0,"Male",37,"Yes","No",1,1,"Fiber optic",0,2,0,"Occasional",1,75.35,"No",0,10
"1750-CSKKM","Male",49,"No","Yes",9,1,"DSL",0,2,1,"Frequent",1,55.35,"Yes",0,"Male",49,"No","Yes",9,1,"DSL",0,2,1,"Occasional",1,55.35,"Yes",0,NA
"1751-NCDLI","Male",70,"Yes","No",46,2,"5G",0,2,3,"Occasional",1,98.85,"No",0,"Male",70,"Yes","No",46,2,"5G",0,2,3,"Occasional",1,98.85,"No",0,6
"1754-GKYPY","Male",87,"Yes","No",22,1,"Fiber optic",0,2,3,"Occasional",1,89.75,"No",0,"Male",87,"Yes","No",22,1,"Fiber optic",0,2,3,"Occasional",1,89.75,"No",0,3
"1755-FZQEC","Male",42,"No","No",39,1,"No",0,1,0,"Occasional",12,19.9,"No",0,"Male",42,"No","No",39,1,"No",0,1,0,"Occasional",12,19.9,"No",0,16
"1755-RMCXH","Male",47,"No","No",2,1,"No",0,1,0,"Occasional",1,20.3,"No",0,"Male",47,"No","No",2,1,"No",0,1,0,"Occasional",1,20.3,"No",0,30
"1757-TCATG","Male",35,"No","No",35,1,"No",0,1,0,"Occasional",12,20.05,"No",0,"Male",35,"No","No",35,1,"No",0,1,0,"Occasional",12,20.05,"No",0,35
"1760-CAZHT","Male",50,"No","No",25,1,"No",0,1,0,"Occasional",1,20.8,"No",0,"Male",50,"No","No",25,1,"No",0,1,0,"Occasional",1,20.8,"No",0,29
"1763-WQFUK","Male",22,"No","No",3,1,"5G",0,3,0,"Occasional",1,50.5,"No",0,"Male",22,"No","No",3,1,"5G",0,3,0,"Occasional",1,50.5,"No",0,15
"1764-VUUMT","Male",59,"No","No",66,1,"DSL",0,1,0,"Occasional",24,19.95,"No",1,"Male",59,"No","No",66,1,"DSL",0,1,0,"Occasional",24,19.95,"No",1,24
"1766-GKNMI","Male",50,"No","No",29,2,"5G",0,2,2,"Occasional",1,84.9,"No",1,"Male",50,"No","No",29,2,"5G",0,2,2,"Occasional",1,84.9,"No",1,18
"1767-CJKBA","Male",47,"No","No",66,2,"5G",0,1,0,"Occasional",24,25.1,"No",0,"Male",47,"No","No",66,2,"5G",0,1,0,"Occasional",24,25.1,"No",0,9
"1767-TGTKO","Female",24,"Yes","Yes",8,1,"DSL",0,2,0,"Occasional",1,45.45,"No",0,"Female",24,"Yes","Yes",8,1,"DSL",0,2,0,"Occasional",1,45.45,"No",0,11
"1768-ZAIFU","Female",66,"No","No",1,0,"5G",0,2,0,"Frequent",1,25.2,"Yes",0,"Female",66,"No","No",1,0,"5G",0,2,0,"Frequent",1,25.2,"Yes",0,NA
"1775-KWJKQ","Male",56,"Yes","Yes",72,2,"5G",3,3,3,"Occasional",24,89.85,"No",1,"Male",56,"Yes","Yes",72,2,"5G",3,3,3,"Occasional",24,89.85,"No",1,42
"1777-JYQPJ","Male",19,"No","No",2,1,"No",0,2,0,"Occasional",1,24.3,"No",0,"Male",19,"No","No",2,1,"No",0,2,0,"Occasional",1,24.3,"No",0,37
"1784-BXEFA","Female",53,"No","No",10,1,"DSL",0,1,0,"Occasional",1,20.55,"No",0,"Female",53,"No","No",10,1,"DSL",0,1,0,"Occasional",1,20.55,"No",0,13
"1784-EZDKJ","Male",22,"Yes","No",51,2,"5G",2,2,3,"Occasional",12,106.8,"No",0,"Male",22,"Yes","No",51,2,"5G",2,2,3,"Occasional",12,106.8,"No",0,31
"1785-BPHTP","Male",50,"Yes","Yes",28,1,"Fiber optic",0,2,1,"Occasional",1,85.45,"No",0,"Male",50,"Yes","Yes",28,1,"Fiber optic",0,2,1,"Occasional",1,85.45,"No",0,19
"1790-NESIO","Female",46,"No","No",13,1,"No",0,1,0,"Occasional",24,20.4,"No",0,"Female",46,"No","No",13,1,"No",0,1,0,"Occasional",24,20.4,"No",0,29
"1791-PQHBB","Female",55,"No","Yes",2,1,"DSL",1,2,2,"Occasional",1,61.2,"No",0,"Female",55,"No","Yes",2,1,"DSL",1,2,2,"Occasional",1,61.2,"No",0,17
"1792-UXAFY","Female",83,"No","No",17,1,"Fiber optic",2,2,1,"Frequent",1,89.15,"Yes",0,"Female",83,"No","No",17,1,"Fiber optic",2,2,1,"Frequent",1,89.15,"Yes",0,NA
"1794-HBQTJ","Female",37,"No","No",1,1,"DSL",1,2,0,"Frequent",1,48.6,"Yes",0,"Female",37,"No","No",1,1,"DSL",1,2,0,"Frequent",1,48.6,"Yes",0,NA
"1794-SWWKL","Male",54,"Yes","Yes",15,2,"DSL",0,3,0,"Occasional",1,59.65,"No",0,"Male",54,"Yes","Yes",15,2,"DSL",0,3,0,"Occasional",1,59.65,"No",0,22
"1796-JANOW","Female",60,"No","No",2,1,"No",0,1,0,"Occasional",1,19.95,"No",0,"Female",60,"No","No",2,1,"No",0,1,0,"Occasional",1,19.95,"No",0,16
"1809-DMJHQ","Female",50,"No","Yes",5,1,"DSL",0,2,0,"Frequent",1,46,"Yes",0,"Female",50,"No","Yes",5,1,"DSL",0,2,0,"Frequent",1,46,"Yes",0,NA
"1810-BOHSY","Male",27,"Yes","No",51,1,"No",3,2,2,"Occasional",12,96.4,"No",0,"Male",27,"Yes","No",51,1,"No",3,2,2,"Occasional",12,96.4,"No",0,7
"1810-MVMAI","Male",63,"Yes","Yes",30,1,"DSL",3,3,0,"Occasional",1,67.6,"No",0,"Male",63,"Yes","Yes",30,1,"DSL",3,3,0,"Occasional",1,67.6,"No",0,9
"1813-JLKWR","Female",20,"Yes","Yes",64,1,"5G",0,1,0,"Occasional",12,19.8,"No",0,"Female",20,"Yes","Yes",64,1,"5G",0,1,0,"Occasional",12,19.8,"No",0,42
"1813-JYWTO","Female",25,"Yes","No",72,2,"Fiber optic",1,2,0,"Occasional",24,80.45,"No",0,"Female",25,"Yes","No",72,2,"Fiber optic",1,2,0,"Occasional",24,80.45,"No",0,5
"1818-ESQMW","Female",38,"No","No",27,1,"Fiber optic",0,3,2,"Occasional",1,89.2,"No",0,"Female",38,"No","No",27,1,"Fiber optic",0,3,2,"Occasional",1,89.2,"No",0,6
"1820-DJFPH","Female",20,"Yes","Yes",72,2,"No",0,1,0,"Occasional",24,24.05,"No",0,"Female",20,"Yes","Yes",72,2,"No",0,1,0,"Occasional",24,24.05,"No",0,16
"1820-TQVEV","Male",58,"No","No",1,1,"5G",0,2,0,"Occasional",1,69.55,"Yes",1,"Male",58,"No","No",1,1,"5G",0,2,0,"Frequent",1,69.55,"Yes",1,NA
"1821-BUCWY","Male",60,"No","No",30,2,"No",1,2,0,"Occasional",24,55.65,"No",0,"Male",60,"No","No",30,2,"No",1,2,0,"Occasional",24,55.65,"No",0,9
"1830-GGFNM","Male",41,"Yes","Yes",65,2,"5G",3,3,0,"Occasional",24,94.55,"No",0,"Male",41,"Yes","Yes",65,2,"5G",3,3,0,"Occasional",24,94.55,"No",0,17
"1830-IPXVJ","Female",39,"No","No",61,1,"No",0,1,0,"Occasional",24,19.75,"No",0,"Female",39,"No","No",61,1,"No",0,1,0,"Occasional",24,19.75,"No",0,10
"1832-PEUTS","Male",50,"No","No",62,2,"Fiber optic",0,2,1,"Occasional",24,89.1,"No",0,"Male",50,"No","No",62,2,"Fiber optic",0,2,1,"Occasional",24,89.1,"No",0,6
"1833-TCXKK","Male",61,"Yes","No",45,2,"Fiber optic",2,2,3,"Occasional",1,107.75,"No",0,"Male",61,"Yes","No",45,2,"Fiber optic",2,2,3,"Occasional",1,107.75,"No",0,21
"1833-VGRUM","Female",77,"No","No",1,2,"Fiber optic",0,2,0,"Frequent",1,74.2,"Yes",0,"Female",77,"No","No",1,2,"Fiber optic",0,2,0,"Frequent",1,74.2,"Yes",0,NA
"1834-WULEG","Male",22,"Yes","Yes",24,1,"No",0,1,0,"Occasional",12,20.25,"No",0,"Male",22,"Yes","Yes",24,1,"No",0,1,0,"Occasional",12,20.25,"No",0,14
"1837-YQUCE","Female",49,"No","No",70,1,"No",1,3,3,"Occasional",24,58.35,"No",0,"Female",49,"No","No",70,1,"No",1,3,3,"Occasional",24,58.35,"No",0,25
"1839-FBNFR","Female",40,"No","No",39,1,"5G",0,1,0,"Occasional",24,19.85,"No",0,"Female",40,"No","No",39,1,"5G",0,1,0,"Occasional",24,19.85,"No",0,44
"1839-UMACK","Male",39,"No","No",42,2,"5G",0,1,0,"Occasional",12,25.05,"No",0,"Male",39,"No","No",42,2,"5G",0,1,0,"Occasional",12,25.05,"No",0,32
"1840-BIUOG","Male",47,"No","No",20,2,"DSL",2,3,1,"Occasional",12,68.7,"No",0,"Male",47,"No","No",20,2,"DSL",2,3,1,"Occasional",12,68.7,"No",0,19
"1841-YSJGV","Male",49,"Yes","No",72,2,"Fiber optic",3,3,3,"Occasional",24,109.95,"No",0,"Male",49,"Yes","No",72,2,"Fiber optic",3,3,3,"Occasional",24,109.95,"No",0,42
"1842-EZJMK","Male",57,"Yes","Yes",50,2,"Fiber optic",2,3,3,"Occasional",1,103.7,"Yes",0,"Male",57,"Yes","Yes",50,2,"Fiber optic",2,3,3,"Occasional",1,103.7,"Yes",0,NA
"1843-TLSGD","Female",56,"No","No",13,1,"No",0,1,0,"Occasional",24,20.85,"No",0,"Female",56,"No","No",13,1,"No",0,1,0,"Occasional",24,20.85,"No",0,42
"1845-CSBRZ","Female",66,"Yes","Yes",22,2,"5G",0,2,1,"Occasional",1,85.35,"No",0,"Female",66,"Yes","Yes",22,2,"5G",0,2,1,"Occasional",1,85.35,"No",0,5
"1845-ZLLIG","Male",32,"No","No",1,1,"No",2,2,0,"Occasional",1,50.15,"No",0,"Male",32,"No","No",1,1,"No",2,2,0,"Occasional",1,50.15,"No",0,25
"1846-XWOQN","Female",65,"No","No",1,1,"5G",0,2,0,"Frequent",1,70.15,"Yes",0,"Female",65,"No","No",1,1,"5G",0,2,0,"Frequent",1,70.15,"Yes",0,NA
"1848-LBZHY","Female",37,"Yes","No",7,1,"DSL",1,2,0,"Occasional",1,50.3,"No",0,"Female",37,"Yes","No",7,1,"DSL",1,2,0,"Occasional",1,50.3,"No",0,16
"1850-AKQEP","Male",55,"No","No",8,1,"No",0,1,0,"Occasional",1,20.35,"No",0,"Male",55,"No","No",8,1,"No",0,1,0,"Occasional",1,20.35,"No",0,45
"1852-XEMDW","Male",19,"No","No",22,2,"DSL",3,2,0,"Occasional",1,65.05,"No",0,"Male",19,"No","No",22,2,"DSL",3,2,0,"Occasional",1,65.05,"No",0,22
"1853-ARAAQ","Female",43,"No","No",26,0,"5G",0,2,3,"Occasional",1,50.35,"No",1,"Female",43,"No","No",26,0,"5G",0,2,3,"Occasional",1,50.35,"No",1,38
"1853-UDXBW","Male",36,"Yes","Yes",1,1,"Fiber optic",0,2,0,"Frequent",1,70,"Yes",0,"Male",36,"Yes","Yes",1,1,"Fiber optic",0,2,0,"Frequent",1,70,"Yes",0,NA
"1855-AGAWH","Male",61,"Yes","No",31,1,"No",0,2,3,"Occasional",12,93.8,"No",0,"Male",61,"Yes","No",31,1,"No",0,2,3,"Occasional",12,93.8,"No",0,16
"1855-CFULU","Female",81,"No","No",4,1,"No",0,1,0,"Occasional",1,20.05,"No",0,"Female",81,"No","No",4,1,"No",0,1,0,"Occasional",1,20.05,"No",0,8
"1862-QRWPE","Female",53,"No","No",48,1,"5G",0,1,0,"Occasional",24,20.65,"No",1,"Female",53,"No","No",48,1,"5G",0,1,0,"Occasional",24,20.65,"No",1,58
"1866-NXPSP","Female",28,"No","No",36,1,"5G",3,3,2,"Occasional",12,75.55,"No",0,"Female",28,"No","No",36,1,"5G",3,3,2,"Occasional",12,75.55,"No",0,33
"1866-OBPNR","Male",36,"No","No",1,1,"5G",2,2,0,"Occasional",1,74.6,"No",0,"Male",36,"No","No",1,1,"5G",2,2,0,"Occasional",1,74.6,"No",0,39
"1866-RZZQS","Male",69,"No","No",41,2,"Fiber optic",0,2,3,"Frequent",1,98.4,"Yes",0,"Male",69,"No","No",41,2,"Fiber optic",0,2,3,"Frequent",1,98.4,"Yes",0,NA
"1867-BDVFH","Male",33,"Yes","Yes",11,2,"Fiber optic",0,2,0,"Frequent",1,74.35,"Yes",0,"Male",33,"Yes","Yes",11,2,"Fiber optic",0,2,0,"Frequent",1,74.35,"Yes",0,NA
"1872-EBWSC","Female",57,"No","No",29,1,"No",0,1,0,"Occasional",12,20.35,"No",0,"Female",57,"No","No",29,1,"No",0,1,0,"Occasional",12,20.35,"No",0,37
"1875-QIVME","Female",49,"Yes","No",2,2,"5G",0,3,3,"Occasional",1,104.4,"Yes",1,"Female",49,"Yes","No",2,2,"5G",0,3,3,"Occasional",1,104.4,"Yes",1,NA
"1877-HKBQX","Female",27,"No","No",11,2,"No",1,3,0,"Occasional",12,54.6,"No",0,"Female",27,"No","No",11,2,"No",1,3,0,"Occasional",12,54.6,"No",0,14
"1891-FZYSA","Male",85,"Yes","No",69,1,"No",2,2,1,"Frequent",1,89.95,"Yes",0,"Male",85,"Yes","No",69,1,"No",2,2,1,"Frequent",1,89.95,"Yes",0,NA
"1891-QRQSA","Male",77,"Yes","Yes",64,2,"5G",1,3,3,"Occasional",24,111.6,"No",1,"Male",77,"Yes","Yes",64,2,"5G",1,3,3,"Occasional",24,111.6,"No",1,58
"1891-UAWWU","Female",84,"Yes","No",20,2,"Fiber optic",0,2,1,"Occasional",1,90.8,"Yes",0,"Female",84,"Yes","No",20,2,"Fiber optic",0,2,1,"Frequent",1,90.8,"Yes",0,NA
"1894-IGFSG","Female",26,"No","No",22,1,"5G",0,2,3,"Occasional",1,89.25,"Yes",1,"Female",26,"No","No",22,1,"5G",0,2,3,"Frequent",1,89.25,"Yes",1,NA
"1897-OKVMW","Female",61,"Yes","Yes",64,1,"No",3,3,3,"Occasional",24,90.6,"No",0,"Female",61,"Yes","Yes",64,1,"No",3,3,3,"Occasional",24,90.6,"No",0,23
"1898-JSNDC","Female",37,"No","No",39,1,"No",2,2,1,"Occasional",12,58.6,"No",0,"Female",37,"No","No",39,1,"No",2,2,1,"Occasional",12,58.6,"No",0,36
"1899-VXWXM","Male",35,"No","No",48,2,"5G",2,2,3,"Frequent",12,106.1,"Yes",0,"Male",35,"No","No",48,2,"5G",2,2,3,"Frequent",12,106.1,"Yes",0,NA
"1904-WAJAA","Female",21,"Yes","Yes",24,2,"DSL",3,2,0,"Occasional",24,64.35,"No",0,"Female",21,"Yes","Yes",24,2,"DSL",3,2,0,"Occasional",24,64.35,"No",0,20
"1905-OEILC","Female",36,"No","No",1,1,"No",0,1,0,"Occasional",1,19.5,"No",0,"Female",36,"No","No",1,1,"No",0,1,0,"Occasional",1,19.5,"No",0,14
"1907-UBQFC","Male",84,"No","No",10,1,"5G",2,2,0,"Occasional",1,72.85,"Yes",1,"Male",84,"No","No",10,1,"5G",2,2,0,"Frequent",1,72.85,"Yes",1,NA
"1910-FMXJM","Female",36,"No","No",36,1,"5G",0,2,2,"Occasional",1,80.4,"No",1,"Female",36,"No","No",36,1,"5G",0,2,2,"Occasional",1,80.4,"No",1,45
"1915-IOFGU","Female",63,"No","No",1,1,"Fiber optic",0,2,0,"Frequent",1,70.5,"Yes",0,"Female",63,"No","No",1,1,"Fiber optic",0,2,0,"Frequent",1,70.5,"Yes",0,NA
"1915-OAKWD","Female",35,"No","No",16,1,"5G",0,1,0,"Occasional",12,19.3,"No",0,"Female",35,"No","No",16,1,"5G",0,1,0,"Occasional",12,19.3,"No",0,19
"1918-ZBFQJ","Female",35,"No","No",13,1,"5G",2,2,0,"Frequent",1,79.25,"Yes",1,"Female",35,"No","No",13,1,"5G",2,2,0,"Frequent",1,79.25,"Yes",1,NA
"1919-RTPQD","Male",61,"Yes","Yes",7,1,"DSL",0,2,0,"Occasional",1,44.75,"No",0,"Male",61,"Yes","Yes",7,1,"DSL",0,2,0,"Occasional",1,44.75,"No",0,39
"1921-KYSAY","Female",37,"No","No",41,2,"5G",0,3,2,"Occasional",12,68.6,"No",0,"Female",37,"No","No",41,2,"5G",0,3,2,"Occasional",12,68.6,"No",0,5
"1925-GMVBW","Female",20,"No","No",5,1,"5G",0,1,0,"Occasional",1,20.55,"No",0,"Female",20,"No","No",5,1,"5G",0,1,0,"Occasional",1,20.55,"No",0,6
"1925-LFCZZ","Male",75,"No","No",55,0,"DSL",0,2,3,"Occasional",12,50.05,"No",0,"Male",75,"No","No",55,0,"DSL",0,2,3,"Occasional",12,50.05,"No",0,37
"1925-TIBLE","Female",37,"Yes","No",7,2,"Fiber optic",0,2,1,"Occasional",1,86.5,"Yes",0,"Female",37,"Yes","No",7,2,"Fiber optic",0,2,1,"Occasional",1,86.5,"Yes",0,NA
"1927-QEWMY","Female",52,"No","No",72,1,"5G",0,1,0,"Occasional",24,20.5,"No",0,"Female",52,"No","No",72,1,"5G",0,1,0,"Occasional",24,20.5,"No",0,6
"1928-BXYIV","Male",37,"No","No",1,2,"DSL",3,2,0,"Occasional",1,61.15,"No",0,"Male",37,"No","No",1,2,"DSL",3,2,0,"Occasional",1,61.15,"No",0,34
"1929-ZCBHE","Male",60,"Yes","Yes",47,0,"DSL",1,3,0,"Occasional",12,40.3,"No",0,"Male",60,"Yes","Yes",47,0,"DSL",1,3,0,"Occasional",12,40.3,"No",0,28
"1930-BZLHI","Male",50,"No","No",21,1,"No",0,1,0,"Occasional",12,20.35,"No",0,"Male",50,"No","No",21,1,"No",0,1,0,"Occasional",12,20.35,"No",0,37
"1930-QPBVZ","Male",25,"Yes","Yes",68,1,"No",3,3,2,"Occasional",24,95.1,"No",0,"Male",25,"Yes","Yes",68,1,"No",3,3,2,"Occasional",24,95.1,"No",0,25
"1930-WNXSB","Male",28,"Yes","Yes",58,1,"Fiber optic",2,2,3,"Occasional",1,92.85,"No",0,"Male",28,"Yes","Yes",58,1,"Fiber optic",2,2,3,"Occasional",1,92.85,"No",0,33
"1932-UEDCX","Male",83,"Yes","No",33,2,"Fiber optic",2,2,3,"Occasional",1,100.6,"No",0,"Male",83,"Yes","No",33,2,"Fiber optic",2,2,3,"Occasional",1,100.6,"No",0,36
"1934-MKPXS","Male",47,"No","No",33,1,"5G",0,1,0,"Occasional",12,20.1,"No",0,"Male",47,"No","No",33,1,"5G",0,1,0,"Occasional",12,20.1,"No",0,5
"1934-SJVJK","Male",22,"No","No",1,1,"5G",0,1,0,"Occasional",1,20.15,"Yes",0,"Male",22,"No","No",1,1,"5G",0,1,0,"Occasional",1,20.15,"Yes",0,NA
"1936-CZAKF","Male",46,"Yes","No",49,1,"No",2,2,3,"Occasional",24,49.65,"No",0,"Male",46,"Yes","No",49,1,"No",2,2,3,"Occasional",24,49.65,"No",0,25
"1936-UAFEH","Female",56,"No","No",68,2,"Fiber optic",3,3,3,"Occasional",24,110.25,"No",0,"Female",56,"No","No",68,2,"Fiber optic",3,3,3,"Occasional",24,110.25,"No",0,30
"1937-OTUKY","Female",39,"No","No",72,2,"5G",1,3,1,"Occasional",24,98.2,"No",1,"Female",39,"No","No",72,2,"5G",1,3,1,"Occasional",24,98.2,"No",1,44
"1941-HOSAM","Male",59,"Yes","Yes",1,1,"Fiber optic",0,2,3,"Occasional",1,90.1,"No",0,"Male",59,"Yes","Yes",1,1,"Fiber optic",0,2,3,"Occasional",1,90.1,"No",0,8
"1945-XISKS","Female",45,"No","No",67,1,"No",0,1,0,"Occasional",24,19.65,"No",0,"Female",45,"No","No",67,1,"No",0,1,0,"Occasional",24,19.65,"No",0,39
"1950-KSVVJ","Female",50,"No","No",45,2,"5G",3,3,3,"Occasional",12,113.3,"No",1,"Female",50,"No","No",45,2,"5G",3,3,3,"Occasional",12,113.3,"No",1,51
"1951-IEYXM","Male",44,"Yes","Yes",72,2,"DSL",3,3,3,"Occasional",24,90.6,"No",0,"Male",44,"Yes","Yes",72,2,"DSL",3,3,3,"Occasional",24,90.6,"No",0,23
"1952-DVVSW","Female",21,"Yes","No",10,1,"No",0,1,0,"Occasional",12,20.1,"No",0,"Female",21,"Yes","No",10,1,"No",0,1,0,"Occasional",12,20.1,"No",0,27
"1955-IBMMB","Male",49,"No","No",59,1,"No",0,1,0,"Occasional",24,20.2,"No",0,"Male",49,"No","No",59,1,"No",0,1,0,"Occasional",24,20.2,"No",0,32
"1958-RNRKS","Male",38,"Yes","No",30,2,"5G",0,2,0,"Occasional",1,49.9,"No",0,"Male",38,"Yes","No",30,2,"5G",0,2,0,"Occasional",1,49.9,"No",0,34
"1960-UOTYM","Male",40,"No","No",52,1,"DSL",3,2,3,"Occasional",24,79.2,"No",0,"Male",40,"No","No",52,1,"DSL",3,2,3,"Occasional",24,79.2,"No",0,36
"1960-UYCNN","Male",63,"No","No",10,2,"5G",2,2,2,"Occasional",1,95.25,"No",0,"Male",63,"No","No",10,2,"5G",2,2,2,"Occasional",1,95.25,"No",0,37
"1963-SVUCV","Male",31,"No","No",1,1,"DSL",0,2,0,"Frequent",1,45.3,"Yes",0,"Male",31,"No","No",1,1,"DSL",0,2,0,"Occasional",1,45.3,"Yes",0,NA
"1963-VAUKV","Female",58,"No","No",1,1,"No",0,1,0,"Occasional",1,20.4,"Yes",0,"Female",58,"No","No",1,1,"No",0,1,0,"Occasional",1,20.4,"Yes",0,NA
"1964-SVLEA","Male",22,"No","No",20,1,"5G",0,1,0,"Occasional",12,19.7,"No",0,"Male",22,"No","No",20,1,"5G",0,1,0,"Occasional",12,19.7,"No",0,36
"1965-DDBWU","Male",58,"No","No",16,2,"Fiber optic",0,3,2,"Occasional",1,89.05,"Yes",0,"Male",58,"No","No",16,2,"Fiber optic",0,3,2,"Occasional",1,89.05,"Yes",0,NA
"1970-KKFWL","Female",44,"No","No",35,2,"5G",0,1,0,"Occasional",24,23.3,"No",0,"Female",44,"No","No",35,2,"5G",0,1,0,"Occasional",24,23.3,"No",0,6
"1971-DTCZB","Female",30,"Yes","No",72,2,"DSL",3,3,3,"Occasional",24,90.95,"No",0,"Female",30,"Yes","No",72,2,"DSL",3,3,3,"Occasional",24,90.95,"No",0,39
"1972-XMUWV","Female",32,"Yes","No",65,1,"DSL",0,3,1,"Occasional",24,59.8,"No",0,"Female",32,"Yes","No",65,1,"DSL",0,3,1,"Occasional",24,59.8,"No",0,24
"1976-AZZPJ","Male",39,"No","No",7,0,"DSL",3,2,0,"Occasional",1,34.2,"No",0,"Male",39,"No","No",7,0,"DSL",3,2,0,"Occasional",1,34.2,"No",0,8
"1976-CFOCS","Female",75,"Yes","No",1,1,"DSL",0,2,0,"Frequent",1,46,"Yes",0,"Female",75,"Yes","No",1,1,"DSL",0,2,0,"Frequent",1,46,"Yes",0,NA
"1980-KXVPM","Female",68,"No","No",3,2,"Fiber optic",0,2,0,"Occasional",1,75.05,"Yes",0,"Female",68,"No","No",3,2,"Fiber optic",0,2,0,"Occasional",1,75.05,"Yes",0,NA
"1981-INRFU","Female",27,"No","No",2,1,"Fiber optic",0,2,1,"Frequent",1,79.75,"Yes",0,"Female",27,"No","No",2,1,"Fiber optic",0,2,1,"Frequent",1,79.75,"Yes",0,NA
"1982-FEBTD","Female",62,"No","No",23,2,"5G",0,1,0,"Occasional",24,25.6,"No",1,"Female",62,"No","No",23,2,"5G",0,1,0,"Occasional",24,25.6,"No",1,35
"1984-GPTEH","Female",44,"No","No",29,2,"5G",0,1,0,"Occasional",1,25.15,"No",1,"Female",44,"No","No",29,2,"5G",0,1,0,"Occasional",1,25.15,"No",1,69
"1985-MBRYP","Female",19,"No","No",43,1,"No",0,1,0,"Occasional",24,19.65,"No",0,"Female",19,"No","No",43,1,"No",0,1,0,"Occasional",24,19.65,"No",0,27
"1987-AUELQ","Female",49,"No","No",71,2,"No",0,1,0,"Occasional",24,25.05,"No",0,"Female",49,"No","No",71,2,"No",0,1,0,"Occasional",24,25.05,"No",0,2
"1989-PRJHP","Male",90,"Yes","No",27,2,"DSL",0,2,0,"Occasional",1,75.5,"Yes",0,"Male",90,"Yes","No",27,2,"DSL",0,2,0,"Frequent",1,75.5,"Yes",0,NA
"1996-DBMUS","Female",84,"Yes","No",48,1,"5G",0,2,0,"Occasional",1,70.65,"No",1,"Female",84,"Yes","No",48,1,"5G",0,2,0,"Occasional",1,70.65,"No",1,20
"1998-VHJHK","Female",19,"No","No",27,1,"No",0,1,0,"Occasional",12,19.15,"No",0,"Female",19,"No","No",27,1,"No",0,1,0,"Occasional",12,19.15,"No",0,16
"2000-DHJUY","Female",85,"Yes","No",70,1,"No",3,3,3,"Occasional",24,92.2,"No",0,"Female",85,"Yes","No",70,1,"No",3,3,3,"Occasional",24,92.2,"No",0,26
"2000-MPKCA","Female",61,"No","No",58,2,"Fiber optic",3,2,3,"Occasional",12,107.75,"No",0,"Female",61,"No","No",58,2,"Fiber optic",3,2,3,"Occasional",12,107.75,"No",0,5
"2001-EWBQU","Female",59,"No","No",60,2,"Fiber optic",2,2,3,"Occasional",24,104.7,"No",0,"Female",59,"No","No",60,2,"Fiber optic",2,2,3,"Occasional",24,104.7,"No",0,9
"2001-MCUUW","Male",33,"No","No",46,2,"5G",2,3,3,"Occasional",24,108.65,"No",1,"Male",33,"No","No",46,2,"5G",2,3,3,"Occasional",24,108.65,"No",1,43
"2002-MZHWP","Female",44,"No","No",1,1,"No",0,1,0,"Occasional",1,20.5,"Yes",0,"Female",44,"No","No",1,1,"No",0,1,0,"Occasional",1,20.5,"Yes",0,NA
"2003-CKLOR","Male",49,"No","No",66,1,"5G",2,2,3,"Frequent",1,99.5,"Yes",0,"Male",49,"No","No",66,1,"5G",2,2,3,"Frequent",1,99.5,"Yes",0,NA
"2004-OCQXK","Female",43,"No","No",1,1,"No",0,2,2,"Frequent",1,81.95,"Yes",0,"Female",43,"No","No",1,1,"No",0,2,2,"Frequent",1,81.95,"Yes",0,NA
"2005-DWQZJ","Female",49,"No","No",8,1,"No",0,1,0,"Occasional",24,19.05,"No",0,"Female",49,"No","No",8,1,"No",0,1,0,"Occasional",24,19.05,"No",0,0
"2007-QVGAW","Female",42,"No","No",68,1,"5G",0,1,0,"Occasional",24,19.35,"No",0,"Female",42,"No","No",68,1,"5G",0,1,0,"Occasional",24,19.35,"No",0,38
"2011-TRQYE","Male",45,"No","No",18,1,"DSL",2,2,0,"Frequent",1,33.5,"Yes",0,"Male",45,"No","No",18,1,"DSL",2,2,0,"Frequent",1,33.5,"Yes",0,NA
"2012-NWRPA","Female",90,"Yes","No",11,2,"Fiber optic",0,2,3,"Frequent",1,99.55,"Yes",0,"Female",90,"Yes","No",11,2,"Fiber optic",0,2,3,"Frequent",1,99.55,"Yes",0,NA
"2013-SGDXK","Female",52,"No","No",1,1,"Fiber optic",2,2,1,"Frequent",1,84.3,"Yes",0,"Female",52,"No","No",1,1,"Fiber optic",2,2,1,"Frequent",1,84.3,"Yes",0,NA
"2014-MKGMH","Female",45,"No","No",46,2,"5G",0,2,3,"Occasional",12,101.1,"No",0,"Female",45,"No","No",46,2,"5G",0,2,3,"Occasional",12,101.1,"No",0,4
"2017-CCBLH","Female",63,"No","No",8,1,"5G",0,1,0,"Occasional",24,20,"No",0,"Female",63,"No","No",8,1,"5G",0,1,0,"Occasional",24,20,"No",0,1
"2018-PZKMU","Male",40,"No","No",9,1,"Fiber optic",0,3,3,"Occasional",1,103.1,"No",0,"Male",40,"No","No",9,1,"Fiber optic",0,3,3,"Occasional",1,103.1,"No",0,1
"2019-HDCZY","Male",64,"Yes","No",63,2,"Fiber optic",0,2,3,"Occasional",24,102.6,"No",0,"Male",64,"Yes","No",63,2,"Fiber optic",0,2,3,"Occasional",24,102.6,"No",0,26
"2023-VQFDL","Male",56,"No","No",18,1,"5G",0,1,0,"Occasional",1,19,"No",0,"Male",56,"No","No",18,1,"5G",0,1,0,"Occasional",1,19,"No",0,2
"2024-BASKD","Female",64,"No","No",1,1,"5G",0,2,0,"Occasional",1,74.6,"Yes",1,"Female",64,"No","No",1,1,"5G",0,2,0,"Frequent",1,74.6,"Yes",1,NA
"2025-JKFWI","Male",38,"No","No",13,2,"Fiber optic",0,3,3,"Occasional",1,99,"Yes",0,"Male",38,"No","No",13,2,"Fiber optic",0,3,3,"Occasional",1,99,"Yes",0,NA
"2026-TGDHM","Female",47,"No","No",7,1,"5G",0,2,2,"Frequent",1,79.3,"Yes",0,"Female",47,"No","No",7,1,"5G",0,2,2,"Frequent",1,79.3,"Yes",0,NA
"2027-DNKIV","Male",61,"Yes","Yes",37,1,"DSL",1,3,0,"Occasional",12,58.75,"No",0,"Male",61,"Yes","Yes",37,1,"DSL",1,3,0,"Occasional",12,58.75,"No",0,25
"2027-FECZV","Male",22,"No","No",12,2,"DSL",2,2,3,"Frequent",1,106.7,"Yes",0,"Male",22,"No","No",12,2,"DSL",2,2,3,"Frequent",1,106.7,"Yes",0,NA
"2027-OAQQC","Female",27,"No","No",43,0,"DSL",0,2,3,"Frequent",1,49.05,"Yes",0,"Female",27,"No","No",43,0,"DSL",0,2,3,"Occasional",1,49.05,"Yes",0,NA
"2027-WKXMW","Female",23,"Yes","No",63,2,"Fiber optic",2,3,3,"Occasional",1,108.75,"No",0,"Female",23,"Yes","No",63,2,"Fiber optic",2,3,3,"Occasional",1,108.75,"No",0,22
"2034-CGRHZ","Male",89,"No","No",24,2,"Fiber optic",2,2,3,"Frequent",1,102.95,"Yes",0,"Male",89,"No","No",24,2,"Fiber optic",2,2,3,"Frequent",1,102.95,"Yes",0,NA
"2034-GDRCN","Female",40,"No","No",2,1,"5G",0,2,3,"Frequent",1,90.4,"Yes",1,"Female",40,"No","No",2,1,"5G",0,2,3,"Frequent",1,90.4,"Yes",1,NA
"2037-XJFUP","Male",45,"Yes","No",33,1,"DSL",0,2,3,"Occasional",12,95.8,"Yes",1,"Male",45,"Yes","No",33,1,"DSL",0,2,3,"Frequent",12,95.8,"Yes",1,NA
"2038-LLMLM","Female",62,"No","No",48,2,"5G",0,3,3,"Occasional",1,103.85,"No",0,"Female",62,"No","No",48,2,"5G",0,3,3,"Occasional",1,103.85,"No",0,8
"2038-OEQZH","Male",47,"No","No",4,1,"5G",0,2,2,"Occasional",1,86.05,"No",0,"Male",47,"No","No",4,1,"5G",0,2,2,"Occasional",1,86.05,"No",0,4
"2039-JONDJ","Male",40,"No","No",27,1,"5G",3,2,0,"Occasional",12,55.45,"No",0,"Male",40,"No","No",27,1,"5G",3,2,0,"Occasional",12,55.45,"No",0,23
"2040-LDIWQ","Male",62,"Yes","Yes",65,2,"5G",2,3,3,"Occasional",24,84.2,"No",1,"Male",62,"Yes","Yes",65,2,"5G",2,3,3,"Occasional",24,84.2,"No",1,50
"2040-OBMLJ","Male",26,"No","No",31,2,"5G",0,3,0,"Occasional",12,81.7,"No",1,"Male",26,"No","No",31,2,"5G",0,3,0,"Occasional",12,81.7,"No",1,34
"2040-VZIKE","Female",41,"Yes","No",49,2,"5G",1,2,3,"Occasional",1,100.85,"No",0,"Female",41,"Yes","No",49,2,"5G",1,2,3,"Occasional",1,100.85,"No",0,17
"2040-XBAVJ","Male",32,"Yes","Yes",72,2,"5G",3,3,3,"Occasional",24,114.45,"No",0,"Male",32,"Yes","Yes",72,2,"5G",3,3,3,"Occasional",24,114.45,"No",0,6
"2041-JIJCI","Female",51,"No","No",5,1,"No",2,2,2,"Occasional",1,64,"No",0,"Female",51,"No","No",5,1,"No",2,2,2,"Occasional",1,64,"No",0,13
"2043-WVTQJ","Male",51,"Yes","No",1,1,"DSL",1,2,0,"Occasional",1,55.7,"No",0,"Male",51,"Yes","No",1,1,"DSL",1,2,0,"Occasional",1,55.7,"No",0,31
"2054-PJOCK","Female",62,"No","No",60,2,"5G",0,3,3,"Occasional",12,80.55,"No",0,"Female",62,"No","No",60,2,"5G",0,3,3,"Occasional",12,80.55,"No",0,34
"2055-PDADH","Female",89,"No","No",3,1,"Fiber optic",0,2,0,"Frequent",1,70.4,"Yes",0,"Female",89,"No","No",3,1,"Fiber optic",0,2,0,"Frequent",1,70.4,"Yes",0,NA
"2055-SIFSS","Female",89,"Yes","No",55,2,"5G",0,2,0,"Occasional",1,51.65,"No",1,"Female",89,"Yes","No",55,2,"5G",0,2,0,"Occasional",1,51.65,"No",1,20
"2056-EVGZL","Male",44,"Yes","Yes",68,1,"Fiber optic",2,3,3,"Occasional",12,105.75,"No",0,"Male",44,"Yes","Yes",68,1,"Fiber optic",2,3,3,"Occasional",12,105.75,"No",0,45
"2058-DCJBE","Male",45,"No","No",5,1,"5G",0,2,0,"Frequent",1,69.75,"Yes",0,"Male",45,"No","No",5,1,"5G",0,2,0,"Frequent",1,69.75,"Yes",0,NA
"2061-VVFST","Female",22,"Yes","No",37,1,"No",0,1,0,"Occasional",1,19.5,"No",0,"Female",22,"Yes","No",37,1,"No",0,1,0,"Occasional",1,19.5,"No",0,6
"2065-MMKGR","Female",20,"No","No",29,1,"No",0,2,3,"Occasional",12,71,"No",0,"Female",20,"No","No",29,1,"No",0,2,3,"Occasional",12,71,"No",0,9
"2070-FNEXE","Female",66,"No","No",7,1,"5G",1,2,0,"Frequent",1,76.45,"Yes",1,"Female",66,"No","No",7,1,"5G",1,2,0,"Frequent",1,76.45,"Yes",1,NA
"2070-XYMFH","Female",90,"No","No",23,2,"5G",0,2,0,"Occasional",1,79.35,"No",0,"Female",90,"No","No",23,2,"5G",0,2,0,"Occasional",1,79.35,"No",0,18
"2072-ZVJJX","Male",20,"Yes","No",68,2,"No",0,1,0,"Occasional",24,25.25,"No",0,"Male",20,"Yes","No",68,2,"No",0,1,0,"Occasional",24,25.25,"No",0,4
"2074-GKOWZ","Male",59,"Yes","Yes",2,1,"5G",0,2,3,"Occasional",1,89.55,"Yes",0,"Male",59,"Yes","Yes",2,1,"5G",0,2,3,"Frequent",1,89.55,"Yes",0,NA
"2074-GUHPQ","Female",59,"No","Yes",17,2,"Fiber optic",2,3,0,"Occasional",1,92.7,"No",0,"Female",59,"No","Yes",17,2,"Fiber optic",2,3,0,"Occasional",1,92.7,"No",0,18
"2075-PUEPR","Male",64,"No","No",55,1,"5G",0,1,0,"Occasional",24,19.35,"No",1,"Male",64,"No","No",55,1,"5G",0,1,0,"Occasional",24,19.35,"No",1,34
"2077-DDHJK","Female",48,"Yes","No",68,2,"5G",3,3,0,"Occasional",24,70.9,"No",1,"Female",48,"Yes","No",68,2,"5G",3,3,0,"Occasional",24,70.9,"No",1,21
"2077-MPJQO","Male",88,"Yes","No",7,2,"Fiber optic",0,2,0,"Occasional",1,75.4,"No",0,"Male",88,"Yes","No",7,2,"Fiber optic",0,2,0,"Occasional",1,75.4,"No",0,12
"2079-FBMZK","Female",63,"No","No",6,1,"Fiber optic",0,2,0,"Frequent",1,69.25,"Yes",0,"Female",63,"No","No",6,1,"Fiber optic",0,2,0,"Occasional",1,69.25,"Yes",0,NA
"2080-CAZNM","Female",78,"No","No",41,2,"Fiber optic",2,2,3,"Occasional",1,104.4,"No",0,"Female",78,"No","No",41,2,"Fiber optic",2,2,3,"Occasional",1,104.4,"No",0,43
"2080-SRCDE","Female",53,"No","No",1,2,"5G",0,1,0,"Occasional",1,25.4,"No",1,"Female",53,"No","No",1,2,"5G",0,1,0,"Occasional",1,25.4,"No",1,48
"2081-KJSQF","Male",22,"No","No",1,1,"No",0,1,0,"Occasional",1,20.25,"No",0,"Male",22,"No","No",1,1,"No",0,1,0,"Occasional",1,20.25,"No",0,30
"2081-VEYEH","Male",53,"No","No",3,1,"5G",2,3,3,"Occasional",1,107.95,"No",0,"Male",53,"No","No",3,1,"5G",2,3,3,"Occasional",1,107.95,"No",0,0
"2082-OJVTK","Male",30,"Yes","Yes",29,2,"Fiber optic",0,2,2,"Frequent",1,89.2,"Yes",0,"Male",30,"Yes","Yes",29,2,"Fiber optic",0,2,2,"Frequent",1,89.2,"Yes",0,NA
"2085-BOJKI","Male",38,"Yes","No",17,1,"5G",0,2,3,"Occasional",12,96.65,"No",0,"Male",38,"Yes","No",17,1,"5G",0,2,3,"Occasional",12,96.65,"No",0,33
"2085-JVGAD","Male",55,"No","No",37,1,"5G",0,1,0,"Occasional",1,20.35,"No",1,"Male",55,"No","No",37,1,"5G",0,1,0,"Occasional",1,20.35,"No",1,42
"2087-QAREY","Female",39,"Yes","No",22,1,"DSL",2,2,0,"Occasional",1,54.7,"No",0,"Female",39,"Yes","No",22,1,"DSL",2,2,0,"Occasional",1,54.7,"No",0,28
"2088-IEBAU","Female",21,"No","No",68,2,"5G",3,3,3,"Occasional",24,88.15,"No",1,"Female",21,"No","No",68,2,"5G",3,3,3,"Occasional",24,88.15,"No",1,31
"2091-GPPIQ","Female",57,"No","No",72,2,"5G",2,3,3,"Occasional",24,78.95,"No",0,"Female",57,"No","No",72,2,"5G",2,3,3,"Occasional",24,78.95,"No",0,27
"2091-MJTFX","Female",33,"Yes","Yes",30,0,"DSL",0,3,3,"Occasional",1,51.2,"Yes",0,"Female",33,"Yes","Yes",30,0,"DSL",0,3,3,"Occasional",1,51.2,"Yes",0,NA
"2091-RFFBA","Female",87,"No","No",31,2,"Fiber optic",0,2,0,"Frequent",1,73.9,"Yes",0,"Female",87,"No","No",31,2,"Fiber optic",0,2,0,"Frequent",1,73.9,"Yes",0,NA
"2096-XOTMO","Female",41,"No","No",16,1,"No",0,1,0,"Occasional",1,19.35,"No",0,"Female",41,"No","No",16,1,"No",0,1,0,"Occasional",1,19.35,"No",0,41
"2097-YVPKN","Male",36,"No","No",65,2,"No",0,1,0,"Occasional",24,25.75,"No",0,"Male",36,"No","No",65,2,"No",0,1,0,"Occasional",24,25.75,"No",0,25
"2100-BDNSN","Female",58,"Yes","No",5,2,"DSL",0,3,1,"Occasional",1,67.95,"Yes",0,"Female",58,"Yes","No",5,2,"DSL",0,3,1,"Occasional",1,67.95,"Yes",0,NA
"2101-RANCD","Female",34,"No","No",55,2,"Fiber optic",0,2,0,"Occasional",1,73.1,"No",0,"Female",34,"No","No",55,2,"Fiber optic",0,2,0,"Occasional",1,73.1,"No",0,42
"2107-FBPTK","Female",80,"No","No",30,2,"Fiber optic",2,2,3,"Occasional",1,104.1,"No",0,"Female",80,"No","No",30,2,"Fiber optic",2,2,3,"Occasional",1,104.1,"No",0,20
"2108-GLPQB","Male",27,"Yes","No",25,2,"DSL",0,2,0,"Occasional",1,55.55,"No",0,"Male",27,"Yes","No",25,2,"DSL",0,2,0,"Occasional",1,55.55,"No",0,34
"2108-XWMPY","Male",22,"No","No",3,0,"DSL",3,2,0,"Frequent",1,35.45,"Yes",0,"Male",22,"No","No",3,0,"DSL",3,2,0,"Occasional",1,35.45,"Yes",0,NA
"2111-DWYHN","Male",49,"No","No",1,1,"5G",0,1,0,"Occasional",1,21.1,"No",0,"Male",49,"No","No",1,1,"5G",0,1,0,"Occasional",1,21.1,"No",0,31
"2114-MGINA","Female",58,"No","No",14,1,"Fiber optic",0,2,3,"Frequent",1,89.8,"Yes",0,"Female",58,"No","No",14,1,"Fiber optic",0,2,3,"Frequent",1,89.8,"Yes",0,NA
"2115-BFTIW","Male",23,"No","No",25,1,"No",0,2,0,"Frequent",1,70.95,"Yes",0,"Male",23,"No","No",25,1,"No",0,2,0,"Frequent",1,70.95,"Yes",0,NA
"2120-SMPEX","Male",45,"No","No",25,1,"5G",0,1,0,"Occasional",1,20.15,"No",0,"Male",45,"No","No",25,1,"5G",0,1,0,"Occasional",1,20.15,"No",0,24
"2121-JAFOM","Female",33,"Yes","No",72,2,"Fiber optic",3,3,3,"Occasional",24,115.55,"No",0,"Female",33,"Yes","No",72,2,"Fiber optic",3,3,3,"Occasional",24,115.55,"No",0,20
"2122-SZZZD","Male",65,"No","No",44,1,"No",0,1,0,"Occasional",12,19.5,"No",0,"Male",65,"No","No",44,1,"No",0,1,0,"Occasional",12,19.5,"No",0,41
"2122-YWVYA","Female",42,"No","No",18,1,"Fiber optic",1,2,0,"Occasional",1,75.4,"No",0,"Female",42,"No","No",18,1,"Fiber optic",1,2,0,"Occasional",1,75.4,"No",0,39
"2123-AGEEN","Female",73,"No","No",7,1,"DSL",0,2,1,"Occasional",1,84.35,"No",1,"Female",73,"No","No",7,1,"DSL",0,2,1,"Occasional",1,84.35,"No",1,3
"2123-VSCOT","Female",30,"Yes","Yes",59,2,"5G",0,3,1,"Occasional",24,72.1,"No",0,"Female",30,"Yes","Yes",59,2,"5G",0,3,1,"Occasional",24,72.1,"No",0,25
"2126-GSEGL","Female",21,"Yes","No",70,2,"DSL",2,3,3,"Occasional",24,84.8,"No",0,"Female",21,"Yes","No",70,2,"DSL",2,3,3,"Occasional",24,84.8,"No",0,10
"2129-ALKBS","Female",19,"Yes","Yes",40,2,"No",0,1,0,"Occasional",1,26.2,"No",0,"Female",19,"Yes","Yes",40,2,"No",0,1,0,"Occasional",1,26.2,"No",0,5
"2135-RXIHG","Male",60,"No","No",1,1,"5G",0,2,0,"Frequent",1,45.65,"Yes",1,"Male",60,"No","No",1,1,"5G",0,2,0,"Frequent",1,45.65,"Yes",1,NA
"2137-DQMEV","Male",55,"Yes","Yes",68,0,"DSL",3,2,1,"Occasional",12,44.8,"No",0,"Male",55,"Yes","Yes",68,0,"DSL",3,2,1,"Occasional",12,44.8,"No",0,9
"2138-VFAPZ","Female",52,"No","No",14,1,"No",0,1,0,"Occasional",24,19.7,"No",0,"Female",52,"No","No",14,1,"No",0,1,0,"Occasional",24,19.7,"No",0,5
"2141-RRYGO","Female",36,"No","No",4,1,"No",2,2,3,"Frequent",1,68.65,"Yes",0,"Female",36,"No","No",4,1,"No",2,2,3,"Frequent",1,68.65,"Yes",0,NA
"2143-LJULT","Female",20,"Yes","No",67,1,"No",0,1,0,"Occasional",24,25.25,"No",0,"Female",20,"Yes","No",67,1,"No",0,1,0,"Occasional",24,25.25,"No",0,27
"2144-BFDSO","Female",67,"Yes","No",50,2,"Fiber optic",3,2,3,"Occasional",1,108.75,"No",0,"Female",67,"Yes","No",50,2,"Fiber optic",3,2,3,"Occasional",1,108.75,"No",0,0
"2146-EGVDT","Male",19,"Yes","Yes",59,1,"5G",0,1,0,"Occasional",24,19.3,"No",1,"Male",19,"Yes","Yes",59,1,"5G",0,1,0,"Occasional",24,19.3,"No",1,69
"2150-WLKUW","Female",22,"Yes","No",40,2,"DSL",2,2,1,"Occasional",12,63.9,"No",0,"Female",22,"Yes","No",40,2,"DSL",2,2,1,"Occasional",12,63.9,"No",0,22
"2153-MREFK","Female",51,"Yes","No",37,2,"5G",1,3,2,"Occasional",12,99.2,"Yes",0,"Female",51,"Yes","No",37,2,"5G",1,3,2,"Occasional",12,99.2,"Yes",0,NA
"2154-KVJFF","Female",24,"No","No",15,2,"Fiber optic",2,2,0,"Frequent",1,79.75,"Yes",0,"Female",24,"No","No",15,2,"Fiber optic",2,2,0,"Frequent",1,79.75,"Yes",0,NA
"2159-TURXX","Male",49,"No","No",5,1,"No",0,1,0,"Occasional",1,20.05,"No",0,"Male",49,"No","No",5,1,"No",0,1,0,"Occasional",1,20.05,"No",0,44
"2160-GPFXD","Male",48,"No","No",54,1,"No",3,3,0,"Occasional",24,65.65,"No",0,"Male",48,"No","No",54,1,"No",3,3,0,"Occasional",24,65.65,"No",0,36
"2162-FRZAA","Male",61,"No","No",63,0,"DSL",2,3,0,"Occasional",24,39.35,"No",0,"Male",61,"No","No",63,0,"DSL",2,3,0,"Occasional",24,39.35,"No",0,42
"2165-VOEGB","Female",49,"No","No",46,1,"Fiber optic",3,3,3,"Occasional",12,105.2,"Yes",0,"Female",49,"No","No",46,1,"Fiber optic",3,3,3,"Occasional",12,105.2,"Yes",0,NA
"2169-RRLFW","Female",61,"No","No",71,2,"No",0,1,0,"Occasional",24,25.6,"No",0,"Female",61,"No","No",71,2,"No",0,1,0,"Occasional",24,25.6,"No",0,38
"2171-UDMFD","Male",44,"No","No",32,1,"No",0,1,0,"Occasional",1,19.45,"No",0,"Male",44,"No","No",32,1,"No",0,1,0,"Occasional",1,19.45,"No",0,19
"2172-EJXVF","Female",77,"No","No",71,1,"No",2,2,3,"Occasional",12,105.9,"No",0,"Female",77,"No","No",71,1,"No",2,2,3,"Occasional",12,105.9,"No",0,6
"2178-PMGCJ","Male",42,"No","No",22,1,"5G",0,2,0,"Occasional",1,69.7,"No",0,"Male",42,"No","No",22,1,"5G",0,2,0,"Occasional",1,69.7,"No",0,40
"2181-UAESM","Male",28,"No","No",2,1,"5G",1,2,0,"Occasional",1,53.45,"No",1,"Male",28,"No","No",2,1,"5G",1,2,0,"Occasional",1,53.45,"No",1,44
"2187-PKZAY","Male",57,"No","No",12,1,"No",0,2,2,"Occasional",1,79.95,"No",0,"Male",57,"No","No",12,1,"No",0,2,2,"Occasional",1,79.95,"No",0,45
"2189-UXTKY","Female",28,"Yes","No",22,2,"5G",1,3,3,"Occasional",1,79.2,"Yes",0,"Female",28,"Yes","No",22,2,"5G",1,3,3,"Occasional",1,79.2,"Yes",0,NA
"2189-WWOEW","Female",48,"No","Yes",15,1,"5G",2,2,2,"Occasional",1,85.9,"Yes",1,"Female",48,"No","Yes",15,1,"5G",2,2,2,"Frequent",1,85.9,"Yes",1,NA
"2190-BCXEC","Female",40,"Yes","No",40,2,"5G",0,3,0,"Occasional",1,78.85,"No",0,"Female",40,"Yes","No",40,2,"5G",0,3,0,"Occasional",1,78.85,"No",0,22
"2190-PHBHR","Female",52,"Yes","No",72,2,"Fiber optic",3,2,2,"Occasional",24,94.45,"No",0,"Female",52,"Yes","No",72,2,"Fiber optic",3,2,2,"Occasional",24,94.45,"No",0,29
"2192-CKRLV","Female",52,"Yes","No",72,0,"DSL",3,2,2,"Occasional",24,49.2,"No",0,"Female",52,"Yes","No",72,0,"DSL",3,2,2,"Occasional",24,49.2,"No",0,31
"2192-OZITF","Female",30,"No","No",45,2,"DSL",1,3,2,"Occasional",24,73.55,"No",0,"Female",30,"No","No",45,2,"DSL",1,3,2,"Occasional",24,73.55,"No",0,23
"2193-SFWQW","Male",58,"Yes","Yes",72,1,"Fiber optic",3,3,3,"Occasional",24,111.95,"No",0,"Male",58,"Yes","Yes",72,1,"Fiber optic",3,3,3,"Occasional",24,111.95,"No",0,24
"2195-ZRVAX","Female",59,"Yes","No",47,1,"No",0,2,2,"Frequent",1,85.3,"Yes",0,"Female",59,"Yes","No",47,1,"No",0,2,2,"Frequent",1,85.3,"Yes",0,NA
"2197-OMWGI","Female",70,"Yes","Yes",68,0,"DSL",2,2,3,"Occasional",24,53,"No",0,"Female",70,"Yes","Yes",68,0,"DSL",2,2,3,"Occasional",24,53,"No",0,14
"2202-CUYXZ","Male",35,"No","No",1,1,"Fiber optic",0,2,1,"Frequent",1,84.85,"Yes",0,"Male",35,"No","No",1,1,"Fiber optic",0,2,1,"Occasional",1,84.85,"Yes",0,NA
"2202-OUTMO","Female",55,"Yes","No",34,2,"5G",1,3,0,"Occasional",1,60.85,"No",1,"Female",55,"Yes","No",34,2,"5G",1,3,0,"Occasional",1,60.85,"No",1,7
"2205-LPVGL","Male",68,"Yes","Yes",58,2,"Fiber optic",3,3,0,"Occasional",12,89.85,"No",0,"Male",68,"Yes","Yes",58,2,"Fiber optic",3,3,0,"Occasional",12,89.85,"No",0,33
"2205-YMZZJ","Male",68,"No","No",7,1,"No",0,2,1,"Frequent",1,84.8,"Yes",0,"Male",68,"No","No",7,1,"No",0,2,1,"Frequent",1,84.8,"Yes",0,NA
"2207-NHRJK","Male",43,"No","No",1,1,"5G",2,2,0,"Occasional",1,50.8,"Yes",1,"Male",43,"No","No",1,1,"5G",2,2,0,"Frequent",1,50.8,"Yes",1,NA
"2207-OBZNX","Male",63,"No","No",7,1,"DSL",1,2,0,"Frequent",1,51,"Yes",0,"Male",63,"No","No",7,1,"DSL",1,2,0,"Frequent",1,51,"Yes",0,NA
"2207-QPJED","Female",68,"Yes","No",37,2,"No",0,3,1,"Occasional",1,90,"No",0,"Female",68,"Yes","No",37,2,"No",0,3,1,"Occasional",1,90,"No",0,15
"2207-RYYRL","Male",63,"No","No",52,2,"No",0,1,0,"Occasional",24,24.55,"No",0,"Male",63,"No","No",52,2,"No",0,1,0,"Occasional",24,24.55,"No",0,27
"2208-NKVVH","Male",63,"No","No",43,2,"No",0,1,0,"Occasional",24,24.25,"No",0,"Male",63,"No","No",43,2,"No",0,1,0,"Occasional",24,24.25,"No",0,1
"2208-NQBCT","Female",52,"Yes","Yes",26,1,"5G",3,2,0,"Occasional",1,81.95,"No",0,"Female",52,"Yes","Yes",26,1,"5G",3,2,0,"Occasional",1,81.95,"No",0,22
"2209-XADXF","Female",21,"No","No",1,1,"No",0,2,0,"Occasional",1,25.25,"No",0,"Female",21,"No","No",1,1,"No",0,2,0,"Occasional",1,25.25,"No",0,16
"2211-RMNHO","Female",52,"Yes","Yes",68,2,"DSL",2,3,3,"Occasional",24,85.3,"No",0,"Female",52,"Yes","Yes",68,2,"DSL",2,3,3,"Occasional",24,85.3,"No",0,31
"2212-LYASK","Male",46,"Yes","Yes",27,0,"5G",2,2,2,"Occasional",12,45.85,"No",0,"Male",46,"Yes","Yes",27,0,"5G",2,2,2,"Occasional",12,45.85,"No",0,27
"2219-MVUSO","Male",38,"No","No",8,1,"DSL",0,2,0,"Frequent",1,45.15,"Yes",0,"Male",38,"No","No",8,1,"DSL",0,2,0,"Frequent",1,45.15,"Yes",0,NA
"2220-IAHLS","Female",19,"No","No",1,1,"No",0,1,0,"Occasional",1,19.4,"No",0,"Female",19,"No","No",1,1,"No",0,1,0,"Occasional",1,19.4,"No",0,42
"2223-GDSHL","Male",29,"Yes","Yes",71,2,"Fiber optic",3,3,3,"Occasional",24,116.05,"No",0,"Male",29,"Yes","Yes",71,2,"Fiber optic",3,3,3,"Occasional",24,116.05,"No",0,31
"2223-KAGMX","Female",38,"No","No",15,1,"5G",0,1,0,"Occasional",1,19.4,"Yes",0,"Female",38,"No","No",15,1,"5G",0,1,0,"Occasional",1,19.4,"Yes",0,NA
"2226-ICFDO","Female",63,"Yes","Yes",72,2,"5G",1,3,3,"Occasional",24,85.9,"No",0,"Female",63,"Yes","Yes",72,2,"5G",1,3,3,"Occasional",24,85.9,"No",0,40
"2229-DPMBI","Female",39,"No","No",8,1,"No",0,1,0,"Occasional",24,19.5,"No",0,"Female",39,"No","No",8,1,"No",0,1,0,"Occasional",24,19.5,"No",0,26
"2232-DMLXU","Female",28,"Yes","No",1,1,"5G",0,2,1,"Occasional",1,55.2,"Yes",1,"Female",28,"Yes","No",1,1,"5G",0,2,1,"Frequent",1,55.2,"Yes",1,NA
"2233-FAGXV","Female",22,"Yes","Yes",5,2,"5G",0,1,0,"Frequent",1,24.3,"No",1,"Female",22,"Yes","Yes",5,2,"5G",0,1,0,"Occasional",1,24.3,"No",1,13
"2233-TXSIU","Male",62,"Yes","Yes",17,0,"DSL",1,2,1,"Occasional",12,44.45,"No",0,"Male",62,"Yes","Yes",17,0,"DSL",1,2,1,"Occasional",12,44.45,"No",0,40
"2235-DWLJU","Female",82,"No","No",6,0,"DSL",0,2,3,"Occasional",1,44.4,"No",0,"Female",82,"No","No",6,0,"DSL",0,2,3,"Occasional",1,44.4,"No",0,34
"2235-EZAIK","Female",63,"Yes","No",72,2,"DSL",3,3,1,"Occasional",24,79.2,"No",0,"Female",63,"Yes","No",72,2,"DSL",3,3,1,"Occasional",24,79.2,"No",0,32
"2235-ZGKPT","Female",37,"Yes","Yes",4,2,"No",0,2,0,"Frequent",1,50.85,"Yes",0,"Female",37,"Yes","Yes",4,2,"No",0,2,0,"Frequent",1,50.85,"Yes",0,NA
"2239-CGBUZ","Female",25,"Yes","No",51,1,"5G",3,3,0,"Occasional",12,60.5,"No",0,"Female",25,"Yes","No",51,1,"5G",3,3,0,"Occasional",12,60.5,"No",0,33
"2239-JALAW","Male",52,"No","No",58,2,"5G",2,2,3,"Occasional",12,103.25,"Yes",1,"Male",52,"No","No",58,2,"5G",2,2,3,"Frequent",12,103.25,"Yes",1,NA
"2240-HSJQD","Male",55,"No","Yes",38,2,"5G",2,2,0,"Occasional",1,81.85,"No",1,"Male",55,"No","Yes",38,2,"5G",2,2,0,"Occasional",1,81.85,"No",1,57
"2242-MFOTG","Male",58,"No","No",33,2,"Fiber optic",1,2,0,"Occasional",12,80.1,"No",0,"Male",58,"No","No",33,2,"Fiber optic",1,2,0,"Occasional",12,80.1,"No",0,12
"2243-FNMMI","Male",42,"No","No",20,1,"5G",0,1,0,"Occasional",1,19.4,"No",0,"Male",42,"No","No",20,1,"5G",0,1,0,"Occasional",1,19.4,"No",0,11
"2249-YPRNG","Female",55,"Yes","Yes",20,1,"No",2,2,3,"Frequent",1,105.85,"Yes",0,"Female",55,"Yes","Yes",20,1,"No",2,2,3,"Frequent",1,105.85,"Yes",0,NA
"2251-PYLPB","Male",23,"Yes","No",72,2,"5G",3,3,2,"Occasional",24,79.55,"No",0,"Male",23,"Yes","No",72,2,"5G",3,3,2,"Occasional",24,79.55,"No",0,30
"2252-ISRNH","Male",60,"Yes","Yes",9,2,"Fiber optic",0,2,1,"Occasional",12,90.35,"No",0,"Male",60,"Yes","Yes",9,2,"Fiber optic",0,2,1,"Occasional",12,90.35,"No",0,37
"2252-JHJGE","Male",37,"No","No",61,2,"Fiber optic",1,2,3,"Occasional",12,104,"No",0,"Male",37,"No","No",61,2,"Fiber optic",1,2,3,"Occasional",12,104,"No",0,23
"2252-NKNSI","Male",49,"No","Yes",52,2,"5G",3,3,3,"Occasional",24,85.15,"No",1,"Male",49,"No","Yes",52,2,"5G",3,3,3,"Occasional",24,85.15,"No",1,36
"2253-KPMNB","Female",24,"Yes","Yes",69,1,"No",3,3,0,"Occasional",24,46.25,"No",0,"Female",24,"Yes","Yes",69,1,"No",3,3,0,"Occasional",24,46.25,"No",0,42
"2254-DLXRI","Female",61,"No","No",1,2,"Fiber optic",2,2,0,"Occasional",1,79.15,"No",0,"Female",61,"No","No",1,2,"Fiber optic",2,2,0,"Occasional",1,79.15,"No",0,7
"2256-YLYLP","Male",61,"Yes","Yes",68,1,"DSL",0,3,3,"Occasional",24,72.95,"No",0,"Male",61,"Yes","Yes",68,1,"DSL",0,3,3,"Occasional",24,72.95,"No",0,0
"2257-BOVXD","Male",49,"Yes","No",14,2,"DSL",0,3,1,"Occasional",1,66.6,"No",0,"Male",49,"Yes","No",14,2,"DSL",0,3,1,"Occasional",1,66.6,"No",0,19
"2260-USTRB","Female",75,"No","No",2,1,"Fiber optic",0,2,0,"Frequent",1,70.2,"Yes",0,"Female",75,"No","No",2,1,"Fiber optic",0,2,0,"Frequent",1,70.2,"Yes",0,NA
"2263-SFSQZ","Male",56,"No","No",51,2,"No",0,1,0,"Occasional",24,24.95,"No",0,"Male",56,"No","No",51,2,"No",0,1,0,"Occasional",24,24.95,"No",0,6
"2265-CYWIV","Female",85,"Yes","No",4,1,"No",1,2,3,"Frequent",1,99.6,"Yes",0,"Female",85,"Yes","No",4,1,"No",1,2,3,"Frequent",1,99.6,"Yes",0,NA
"2266-FUBDZ","Male",43,"No","No",15,1,"No",0,1,0,"Occasional",24,19.35,"No",0,"Male",43,"No","No",15,1,"No",0,1,0,"Occasional",24,19.35,"No",0,28
"2266-SJNAT","Female",43,"Yes","No",72,2,"5G",2,3,3,"Occasional",12,109.15,"No",0,"Female",43,"Yes","No",72,2,"5G",2,3,3,"Occasional",12,109.15,"No",0,45
"2267-FPIMA","Male",60,"Yes","No",50,2,"5G",3,2,2,"Occasional",1,94.4,"No",1,"Male",60,"Yes","No",50,2,"5G",3,2,2,"Occasional",1,94.4,"No",1,41
"2267-WTPYD","Female",81,"Yes","No",57,2,"Fiber optic",2,2,2,"Occasional",1,94,"No",0,"Female",81,"Yes","No",57,2,"Fiber optic",2,2,2,"Occasional",1,94,"No",0,17
"2272-QAGFO","Female",67,"No","No",14,2,"Fiber optic",0,2,0,"Frequent",1,74.3,"Yes",0,"Female",67,"No","No",14,2,"Fiber optic",0,2,0,"Occasional",1,74.3,"Yes",0,NA
"2272-UOINI","Female",20,"No","No",7,1,"5G",3,3,3,"Occasional",1,78.5,"No",0,"Female",20,"No","No",7,1,"5G",3,3,3,"Occasional",1,78.5,"No",0,1
"2273-QCKXA","Male",39,"No","No",1,1,"DSL",0,3,0,"Occasional",1,49.05,"No",1,"Male",39,"No","No",1,1,"DSL",0,3,0,"Occasional",1,49.05,"No",1,58
"2274-XUATA","Male",83,"Yes","No",72,0,"DSL",3,3,3,"Occasional",24,63.1,"No",0,"Male",83,"Yes","No",72,0,"DSL",3,3,3,"Occasional",24,63.1,"No",0,42
"2275-RBYQS","Female",29,"No","No",1,1,"DSL",0,2,0,"Occasional",1,45.4,"No",0,"Female",29,"No","No",1,1,"DSL",0,2,0,"Occasional",1,45.4,"No",0,39
"2276-YDAVZ","Female",31,"No","No",3,2,"5G",0,2,0,"Occasional",1,75.1,"Yes",1,"Female",31,"No","No",3,2,"5G",0,2,0,"Frequent",1,75.1,"Yes",1,NA
"2277-AXSDC","Female",57,"No","No",32,1,"DSL",0,1,0,"Occasional",12,19.75,"No",1,"Female",57,"No","No",32,1,"DSL",0,1,0,"Occasional",12,19.75,"No",1,29
"2277-BKJKN","Female",78,"Yes","No",71,1,"5G",2,2,3,"Occasional",24,99.2,"No",0,"Female",78,"Yes","No",71,1,"5G",2,2,3,"Occasional",24,99.2,"No",0,1
"2277-DJJDL","Male",78,"Yes","No",60,1,"DSL",0,3,3,"Occasional",1,99,"No",0,"Male",78,"Yes","No",60,1,"DSL",0,3,3,"Occasional",1,99,"No",0,17
"2277-VWCNI","Female",78,"No","No",4,2,"DSL",0,2,0,"Occasional",1,48.75,"No",0,"Female",78,"No","No",4,2,"DSL",0,2,0,"Occasional",1,48.75,"No",0,38
"2279-AXJJK","Male",55,"Yes","No",52,2,"Fiber optic",2,3,2,"Occasional",1,95.65,"No",0,"Male",55,"Yes","No",52,2,"Fiber optic",2,3,2,"Occasional",1,95.65,"No",0,27
"2282-YGNOR","Female",39,"No","No",29,1,"DSL",1,3,0,"Occasional",12,58,"No",0,"Female",39,"No","No",29,1,"DSL",1,3,0,"Occasional",12,58,"No",0,21
"2284-VFLKH","Male",30,"Yes","No",49,1,"Fiber optic",0,3,3,"Occasional",12,99.25,"No",0,"Male",30,"Yes","No",49,1,"Fiber optic",0,3,3,"Occasional",12,99.25,"No",0,38
"2293-IJWPS","Female",19,"Yes","No",57,2,"5G",0,2,3,"Occasional",12,100.75,"No",0,"Female",19,"Yes","No",57,2,"5G",0,2,3,"Occasional",12,100.75,"No",0,26
"2294-DMMUS","Female",19,"Yes","Yes",62,2,"5G",0,2,3,"Occasional",1,70.45,"No",0,"Female",19,"Yes","Yes",62,2,"5G",0,2,3,"Occasional",1,70.45,"No",0,34
"2294-SALNE","Male",48,"Yes","Yes",23,1,"5G",2,3,0,"Occasional",12,86.8,"No",1,"Male",48,"Yes","Yes",23,1,"5G",2,3,0,"Occasional",12,86.8,"No",1,64
"2296-DKZFP","Female",36,"Yes","No",65,1,"DSL",3,2,2,"Occasional",24,71,"No",0,"Female",36,"Yes","No",65,1,"DSL",3,2,2,"Occasional",24,71,"No",0,22
"2308-STERM","Female",22,"No","No",2,1,"No",0,1,0,"Occasional",1,19.4,"No",0,"Female",22,"No","No",2,1,"No",0,1,0,"Occasional",1,19.4,"No",0,11
"2309-OSFEU","Male",22,"No","No",10,1,"No",0,2,2,"Frequent",1,33.9,"Yes",0,"Male",22,"No","No",10,1,"No",0,2,2,"Frequent",1,33.9,"Yes",0,NA
"2311-QYMUQ","Female",27,"Yes","Yes",16,1,"5G",2,2,1,"Occasional",1,89.45,"Yes",1,"Female",27,"Yes","Yes",16,1,"5G",2,2,1,"Frequent",1,89.45,"Yes",1,NA
"2314-TNDJQ","Female",55,"Yes","Yes",72,0,"DSL",3,3,2,"Occasional",24,55.65,"No",0,"Female",55,"Yes","Yes",72,0,"DSL",3,3,2,"Occasional",24,55.65,"No",0,22
"2316-ESMLS","Female",45,"No","No",12,0,"5G",1,3,0,"Occasional",12,33.15,"No",1,"Female",45,"No","No",12,0,"5G",1,3,0,"Occasional",12,33.15,"No",1,44
"2320-JRSDE","Female",56,"No","No",1,1,"No",0,1,0,"Occasional",1,19.9,"Yes",0,"Female",56,"No","No",1,1,"No",0,1,0,"Occasional",1,19.9,"Yes",0,NA
"2320-SLKMB","Female",63,"No","No",26,0,"5G",0,3,1,"Occasional",1,44.45,"No",1,"Female",63,"No","No",26,0,"5G",0,3,1,"Occasional",1,44.45,"No",1,34
"2320-TZRRH","Female",38,"No","No",20,1,"No",0,1,0,"Occasional",12,19.5,"No",0,"Female",38,"No","No",20,1,"No",0,1,0,"Occasional",12,19.5,"No",0,43
"2320-YKQBO","Female",22,"No","No",7,1,"No",0,1,0,"Occasional",1,19.3,"No",0,"Female",22,"No","No",7,1,"No",0,1,0,"Occasional",1,19.3,"No",0,17
"2321-OMBXY","Female",35,"Yes","Yes",38,1,"DSL",3,3,3,"Occasional",12,80.3,"Yes",1,"Female",35,"Yes","Yes",38,1,"DSL",3,3,3,"Occasional",12,80.3,"Yes",1,NA
"2322-VCZHZ","Male",66,"Yes","No",23,1,"Fiber optic",3,2,2,"Occasional",1,90,"No",0,"Male",66,"Yes","No",23,1,"Fiber optic",3,2,2,"Occasional",1,90,"No",0,6
"2323-ARSVR","Male",52,"Yes","No",67,1,"No",3,3,3,"Occasional",24,111.05,"No",0,"Male",52,"Yes","No",67,1,"No",3,3,3,"Occasional",24,111.05,"No",0,33
"2324-AALNO","Female",21,"No","No",48,2,"5G",0,1,0,"Occasional",12,24.55,"No",1,"Female",21,"No","No",48,2,"5G",0,1,0,"Occasional",12,24.55,"No",1,25
"2324-EFHVG","Male",45,"No","No",64,2,"Fiber optic",2,2,3,"Occasional",24,104.4,"No",0,"Male",45,"No","No",64,2,"Fiber optic",2,2,3,"Occasional",24,104.4,"No",0,23
"2325-NBPZG","Female",19,"No","No",3,1,"Fiber optic",1,2,0,"Occasional",1,74.55,"No",0,"Female",19,"No","No",3,1,"Fiber optic",1,2,0,"Occasional",1,74.55,"No",0,25
"2325-WINES","Female",47,"No","No",32,2,"Fiber optic",2,2,3,"Occasional",12,104.05,"No",0,"Female",47,"No","No",32,2,"Fiber optic",2,2,3,"Occasional",12,104.05,"No",0,17
"2325-ZUSFD","Female",26,"Yes","Yes",57,1,"DSL",1,2,3,"Frequent",12,70.1,"Yes",0,"Female",26,"Yes","Yes",57,1,"DSL",1,2,3,"Frequent",12,70.1,"Yes",0,NA
"2332-EFBJY","Male",19,"No","No",16,1,"No",0,1,0,"Occasional",1,19.7,"Yes",0,"Male",19,"No","No",16,1,"No",0,1,0,"Occasional",1,19.7,"Yes",0,NA
"2332-TODQS","Female",20,"No","No",48,2,"No",0,1,0,"Occasional",12,25.05,"No",0,"Female",20,"No","No",48,2,"No",0,1,0,"Occasional",12,25.05,"No",0,4
"2338-BQEZT","Female",48,"No","No",55,1,"DSL",1,2,0,"Occasional",1,50.55,"No",0,"Female",48,"No","No",55,1,"DSL",1,2,0,"Occasional",1,50.55,"No",0,20
"2344-JMOGN","Male",59,"Yes","No",9,1,"Fiber optic",2,3,1,"Occasional",1,94.85,"Yes",0,"Male",59,"Yes","No",9,1,"Fiber optic",2,3,1,"Occasional",1,94.85,"Yes",0,NA
"2346-DJQTB","Female",35,"No","No",35,1,"No",0,2,0,"Occasional",1,24.15,"No",0,"Female",35,"No","No",35,1,"No",0,2,0,"Occasional",1,24.15,"No",0,40
"2359-KMGLI","Male",52,"No","No",24,2,"5G",2,2,0,"Frequent",1,80.25,"Yes",1,"Male",52,"No","No",24,2,"5G",2,2,0,"Frequent",1,80.25,"Yes",1,NA
"2361-FJWNO","Male",41,"No","No",40,0,"DSL",2,3,0,"Occasional",12,36,"No",0,"Male",41,"No","No",40,0,"DSL",2,3,0,"Occasional",12,36,"No",0,37
"2361-UPSND","Female",46,"Yes","No",46,1,"5G",3,3,2,"Occasional",12,70.6,"No",0,"Female",46,"Yes","No",46,1,"5G",3,3,2,"Occasional",12,70.6,"No",0,16
"2362-IBOOY","Male",28,"No","No",36,2,"Fiber optic",0,2,2,"Frequent",1,84.75,"Yes",0,"Male",28,"No","No",36,2,"Fiber optic",0,2,2,"Frequent",1,84.75,"Yes",0,NA
"2363-BJLSL","Male",19,"No","No",62,1,"DSL",2,3,3,"Occasional",1,80.4,"No",0,"Male",19,"No","No",62,1,"DSL",2,3,3,"Occasional",1,80.4,"No",0,11
"2364-UFROM","Male",65,"No","No",30,1,"DSL",3,3,1,"Occasional",12,70.4,"No",0,"Male",65,"No","No",30,1,"DSL",3,3,1,"Occasional",12,70.4,"No",0,40
"2368-GAKKQ","Female",62,"No","No",70,2,"Fiber optic",3,3,3,"Occasional",24,113.65,"No",0,"Female",62,"No","No",70,2,"Fiber optic",3,3,3,"Occasional",24,113.65,"No",0,45
"2369-FEVNO","Male",22,"No","No",1,1,"No",0,1,0,"Occasional",1,19.9,"No",0,"Male",22,"No","No",1,1,"No",0,1,0,"Occasional",1,19.9,"No",0,28
"2371-JUNGC","Male",39,"No","No",11,1,"DSL",0,1,0,"Occasional",1,20.25,"No",0,"Male",39,"No","No",11,1,"DSL",0,1,0,"Occasional",1,20.25,"No",0,27
"2372-HWUHI","Male",40,"No","No",2,1,"5G",0,2,0,"Occasional",1,44.35,"Yes",1,"Male",40,"No","No",2,1,"5G",0,2,0,"Frequent",1,44.35,"Yes",1,NA
"2378-VTKDH","Male",83,"Yes","No",65,2,"Fiber optic",2,2,3,"Occasional",1,104.35,"No",0,"Male",83,"Yes","No",65,2,"Fiber optic",2,2,3,"Occasional",1,104.35,"No",0,41
"2378-YIZKA","Female",20,"Yes","Yes",68,1,"No",3,3,3,"Occasional",24,85,"No",0,"Female",20,"Yes","Yes",68,1,"No",3,3,3,"Occasional",24,85,"No",0,17
"2379-ENZGV","Male",53,"No","No",6,1,"Fiber optic",2,2,1,"Occasional",1,84.85,"Yes",0,"Male",53,"No","No",6,1,"Fiber optic",2,2,1,"Frequent",1,84.85,"Yes",0,NA
"2379-GYFLQ","Male",32,"No","No",46,2,"5G",2,2,1,"Occasional",12,94.9,"No",1,"Male",32,"No","No",46,2,"5G",2,2,1,"Occasional",12,94.9,"No",1,2
"2380-DAMQP","Female",51,"No","No",72,2,"Fiber optic",3,3,3,"Occasional",24,115.15,"No",0,"Female",51,"No","No",72,2,"Fiber optic",3,3,3,"Occasional",24,115.15,"No",0,38
"2382-BCKQJ","Female",47,"No","Yes",62,2,"5G",0,2,3,"Occasional",12,100.15,"Yes",1,"Female",47,"No","Yes",62,2,"5G",0,2,3,"Frequent",12,100.15,"Yes",1,NA
"2386-LAHRK","Male",54,"No","No",1,1,"No",0,2,1,"Frequent",1,53.5,"Yes",0,"Male",54,"No","No",1,1,"No",0,2,1,"Frequent",1,53.5,"Yes",0,NA
"2386-OWURY","Female",26,"No","No",58,1,"Fiber optic",0,3,3,"Occasional",1,95.3,"No",0,"Female",26,"No","No",58,1,"Fiber optic",0,3,3,"Occasional",1,95.3,"No",0,5
"2387-KDZQY","Male",45,"No","No",17,1,"5G",0,1,0,"Occasional",12,20.1,"No",0,"Male",45,"No","No",17,1,"5G",0,1,0,"Occasional",12,20.1,"No",0,41
"2388-LAESQ","Female",75,"Yes","No",72,2,"5G",3,3,3,"Occasional",24,114.85,"No",0,"Female",75,"Yes","No",72,2,"5G",3,3,3,"Occasional",24,114.85,"No",0,41
"2391-IPLOP","Male",27,"Yes","Yes",50,2,"5G",0,3,1,"Occasional",12,69.65,"No",1,"Male",27,"Yes","Yes",50,2,"5G",0,3,1,"Occasional",12,69.65,"No",1,23
"2393-DIVAI","Female",19,"No","No",3,1,"5G",0,1,0,"Occasional",1,20,"No",1,"Female",19,"No","No",3,1,"5G",0,1,0,"Occasional",1,20,"No",1,36
"2397-BRLOM","Male",80,"Yes","Yes",8,1,"No",0,2,1,"Frequent",1,80.45,"Yes",0,"Male",80,"Yes","Yes",8,1,"No",0,2,1,"Frequent",1,80.45,"Yes",0,NA
"2398-YPMUR","Female",71,"Yes","No",13,1,"Fiber optic",0,2,0,"Frequent",1,70.15,"Yes",0,"Female",71,"Yes","No",13,1,"Fiber optic",0,2,0,"Frequent",1,70.15,"Yes",0,NA
"2400-FEQME","Male",36,"No","No",55,1,"No",0,1,0,"Occasional",24,20.5,"No",0,"Male",36,"No","No",55,1,"No",0,1,0,"Occasional",24,20.5,"No",0,3
"2402-TAIRZ","Female",51,"No","No",37,1,"No",2,2,0,"Occasional",12,80.05,"No",0,"Female",51,"No","No",37,1,"No",2,2,0,"Occasional",12,80.05,"No",0,9
"2404-JIBFC","Female",53,"Yes","Yes",55,2,"DSL",1,3,3,"Occasional",24,85.1,"No",0,"Female",53,"Yes","Yes",55,2,"DSL",1,3,3,"Occasional",24,85.1,"No",0,11
"2408-PSJVE","Male",29,"Yes","Yes",44,1,"DSL",2,3,0,"Occasional",1,61.9,"No",0,"Male",29,"Yes","Yes",44,1,"DSL",2,3,0,"Occasional",1,61.9,"No",0,26
"2408-WITXK","Female",80,"No","No",10,1,"No",0,2,2,"Frequent",1,34.7,"Yes",0,"Female",80,"No","No",10,1,"No",0,2,2,"Frequent",1,34.7,"Yes",0,NA
"2410-CIYFZ","Male",54,"No","No",2,1,"No",0,1,0,"Occasional",1,20.4,"No",0,"Male",54,"No","No",2,1,"No",0,1,0,"Occasional",1,20.4,"No",0,14
"2418-TPEUN","Female",56,"No","No",56,1,"5G",0,1,0,"Occasional",24,19.8,"No",0,"Female",56,"No","No",56,1,"5G",0,1,0,"Occasional",24,19.8,"No",0,23
"2424-WVHPL","Male",81,"No","No",1,1,"5G",0,3,0,"Occasional",1,74.7,"No",1,"Male",81,"No","No",1,1,"5G",0,3,0,"Occasional",1,74.7,"No",1,66
"2429-AYKKO","Male",44,"No","No",72,1,"5G",0,1,0,"Occasional",24,19.85,"No",0,"Male",44,"No","No",72,1,"5G",0,1,0,"Occasional",24,19.85,"No",0,29
"2430-RRYUW","Male",45,"No","No",66,1,"5G",3,2,0,"Occasional",12,54.8,"No",0,"Male",45,"No","No",66,1,"5G",3,2,0,"Occasional",12,54.8,"No",0,9
"2433-KMEAS","Male",36,"No","No",22,1,"No",1,2,0,"Frequent",1,54.45,"Yes",0,"Male",36,"No","No",22,1,"No",1,2,0,"Frequent",1,54.45,"Yes",0,NA
"2434-EEVDB","Female",48,"Yes","No",64,2,"Fiber optic",1,2,1,"Occasional",24,94.6,"No",0,"Female",48,"Yes","No",64,2,"Fiber optic",1,2,1,"Occasional",24,94.6,"No",0,44
"2436-QBZFP","Female",49,"No","No",22,0,"DSL",2,2,1,"Occasional",1,39.2,"No",0,"Female",49,"No","No",22,0,"DSL",2,2,1,"Occasional",1,39.2,"No",0,16
"2439-QKJUL","Male",62,"No","No",5,2,"No",0,1,0,"Occasional",1,20.25,"No",0,"Male",62,"No","No",5,2,"No",0,1,0,"Occasional",1,20.25,"No",0,16
"2446-BEGGB","Female",81,"No","No",6,2,"Fiber optic",2,2,3,"Frequent",1,98.25,"Yes",0,"Female",81,"No","No",6,2,"Fiber optic",2,2,3,"Occasional",1,98.25,"Yes",0,NA
"2446-PLQVO","Male",61,"No","No",1,1,"Fiber optic",0,2,0,"Frequent",1,70.3,"Yes",0,"Male",61,"No","No",1,1,"Fiber optic",0,2,0,"Occasional",1,70.3,"Yes",0,NA
"2446-ZKVAF","Male",44,"Yes","No",18,2,"5G",2,2,0,"Occasional",1,56.8,"No",0,"Male",44,"Yes","No",18,2,"5G",2,2,0,"Occasional",1,56.8,"No",0,33
"2452-KDRRH","Male",90,"No","No",67,1,"No",0,2,3,"Occasional",1,101.4,"No",0,"Male",90,"No","No",67,1,"No",0,2,3,"Occasional",1,101.4,"No",0,27
"2452-MRMZF","Female",59,"No","No",72,2,"No",0,1,0,"Occasional",24,25.7,"No",0,"Female",59,"No","No",72,2,"No",0,1,0,"Occasional",24,25.7,"No",0,28
"2455-USLMV","Female",53,"No","No",31,2,"Fiber optic",1,2,0,"Occasional",1,84.75,"No",0,"Female",53,"No","No",31,2,"Fiber optic",1,2,0,"Occasional",1,84.75,"No",0,35
"2458-EOMRE","Female",20,"No","No",11,1,"DSL",1,2,2,"Occasional",1,64.05,"No",0,"Female",20,"No","No",11,1,"DSL",1,2,2,"Occasional",1,64.05,"No",0,34
"2460-FPSYH","Female",69,"No","No",40,0,"DSL",3,2,3,"Frequent",1,55.8,"Yes",0,"Female",69,"No","No",40,0,"DSL",3,2,3,"Frequent",1,55.8,"Yes",0,NA
"2460-NGXBJ","Male",89,"Yes","Yes",11,2,"5G",0,2,0,"Occasional",1,75.2,"No",0,"Male",89,"Yes","Yes",11,2,"5G",0,2,0,"Occasional",1,75.2,"No",0,11
"2465-BLLEU","Male",38,"No","No",1,1,"No",0,1,0,"Occasional",1,19.75,"No",0,"Male",38,"No","No",1,1,"No",0,1,0,"Occasional",1,19.75,"No",0,13
"2466-FCCPT","Female",55,"No","No",20,1,"No",0,1,0,"Occasional",12,19.7,"No",0,"Female",55,"No","No",20,1,"No",0,1,0,"Occasional",12,19.7,"No",0,21
"2466-NEJOJ","Male",65,"No","No",8,1,"No",0,1,0,"Occasional",1,19.65,"No",0,"Male",65,"No","No",8,1,"No",0,1,0,"Occasional",1,19.65,"No",0,45
"2468-SJFLM","Male",24,"No","No",1,1,"DSL",0,3,0,"Occasional",1,74.3,"No",0,"Male",24,"No","No",1,1,"DSL",0,3,0,"Occasional",1,74.3,"No",0,12
"2469-DTSGX","Female",70,"No","No",72,2,"5G",2,3,3,"Occasional",24,111.65,"No",1,"Female",70,"No","No",72,2,"5G",2,3,3,"Occasional",24,111.65,"No",1,38
"2472-OVKUP","Male",25,"Yes","No",6,1,"5G",2,2,2,"Frequent",1,91,"Yes",1,"Male",25,"Yes","No",6,1,"5G",2,2,2,"Frequent",1,91,"Yes",1,NA
"2474-BRUCM","Male",75,"Yes","No",40,2,"Fiber optic",1,2,3,"Frequent",1,101.85,"Yes",0,"Male",75,"Yes","No",40,2,"Fiber optic",1,2,3,"Occasional",1,101.85,"Yes",0,NA
"2474-LCNUE","Female",41,"Yes","No",23,2,"5G",0,3,3,"Occasional",1,73.65,"No",0,"Female",41,"Yes","No",23,2,"5G",0,3,3,"Occasional",1,73.65,"No",0,36
"2475-MROZF","Male",20,"No","No",30,2,"5G",3,3,0,"Occasional",1,95,"No",1,"Male",20,"No","No",30,2,"5G",3,3,0,"Occasional",1,95,"No",1,12
"2476-YGEFM","Female",53,"No","No",29,2,"Fiber optic",0,2,0,"Occasional",1,76,"No",0,"Female",53,"No","No",29,2,"Fiber optic",0,2,0,"Occasional",1,76,"No",0,37
"2478-EEWWM","Male",63,"Yes","No",59,0,"DSL",0,2,3,"Occasional",1,44.3,"No",0,"Male",63,"Yes","No",59,0,"DSL",0,2,3,"Occasional",1,44.3,"No",0,12
"2479-BRAMR","Male",67,"Yes","No",41,2,"Fiber optic",1,2,0,"Frequent",1,83.75,"Yes",0,"Male",67,"Yes","No",41,2,"Fiber optic",1,2,0,"Frequent",1,83.75,"Yes",0,NA
"2480-EJWYP","Female",84,"Yes","No",58,2,"5G",2,2,3,"Occasional",12,97.8,"No",0,"Female",84,"Yes","No",58,2,"5G",2,2,3,"Occasional",12,97.8,"No",0,5
"2480-JZOSN","Female",20,"Yes","No",1,1,"5G",0,1,0,"Occasional",1,20.65,"No",1,"Female",20,"Yes","No",1,1,"5G",0,1,0,"Occasional",1,20.65,"No",1,7
"2481-SBOYW","Female",55,"No","No",61,2,"No",0,1,0,"Occasional",24,25,"No",0,"Female",55,"No","No",61,2,"No",0,1,0,"Occasional",24,25,"No",0,5
"2482-CZGBB","Male",42,"No","No",10,1,"5G",0,2,0,"Frequent",1,70,"Yes",0,"Male",42,"No","No",10,1,"5G",0,2,0,"Frequent",1,70,"Yes",0,NA
"2483-XSSMZ","Female",61,"No","No",39,1,"5G",1,2,0,"Occasional",12,47.85,"No",1,"Female",61,"No","No",39,1,"5G",1,2,0,"Occasional",12,47.85,"No",1,13
"2484-DGXPZ","Female",19,"Yes","Yes",31,1,"5G",0,1,0,"Occasional",1,19.55,"Yes",0,"Female",19,"Yes","Yes",31,1,"5G",0,1,0,"Occasional",1,19.55,"Yes",0,NA
"2495-INZWQ","Male",64,"No","No",4,1,"No",0,2,3,"Frequent",1,44.55,"Yes",0,"Male",64,"No","No",4,1,"No",0,2,3,"Frequent",1,44.55,"Yes",0,NA
"2499-AJYUA","Female",83,"Yes","No",72,2,"5G",2,3,3,"Occasional",24,110.8,"No",1,"Female",83,"Yes","No",72,2,"5G",2,3,3,"Occasional",24,110.8,"No",1,6
"2501-XWWTZ","Male",33,"No","No",11,1,"DSL",0,2,0,"Occasional",1,70.2,"No",1,"Male",33,"No","No",11,1,"DSL",0,2,0,"Occasional",1,70.2,"No",1,39
"2504-DSHIH","Male",74,"Yes","No",23,2,"5G",0,2,2,"Occasional",1,86.8,"No",1,"Male",74,"Yes","No",23,2,"5G",0,2,2,"Occasional",1,86.8,"No",1,63
"2506-CLAKW","Female",59,"No","No",6,1,"5G",3,3,2,"Occasional",1,98.15,"Yes",0,"Female",59,"No","No",6,1,"5G",3,3,2,"Occasional",1,98.15,"Yes",0,NA
"2506-TNFCO","Female",89,"Yes","No",1,1,"Fiber optic",0,2,0,"Frequent",1,69.55,"Yes",0,"Female",89,"Yes","No",1,1,"Fiber optic",0,2,0,"Frequent",1,69.55,"Yes",0,NA
"2507-QZPQS","Male",44,"No","No",15,2,"Fiber optic",2,3,2,"Occasional",1,95.7,"No",0,"Male",44,"No","No",15,2,"Fiber optic",2,3,2,"Occasional",1,95.7,"No",0,37
"2511-ALLCS","Female",65,"No","No",35,2,"No",0,1,0,"Occasional",24,24.3,"No",0,"Female",65,"No","No",35,2,"No",0,1,0,"Occasional",24,24.3,"No",0,34
"2511-MORQY","Male",28,"Yes","Yes",50,2,"DSL",0,2,0,"Occasional",12,54.9,"No",0,"Male",28,"Yes","Yes",50,2,"DSL",0,2,0,"Occasional",12,54.9,"No",0,16
"2514-GINMM","Male",32,"No","No",1,1,"5G",0,2,1,"Frequent",1,79.5,"Yes",0,"Male",32,"No","No",1,1,"5G",0,2,1,"Frequent",1,79.5,"Yes",0,NA
"2516-VQRRV","Female",65,"No","No",2,2,"No",0,2,0,"Frequent",1,75.45,"Yes",0,"Female",65,"No","No",2,2,"No",0,2,0,"Frequent",1,75.45,"Yes",0,NA
"2516-XSJKX","Female",57,"Yes","Yes",41,1,"DSL",3,3,3,"Occasional",24,78.45,"No",0,"Female",57,"Yes","Yes",41,1,"DSL",3,3,3,"Occasional",24,78.45,"No",0,44
"2519-ERQOJ","Male",68,"No","No",33,0,"5G",0,3,3,"Occasional",1,54.6,"No",1,"Male",68,"No","No",33,0,"5G",0,3,3,"Occasional",1,54.6,"No",1,26
"2519-FAKOD","Male",27,"No","Yes",38,1,"No",0,2,3,"Frequent",1,99.25,"Yes",0,"Male",27,"No","Yes",38,1,"No",0,2,3,"Frequent",1,99.25,"Yes",0,NA
"2519-LBNQL","Male",76,"Yes","No",60,2,"DSL",2,2,3,"Occasional",12,104.35,"No",0,"Male",76,"Yes","No",60,2,"DSL",2,2,3,"Occasional",12,104.35,"No",0,22
"2519-TWKFS","Male",64,"Yes","Yes",25,2,"DSL",0,3,0,"Occasional",12,55.1,"No",0,"Male",64,"Yes","Yes",25,2,"DSL",0,3,0,"Occasional",12,55.1,"No",0,41
"2520-SGTTA","Female",21,"Yes","Yes",0,1,"No",0,1,0,"Occasional",24,20,"No",0,"Female",21,"Yes","Yes",0,1,"No",0,1,0,"Occasional",24,20,"No",0,28
"2521-NPUZR","Male",50,"Yes","No",70,1,"5G",3,3,2,"Occasional",24,101,"No",1,"Male",50,"Yes","No",70,1,"5G",3,3,2,"Occasional",24,101,"No",1,8
"2522-WLNSF","Female",87,"Yes","No",34,1,"DSL",0,3,1,"Occasional",12,64.2,"No",0,"Female",87,"Yes","No",34,1,"DSL",0,3,1,"Occasional",12,64.2,"No",0,41
"2528-HFYZX","Male",82,"Yes","No",17,1,"5G",2,2,0,"Frequent",1,76.45,"Yes",0,"Male",82,"Yes","No",17,1,"5G",2,2,0,"Frequent",1,76.45,"Yes",0,NA
"2530-ENDWQ","Female",31,"Yes","No",71,2,"Fiber optic",0,2,3,"Frequent",24,93.7,"Yes",0,"Female",31,"Yes","No",71,2,"Fiber optic",0,2,3,"Occasional",24,93.7,"Yes",0,NA
"2530-FMFXO","Male",53,"Yes","Yes",56,2,"5G",0,3,3,"Occasional",24,103.2,"No",0,"Male",53,"Yes","Yes",56,2,"5G",0,3,3,"Occasional",24,103.2,"No",0,14
"2533-QVMSK","Male",30,"Yes","No",61,2,"Fiber optic",2,3,1,"Occasional",24,94.1,"Yes",0,"Male",30,"Yes","No",61,2,"Fiber optic",2,3,1,"Occasional",24,94.1,"Yes",0,NA
"2533-TIBIX","Male",20,"Yes","Yes",15,0,"DSL",1,2,0,"Occasional",1,30.2,"No",0,"Male",20,"Yes","Yes",15,0,"DSL",1,2,0,"Occasional",1,30.2,"No",0,24
"2535-PBCGC","Female",46,"Yes","No",70,0,"DSL",3,3,3,"Occasional",24,64.55,"No",0,"Female",46,"Yes","No",70,0,"DSL",3,3,3,"Occasional",24,64.55,"No",0,2
"2538-OIMXF","Female",21,"No","Yes",1,0,"5G",0,2,0,"Occasional",1,24.7,"No",0,"Female",21,"No","Yes",1,0,"5G",0,2,0,"Occasional",1,24.7,"No",0,3
"2545-EBUPK","Female",89,"No","No",2,1,"No",0,2,2,"Occasional",1,84.05,"No",0,"Female",89,"No","No",2,1,"No",0,2,2,"Occasional",1,84.05,"No",0,4
"2545-LXYVJ","Male",21,"Yes","No",72,1,"5G",0,1,0,"Occasional",24,20.7,"No",1,"Male",21,"Yes","No",72,1,"5G",0,1,0,"Occasional",24,20.7,"No",1,40
"2550-AEVRU","Female",34,"Yes","Yes",57,1,"DSL",3,2,0,"Occasional",12,53.45,"No",0,"Female",34,"Yes","Yes",57,1,"DSL",3,2,0,"Occasional",12,53.45,"No",0,43
"2550-QHZGP","Male",22,"No","No",7,1,"5G",0,1,0,"Occasional",12,19.5,"No",0,"Male",22,"No","No",7,1,"5G",0,1,0,"Occasional",12,19.5,"No",0,0
"2560-PPCHE","Female",43,"No","No",65,2,"5G",2,3,3,"Occasional",12,105.05,"No",1,"Female",43,"No","No",65,2,"5G",2,3,3,"Occasional",12,105.05,"No",1,30
"2560-WBWXF","Male",21,"No","No",68,2,"5G",0,1,0,"Occasional",24,24.15,"No",0,"Male",21,"No","No",68,2,"5G",0,1,0,"Occasional",24,24.15,"No",0,37
"2565-JSLRY","Male",50,"No","No",1,2,"No",0,1,0,"Occasional",1,24.05,"Yes",0,"Male",50,"No","No",1,2,"No",0,1,0,"Occasional",1,24.05,"Yes",0,NA
"2573-GYRUU","Male",74,"Yes","No",48,2,"5G",0,2,2,"Occasional",1,91.05,"No",0,"Male",74,"Yes","No",48,2,"5G",0,2,2,"Occasional",1,91.05,"No",0,0
"2575-GFSOE","Female",60,"Yes","Yes",7,1,"Fiber optic",0,2,0,"Frequent",1,69,"Yes",0,"Female",60,"Yes","Yes",7,1,"Fiber optic",0,2,0,"Occasional",1,69,"Yes",0,NA
"2576-HXMPA","Female",39,"No","No",1,1,"No",0,1,0,"Occasional",1,19.55,"No",0,"Female",39,"No","No",1,1,"No",0,1,0,"Occasional",1,19.55,"No",0,15
"2578-JQPHZ","Male",64,"No","No",44,1,"Fiber optic",0,3,3,"Occasional",24,100.1,"No",0,"Male",64,"No","No",44,1,"Fiber optic",0,3,3,"Occasional",24,100.1,"No",0,27
"2580-ATZSQ","Female",52,"Yes","Yes",65,1,"DSL",3,2,0,"Occasional",12,61.35,"No",0,"Female",52,"Yes","Yes",65,1,"DSL",3,2,0,"Occasional",12,61.35,"No",0,14
"2585-KTFRE","Male",54,"No","Yes",1,1,"No",3,3,2,"Occasional",1,70.45,"No",0,"Male",54,"No","Yes",1,1,"No",3,3,2,"Occasional",1,70.45,"No",0,18
"2586-CWXVV","Male",21,"Yes","No",54,0,"5G",2,2,0,"Occasional",1,30.4,"No",0,"Male",21,"Yes","No",54,0,"5G",2,2,0,"Occasional",1,30.4,"No",0,26
"2587-EKXTS","Male",53,"No","No",44,2,"Fiber optic",3,2,3,"Occasional",1,111.5,"No",0,"Male",53,"No","No",44,2,"Fiber optic",3,2,3,"Occasional",1,111.5,"No",0,17
"2589-AYCRP","Female",38,"No","No",50,1,"No",0,1,0,"Occasional",12,19.75,"No",0,"Female",38,"No","No",50,1,"No",0,1,0,"Occasional",12,19.75,"No",0,9
"2592-HODOV","Male",20,"No","No",13,1,"No",0,1,0,"Occasional",12,19.3,"No",0,"Male",20,"No","No",13,1,"No",0,1,0,"Occasional",12,19.3,"No",0,23
"2592-SEIFQ","Male",40,"No","No",3,0,"DSL",0,2,0,"Frequent",1,24.75,"Yes",0,"Male",40,"No","No",3,0,"DSL",0,2,0,"Frequent",1,24.75,"Yes",0,NA
"2592-YKDIF","Female",35,"No","No",1,1,"5G",0,1,0,"Occasional",1,20.35,"No",0,"Female",35,"No","No",1,1,"5G",0,1,0,"Occasional",1,20.35,"No",0,30
"2595-KIWPV","Male",48,"No","No",27,1,"No",0,1,0,"Occasional",24,19.7,"No",0,"Male",48,"No","No",27,1,"No",0,1,0,"Occasional",24,19.7,"No",0,25
"2599-CIPQE","Male",46,"Yes","Yes",71,1,"Fiber optic",3,3,3,"Occasional",24,109.3,"No",0,"Male",46,"Yes","Yes",71,1,"Fiber optic",3,3,3,"Occasional",24,109.3,"No",0,38
"2603-HVKCG","Male",28,"No","No",31,2,"No",2,2,3,"Occasional",1,101.4,"No",0,"Male",28,"No","No",31,2,"No",2,2,3,"Occasional",1,101.4,"No",0,44
"2604-IJPDU","Female",54,"Yes","No",20,1,"5G",3,3,1,"Occasional",1,96.55,"No",1,"Female",54,"Yes","No",20,1,"5G",3,3,1,"Occasional",1,96.55,"No",1,65
"2604-XVDAM","Female",32,"No","No",12,1,"5G",0,2,0,"Occasional",1,43.8,"No",1,"Female",32,"No","No",12,1,"5G",0,2,0,"Occasional",1,43.8,"No",1,43
"2606-PKWJB","Male",42,"No","Yes",40,1,"No",3,3,0,"Occasional",12,40.25,"No",0,"Male",42,"No","Yes",40,1,"No",3,3,0,"Occasional",12,40.25,"No",0,11
"2606-RMDHZ","Male",19,"No","No",6,0,"DSL",2,2,0,"Frequent",1,30.5,"Yes",0,"Male",19,"No","No",6,0,"DSL",2,2,0,"Frequent",1,30.5,"Yes",0,NA
"2607-FBDFF","Male",31,"No","No",1,1,"DSL",0,3,0,"Occasional",1,49,"No",0,"Male",31,"No","No",1,1,"DSL",0,3,0,"Occasional",1,49,"No",0,14
"2608-BHKFN","Female",32,"No","No",4,1,"No",0,2,0,"Frequent",1,70.05,"Yes",0,"Female",32,"No","No",4,1,"No",0,2,0,"Frequent",1,70.05,"Yes",0,NA
"2609-IAICY","Female",21,"No","No",1,2,"No",0,2,0,"Frequent",1,77.15,"Yes",0,"Female",21,"No","No",1,2,"No",0,2,0,"Frequent",1,77.15,"Yes",0,NA
"2612-PHGOX","Male",52,"Yes","No",64,2,"5G",2,3,1,"Occasional",24,76.1,"No",0,"Male",52,"Yes","No",64,2,"5G",2,3,1,"Occasional",24,76.1,"No",0,12
"2612-RANWT","Female",52,"No","No",12,2,"Fiber optic",0,2,3,"Frequent",1,100.15,"Yes",0,"Female",52,"No","No",12,2,"Fiber optic",0,2,3,"Frequent",1,100.15,"Yes",0,NA
"2612-RRIDN","Male",51,"No","No",4,1,"Fiber optic",0,2,1,"Frequent",1,81,"Yes",0,"Male",51,"No","No",4,1,"Fiber optic",0,2,1,"Frequent",1,81,"Yes",0,NA
"2615-YVMYX","Male",71,"Yes","No",71,2,"Fiber optic",3,2,3,"Occasional",1,107.5,"No",0,"Male",71,"Yes","No",71,2,"Fiber optic",3,2,3,"Occasional",1,107.5,"No",0,1
"2616-FLVQC","Male",21,"No","No",64,1,"5G",0,1,0,"Occasional",24,19.55,"No",0,"Male",21,"No","No",64,1,"5G",0,1,0,"Occasional",24,19.55,"No",0,30
"2623-DRYAM","Female",56,"Yes","No",70,2,"Fiber optic",0,2,3,"Occasional",12,101.75,"No",0,"Female",56,"Yes","No",70,2,"Fiber optic",0,2,3,"Occasional",12,101.75,"No",0,8
"2625-TRCZQ","Female",50,"Yes","No",51,0,"5G",2,2,3,"Occasional",1,49.65,"No",0,"Female",50,"Yes","No",51,0,"5G",2,2,3,"Occasional",1,49.65,"No",0,14
"2626-URJFX","Male",29,"Yes","Yes",4,2,"DSL",0,2,0,"Frequent",1,50.9,"Yes",0,"Male",29,"Yes","Yes",4,2,"DSL",0,2,0,"Frequent",1,50.9,"Yes",0,NA
"2632-IVXVF","Female",51,"No","No",68,2,"Fiber optic",1,3,3,"Occasional",24,111.75,"No",0,"Female",51,"No","No",68,2,"Fiber optic",1,3,3,"Occasional",24,111.75,"No",0,44
"2632-TACXW","Female",19,"Yes","No",62,2,"5G",0,1,0,"Occasional",24,23.65,"No",0,"Female",19,"Yes","No",62,2,"5G",0,1,0,"Occasional",24,23.65,"No",0,24
"2632-UCGVD","Male",73,"Yes","No",66,2,"Fiber optic",0,3,3,"Occasional",1,100.05,"Yes",0,"Male",73,"Yes","No",66,2,"Fiber optic",0,3,3,"Occasional",1,100.05,"Yes",0,NA
"2634-HCZGT","Male",73,"Yes","No",53,1,"No",1,3,0,"Occasional",12,60.05,"Yes",0,"Male",73,"Yes","No",53,1,"No",1,3,0,"Occasional",12,60.05,"Yes",0,NA
"2636-OHFMN","Male",41,"Yes","No",4,1,"No",2,2,3,"Frequent",1,48.55,"Yes",0,"Male",41,"Yes","No",4,1,"No",2,2,3,"Frequent",1,48.55,"Yes",0,NA
"2636-SJDOU","Male",21,"No","No",64,2,"5G",3,2,0,"Occasional",12,84.3,"No",1,"Male",21,"No","No",64,2,"5G",3,2,0,"Occasional",12,84.3,"No",1,65
"2637-FKFSY","Female",59,"Yes","No",3,1,"5G",0,2,0,"Occasional",1,46.1,"No",0,"Female",59,"Yes","No",3,1,"5G",0,2,0,"Occasional",1,46.1,"No",0,42
"2639-UGMAZ","Male",84,"No","No",71,0,"5G",3,2,3,"Occasional",12,56.45,"No",1,"Male",84,"No","No",71,0,"5G",3,2,3,"Occasional",12,56.45,"No",1,69
"2640-LYMOV","Male",52,"No","No",2,1,"5G",0,1,0,"Occasional",1,19.65,"No",1,"Male",52,"No","No",2,1,"5G",0,1,0,"Occasional",1,19.65,"No",1,10
"2640-PMGFL","Male",27,"No","Yes",27,1,"No",0,3,0,"Occasional",1,79.5,"Yes",0,"Male",27,"No","Yes",27,1,"No",0,3,0,"Occasional",1,79.5,"Yes",0,NA
"2645-QTLMB","Male",42,"No","No",7,1,"Fiber optic",2,2,3,"Frequent",1,94.25,"Yes",0,"Male",42,"No","No",7,1,"Fiber optic",2,2,3,"Frequent",1,94.25,"Yes",0,NA
"2649-HWLYB","Male",34,"Yes","No",65,2,"DSL",1,3,2,"Occasional",24,76.15,"No",0,"Male",34,"Yes","No",65,2,"DSL",1,3,2,"Occasional",24,76.15,"No",0,29
"2650-GYRYL","Male",56,"No","No",33,1,"No",0,1,0,"Occasional",12,19.45,"No",0,"Male",56,"No","No",33,1,"No",0,1,0,"Occasional",12,19.45,"No",0,14
"2651-ZCBXV","Male",24,"No","No",54,2,"5G",3,3,3,"Occasional",24,108,"No",1,"Male",24,"No","No",54,2,"5G",3,3,3,"Occasional",24,108,"No",1,51
"2654-VBVPB","Female",64,"No","No",1,1,"5G",0,1,0,"Occasional",1,19.9,"No",1,"Female",64,"No","No",1,1,"5G",0,1,0,"Occasional",1,19.9,"No",1,8
"2656-FMOKZ","Female",85,"No","No",15,2,"DSL",0,2,0,"Frequent",1,74.45,"Yes",1,"Female",85,"No","No",15,2,"DSL",0,2,0,"Frequent",1,74.45,"Yes",1,NA
"2657-ALMWY","Female",71,"Yes","No",26,1,"Fiber optic",2,2,2,"Frequent",1,84.95,"Yes",0,"Female",71,"Yes","No",26,1,"Fiber optic",2,2,2,"Frequent",1,84.95,"Yes",0,NA
"2657-VPXTA","Female",19,"Yes","Yes",10,1,"Fiber optic",0,2,3,"Occasional",1,88.85,"No",0,"Female",19,"Yes","Yes",10,1,"Fiber optic",0,2,3,"Occasional",1,88.85,"No",0,11
"2659-VXMWZ","Male",34,"Yes","Yes",67,2,"DSL",3,2,3,"Frequent",12,111.3,"Yes",0,"Male",34,"Yes","Yes",67,2,"DSL",3,2,3,"Frequent",12,111.3,"Yes",0,NA
"2660-EMUBI","Male",66,"No","No",10,2,"5G",0,2,3,"Frequent",1,95.35,"Yes",0,"Male",66,"No","No",10,2,"5G",0,2,3,"Frequent",1,95.35,"Yes",0,NA
"2661-GKBTK","Male",29,"Yes","Yes",60,1,"DSL",2,3,3,"Occasional",24,76.95,"No",0,"Male",29,"Yes","Yes",60,1,"DSL",2,3,3,"Occasional",24,76.95,"No",0,20
"2662-NNTDK","Male",54,"No","No",65,1,"No",0,1,0,"Occasional",12,24.8,"No",0,"Male",54,"No","No",65,1,"No",0,1,0,"Occasional",12,24.8,"No",0,9
"2664-XJZNO","Male",35,"Yes","Yes",72,1,"Fiber optic",1,3,3,"Occasional",24,104.9,"No",0,"Male",35,"Yes","Yes",72,1,"Fiber optic",1,3,3,"Occasional",24,104.9,"No",0,13
"2665-NPTGL","Female",76,"Yes","No",26,2,"Fiber optic",0,2,3,"Occasional",1,98.1,"No",0,"Female",76,"Yes","No",26,2,"Fiber optic",0,2,3,"Occasional",1,98.1,"No",0,32
"2667-WYLWJ","Female",45,"No","No",8,1,"5G",0,1,0,"Occasional",12,19.75,"Yes",0,"Female",45,"No","No",8,1,"5G",0,1,0,"Occasional",12,19.75,"Yes",0,NA
"2669-OIDSD","Female",43,"Yes","No",48,1,"Fiber optic",0,3,3,"Occasional",1,100.05,"No",0,"Female",43,"Yes","No",48,1,"Fiber optic",0,3,3,"Occasional",1,100.05,"No",0,22
"2669-QVCRG","Female",56,"No","No",41,2,"Fiber optic",1,2,0,"Occasional",1,81.3,"No",0,"Female",56,"No","No",41,2,"Fiber optic",1,2,0,"Occasional",1,81.3,"No",0,12
"2672-DZUOY","Male",37,"No","No",1,0,"5G",0,2,0,"Frequent",1,25.15,"Yes",0,"Male",37,"No","No",1,0,"5G",0,2,0,"Frequent",1,25.15,"Yes",0,NA
"2672-HUYVI","Female",27,"No","No",6,1,"No",0,2,3,"Frequent",1,91.1,"Yes",0,"Female",27,"No","No",6,1,"No",0,2,3,"Frequent",1,91.1,"Yes",0,NA
"2672-OJQZP","Female",60,"No","No",1,1,"DSL",0,2,0,"Occasional",1,44.75,"No",0,"Female",60,"No","No",1,1,"DSL",0,2,0,"Occasional",1,44.75,"No",0,9
"2672-TGEFF","Female",20,"Yes","Yes",37,2,"5G",2,2,1,"Occasional",1,88.8,"No",1,"Female",20,"Yes","Yes",37,2,"5G",2,2,1,"Occasional",1,88.8,"No",1,37
"2673-CXQEU","Female",77,"No","No",56,2,"DSL",3,2,3,"Occasional",12,110.5,"No",1,"Female",77,"No","No",56,2,"DSL",3,2,3,"Occasional",12,110.5,"No",1,70
"2673-ZALNP","Female",20,"No","No",7,1,"No",0,1,0,"Occasional",12,19.9,"No",0,"Female",20,"No","No",7,1,"No",0,1,0,"Occasional",12,19.9,"No",0,28
"2674-MIAHT","Female",63,"No","No",4,1,"No",2,2,0,"Occasional",1,80.3,"No",0,"Female",63,"No","No",4,1,"No",2,2,0,"Occasional",1,80.3,"No",0,26
"2675-IJRGJ","Male",21,"No","No",53,1,"No",0,1,0,"Occasional",24,19.65,"No",0,"Male",21,"No","No",53,1,"No",0,1,0,"Occasional",24,19.65,"No",0,4
"2675-OTVVJ","Male",78,"Yes","No",31,2,"Fiber optic",1,2,1,"Occasional",1,89.45,"No",0,"Male",78,"Yes","No",31,2,"Fiber optic",1,2,1,"Occasional",1,89.45,"No",0,13
"2676-ISHSF","Male",21,"No","No",1,1,"No",0,1,0,"Occasional",1,20.3,"No",0,"Male",21,"No","No",1,1,"No",0,1,0,"Occasional",1,20.3,"No",0,26
"2676-OXPPQ","Male",47,"No","No",6,1,"DSL",3,2,0,"Occasional",1,55.7,"No",0,"Male",47,"No","No",6,1,"DSL",3,2,0,"Occasional",1,55.7,"No",0,22
"2680-XKKNJ","Female",28,"No","No",8,1,"DSL",3,3,0,"Occasional",12,58.2,"No",0,"Female",28,"No","No",8,1,"DSL",3,3,0,"Occasional",12,58.2,"No",0,20
"2682-KEVRP","Female",75,"No","No",22,1,"5G",0,1,0,"Occasional",12,20.05,"No",1,"Female",75,"No","No",22,1,"5G",0,1,0,"Occasional",12,20.05,"No",1,13
"2683-BPJSO","Male",29,"Yes","No",29,2,"Fiber optic",3,2,0,"Frequent",1,84.45,"Yes",0,"Male",29,"Yes","No",29,2,"Fiber optic",3,2,0,"Frequent",1,84.45,"Yes",0,NA
"2683-JXWQQ","Male",20,"Yes","Yes",61,0,"5G",1,2,0,"Occasional",1,33.6,"No",0,"Male",20,"Yes","Yes",61,0,"5G",1,2,0,"Occasional",1,33.6,"No",0,25
"2684-EIWEO","Female",79,"No","No",30,2,"5G",3,2,0,"Occasional",1,91.7,"Yes",1,"Female",79,"No","No",30,2,"5G",3,2,0,"Frequent",1,91.7,"Yes",1,NA
"2688-BHGOG","Male",65,"No","No",9,1,"Fiber optic",0,2,2,"Occasional",1,79.55,"No",0,"Male",65,"No","No",9,1,"Fiber optic",0,2,2,"Occasional",1,79.55,"No",0,2
"2690-DVRVK","Male",20,"Yes","Yes",5,1,"No",0,1,0,"Occasional",12,20.55,"No",0,"Male",20,"Yes","Yes",5,1,"No",0,1,0,"Occasional",12,20.55,"No",0,18
"2691-NZETQ","Male",45,"No","No",9,2,"No",0,2,1,"Frequent",1,85.35,"Yes",0,"Male",45,"No","No",9,2,"No",0,2,1,"Frequent",1,85.35,"Yes",0,NA
"2692-AQCPF","Female",23,"Yes","No",65,2,"5G",2,3,3,"Occasional",12,108.05,"No",1,"Female",23,"Yes","No",65,2,"5G",2,3,3,"Occasional",12,108.05,"No",1,27
"2692-BUCFV","Male",81,"No","No",29,1,"5G",2,2,3,"Occasional",1,101.45,"No",0,"Male",81,"No","No",29,1,"5G",2,2,3,"Occasional",1,101.45,"No",0,14
"2696-ECXKC","Female",62,"Yes","Yes",55,2,"Fiber optic",1,2,3,"Occasional",12,100.9,"No",0,"Female",62,"Yes","Yes",55,2,"Fiber optic",1,2,3,"Occasional",12,100.9,"No",0,5
"2696-RZVZW","Male",55,"No","No",68,2,"No",0,1,0,"Occasional",24,25.05,"No",0,"Male",55,"No","No",68,2,"No",0,1,0,"Occasional",24,25.05,"No",0,14
"2700-LUEVA","Male",35,"No","No",1,1,"No",0,1,0,"Occasional",1,20.75,"No",0,"Male",35,"No","No",1,1,"No",0,1,0,"Occasional",1,20.75,"No",0,43
"2703-AMTUL","Male",26,"Yes","Yes",36,1,"No",3,2,0,"Occasional",12,53.65,"No",0,"Male",26,"Yes","Yes",36,1,"No",3,2,0,"Occasional",12,53.65,"No",0,12
"2709-UQGNP","Male",56,"No","No",10,1,"DSL",1,2,0,"Occasional",1,51.65,"No",0,"Male",56,"No","No",10,1,"DSL",1,2,0,"Occasional",1,51.65,"No",0,8
"2710-WYVXG","Female",44,"No","No",3,1,"DSL",3,3,2,"Occasional",24,71.1,"No",0,"Female",44,"No","No",3,1,"DSL",3,3,2,"Occasional",24,71.1,"No",0,5
"2712-SYWAY","Female",59,"No","No",1,2,"5G",0,1,0,"Occasional",1,25.7,"No",0,"Female",59,"No","No",1,2,"5G",0,1,0,"Occasional",1,25.7,"No",0,5
"2716-GFZOR","Male",23,"Yes","No",43,1,"Fiber optic",3,2,0,"Occasional",1,86.1,"No",0,"Male",23,"Yes","No",43,1,"Fiber optic",3,2,0,"Occasional",1,86.1,"No",0,30
"2717-HVIZY","Female",47,"No","No",8,1,"No",0,1,0,"Occasional",1,20.05,"No",0,"Female",47,"No","No",8,1,"No",0,1,0,"Occasional",1,20.05,"No",0,31
"2718-GAXQD","Female",65,"Yes","Yes",4,1,"DSL",0,2,0,"Frequent",1,46,"Yes",0,"Female",65,"Yes","Yes",4,1,"DSL",0,2,0,"Frequent",1,46,"Yes",0,NA
"2718-YSKCS","Male",44,"No","No",71,1,"No",0,1,0,"Occasional",24,19.6,"No",0,"Male",44,"No","No",71,1,"No",0,1,0,"Occasional",24,19.6,"No",0,45
"2719-BDAQO","Male",44,"No","No",17,1,"5G",1,2,3,"Occasional",1,93.85,"Yes",1,"Male",44,"No","No",17,1,"5G",1,2,3,"Frequent",1,93.85,"Yes",1,NA
"2724-FJDYW","Male",28,"No","Yes",39,0,"DSL",0,3,3,"Occasional",12,54.85,"No",0,"Male",28,"No","Yes",39,0,"DSL",0,3,3,"Occasional",12,54.85,"No",0,19
"2725-KXXWT","Male",57,"Yes","No",1,1,"No",0,2,3,"Frequent",1,90.75,"Yes",0,"Male",57,"Yes","No",1,1,"No",0,2,3,"Frequent",1,90.75,"Yes",0,NA
"2725-TTRIQ","Female",53,"Yes","Yes",72,2,"DSL",1,3,3,"Occasional",24,84.2,"No",0,"Female",53,"Yes","Yes",72,2,"DSL",1,3,3,"Occasional",24,84.2,"No",0,24
"2729-VNVAP","Female",50,"No","No",33,1,"No",0,1,0,"Occasional",24,19.8,"No",0,"Female",50,"No","No",33,1,"No",0,1,0,"Occasional",24,19.8,"No",0,13
"2731-GJRDG","Female",29,"No","No",32,2,"5G",1,3,3,"Occasional",12,109.55,"No",1,"Female",29,"No","No",32,2,"5G",1,3,3,"Occasional",12,109.55,"No",1,30
"2732-ISEZX","Female",43,"No","No",5,1,"5G",0,1,0,"Occasional",1,20.5,"No",1,"Female",43,"No","No",5,1,"5G",0,1,0,"Occasional",1,20.5,"No",1,36
"2739-CACDQ","Female",89,"No","No",17,2,"5G",0,2,0,"Occasional",1,82.65,"No",1,"Female",89,"No","No",17,2,"5G",0,2,0,"Occasional",1,82.65,"No",1,42
"2739-CCZMB","Male",39,"No","No",5,1,"No",0,1,0,"Occasional",1,20.35,"No",0,"Male",39,"No","No",5,1,"No",0,1,0,"Occasional",1,20.35,"No",0,45
"2740-JFBOK","Male",19,"No","No",10,2,"No",0,1,0,"Occasional",1,24,"No",0,"Male",19,"No","No",10,2,"No",0,1,0,"Occasional",1,24,"No",0,16
"2740-TVLFN","Male",63,"No","No",1,1,"No",0,2,0,"Occasional",1,50.15,"No",0,"Male",63,"No","No",1,1,"No",0,2,0,"Occasional",1,50.15,"No",0,11
"2746-DIJLO","Female",53,"No","No",41,1,"No",2,2,0,"Occasional",12,56.3,"No",0,"Female",53,"No","No",41,1,"No",2,2,0,"Occasional",12,56.3,"No",0,44
"2748-MYRVK","Female",48,"No","No",63,2,"Fiber optic",2,2,3,"Frequent",12,99.9,"Yes",0,"Female",48,"No","No",63,2,"Fiber optic",2,2,3,"Frequent",12,99.9,"Yes",0,NA
"2749-CTKAJ","Male",22,"Yes","Yes",22,1,"5G",0,1,0,"Occasional",12,20.15,"No",1,"Male",22,"Yes","Yes",22,1,"5G",0,1,0,"Occasional",12,20.15,"No",1,52
"2753-JMMCV","Male",37,"No","No",65,2,"5G",2,3,2,"Occasional",24,74.2,"No",1,"Male",37,"No","No",65,2,"5G",2,3,2,"Occasional",24,74.2,"No",1,29
"2754-SDJRD","Female",75,"No","No",8,2,"5G",0,3,3,"Occasional",1,100.15,"No",0,"Female",75,"No","No",8,2,"5G",0,3,3,"Occasional",1,100.15,"No",0,34
"2761-XECQW","Male",69,"Yes","No",8,1,"No",2,2,2,"Occasional",1,43.35,"No",0,"Male",69,"Yes","No",8,1,"No",2,2,2,"Occasional",1,43.35,"No",0,25
"2774-LVQUS","Female",66,"Yes","No",15,2,"5G",0,3,0,"Occasional",1,83.05,"Yes",0,"Female",66,"Yes","No",15,2,"5G",0,3,0,"Occasional",1,83.05,"Yes",0,NA
"2777-PHDEI","Female",32,"No","No",1,1,"Fiber optic",0,2,1,"Frequent",1,78.05,"Yes",0,"Female",32,"No","No",1,1,"Fiber optic",0,2,1,"Frequent",1,78.05,"Yes",0,NA
"2782-JEEBU","Male",22,"No","No",21,0,"5G",2,3,0,"Occasional",1,36,"No",0,"Male",22,"No","No",21,0,"5G",2,3,0,"Occasional",1,36,"No",0,14
"2782-LFZVW","Female",43,"No","No",11,2,"5G",0,2,2,"Occasional",1,58.95,"No",1,"Female",43,"No","No",11,2,"5G",0,2,2,"Occasional",1,58.95,"No",1,26
"2786-GCDPI","Female",74,"No","No",50,2,"Fiber optic",0,3,3,"Occasional",1,104.95,"No",0,"Female",74,"No","No",50,2,"Fiber optic",0,3,3,"Occasional",1,104.95,"No",0,32
"2788-CJQAQ","Male",19,"No","No",13,1,"5G",0,1,0,"Occasional",12,19.45,"No",0,"Male",19,"No","No",13,1,"5G",0,1,0,"Occasional",12,19.45,"No",0,2
"2790-XUYMV","Male",37,"No","Yes",71,1,"No",3,2,0,"Occasional",12,85.45,"No",0,"Male",37,"No","Yes",71,1,"No",3,2,0,"Occasional",12,85.45,"No",0,15
"2794-XIMMO","Male",36,"Yes","No",53,0,"DSL",2,3,3,"Occasional",12,60.45,"Yes",0,"Male",36,"Yes","No",53,0,"DSL",2,3,3,"Occasional",12,60.45,"Yes",0,NA
"2796-NNUFI","Female",22,"Yes","Yes",46,1,"5G",0,1,0,"Occasional",24,19.95,"No",1,"Female",22,"Yes","Yes",46,1,"5G",0,1,0,"Occasional",24,19.95,"No",1,46
"2798-NYLMZ","Male",45,"Yes","No",71,2,"5G",1,3,3,"Occasional",24,108.55,"No",1,"Male",45,"Yes","No",71,2,"5G",1,3,3,"Occasional",24,108.55,"No",1,42
"2799-ARNLO","Female",79,"Yes","No",5,1,"5G",0,2,0,"Occasional",1,69.35,"No",1,"Female",79,"Yes","No",5,1,"5G",0,2,0,"Occasional",1,69.35,"No",1,51
"2799-TSLAG","Female",48,"No","No",65,2,"No",0,1,0,"Occasional",24,25.3,"No",0,"Female",48,"No","No",65,2,"No",0,1,0,"Occasional",24,25.3,"No",0,21
"2800-QQUSO","Male",25,"No","No",42,2,"Fiber optic",0,3,3,"Occasional",1,100.3,"No",0,"Male",25,"No","No",42,2,"Fiber optic",0,3,3,"Occasional",1,100.3,"No",0,21
"2800-VEQXM","Female",63,"No","No",3,1,"5G",0,2,0,"Occasional",1,74.75,"No",1,"Female",63,"No","No",3,1,"5G",0,2,0,"Occasional",1,74.75,"No",1,7
"2801-NISEI","Male",24,"No","No",24,1,"5G",1,3,0,"Occasional",1,54.95,"No",0,"Male",24,"No","No",24,1,"5G",1,3,0,"Occasional",1,54.95,"No",0,9
"2804-ETQDK","Male",19,"No","Yes",66,1,"5G",0,1,0,"Occasional",24,20.55,"No",1,"Male",19,"No","Yes",66,1,"5G",0,1,0,"Occasional",24,20.55,"No",1,42
"2805-AUFQN","Female",64,"No","No",25,1,"No",0,1,0,"Occasional",24,19.8,"No",0,"Female",64,"No","No",25,1,"No",0,1,0,"Occasional",24,19.8,"No",0,39
"2805-EDJPQ","Female",59,"Yes","Yes",56,2,"5G",2,3,2,"Occasional",12,99.75,"No",1,"Female",59,"Yes","Yes",56,2,"5G",2,3,2,"Occasional",12,99.75,"No",1,34
"2806-MLNTI","Male",89,"Yes","No",52,2,"5G",2,2,3,"Occasional",12,105.1,"No",1,"Male",89,"Yes","No",52,2,"5G",2,2,3,"Occasional",12,105.1,"No",1,18
"2808-CHTDM","Female",51,"No","No",23,2,"5G",0,1,0,"Occasional",24,25.1,"No",0,"Female",51,"No","No",23,2,"5G",0,1,0,"Occasional",24,25.1,"No",0,3
"2809-ILCYT","Female",58,"No","No",25,2,"5G",0,1,0,"Occasional",12,26.8,"No",0,"Female",58,"No","No",25,2,"5G",0,1,0,"Occasional",12,26.8,"No",0,32
"2810-FTLEM","Female",54,"No","No",16,1,"DSL",1,2,0,"Frequent",1,50.15,"Yes",0,"Female",54,"No","No",16,1,"DSL",1,2,0,"Occasional",1,50.15,"Yes",0,NA
"2811-POVEX","Female",79,"Yes","Yes",23,1,"5G",2,2,2,"Occasional",1,88.45,"No",0,"Female",79,"Yes","Yes",23,1,"5G",2,2,2,"Occasional",1,88.45,"No",0,25
"2817-LVCPP","Female",19,"No","No",50,1,"DSL",0,1,0,"Occasional",24,19.4,"No",0,"Female",19,"No","No",50,1,"DSL",0,1,0,"Occasional",24,19.4,"No",0,25
"2817-NTQDO","Male",45,"No","No",13,0,"5G",1,3,1,"Occasional",1,45.55,"Yes",1,"Male",45,"No","No",13,0,"5G",1,3,1,"Occasional",1,45.55,"Yes",1,NA
"2821-WARNZ","Female",46,"No","No",49,1,"No",0,1,0,"Occasional",12,19.45,"No",0,"Female",46,"No","No",49,1,"No",0,1,0,"Occasional",12,19.45,"No",0,27
"2826-DXLQO","Male",80,"Yes","No",7,0,"5G",1,2,0,"Occasional",1,29.8,"No",1,"Male",80,"Yes","No",7,0,"5G",1,2,0,"Occasional",1,29.8,"No",1,24
"2826-UWHIS","Male",48,"Yes","No",45,2,"5G",2,2,0,"Occasional",1,81.4,"No",1,"Male",48,"Yes","No",45,2,"5G",2,2,0,"Occasional",1,81.4,"No",1,40
"2829-HYVZP","Male",36,"No","No",29,1,"5G",0,1,0,"Occasional",12,19.8,"No",0,"Male",36,"No","No",29,1,"5G",0,1,0,"Occasional",12,19.8,"No",0,43
"2830-LEWOA","Male",33,"Yes","Yes",61,1,"Fiber optic",2,3,3,"Occasional",12,103.9,"No",0,"Male",33,"Yes","Yes",61,1,"Fiber optic",2,3,3,"Occasional",12,103.9,"No",0,44
"2832-SCUCO","Female",43,"No","No",2,1,"No",0,1,0,"Occasional",1,19.9,"No",0,"Female",43,"No","No",2,1,"No",0,1,0,"Occasional",1,19.9,"No",0,32
"2834-JRTUA","Male",23,"No","No",71,2,"5G",1,3,3,"Occasional",24,108.05,"Yes",1,"Male",23,"No","No",71,2,"5G",1,3,3,"Occasional",24,108.05,"Yes",1,NA
"2839-RFSQE","Female",63,"No","No",2,1,"No",0,1,0,"Occasional",1,20.65,"Yes",0,"Female",63,"No","No",2,1,"No",0,1,0,"Occasional",1,20.65,"Yes",0,NA
"2840-XANRC","Male",76,"Yes","No",24,1,"5G",0,2,3,"Occasional",1,93.15,"Yes",1,"Male",76,"Yes","No",24,1,"5G",0,2,3,"Frequent",1,93.15,"Yes",1,NA
"2842-JTCCU","Male",36,"No","No",2,1,"DSL",0,2,0,"Frequent",1,46.05,"Yes",0,"Male",36,"No","No",2,1,"DSL",0,2,0,"Occasional",1,46.05,"Yes",0,NA
"2845-AFFTX","Male",74,"Yes","No",41,1,"No",0,2,3,"Frequent",1,99.8,"Yes",0,"Male",74,"Yes","No",41,1,"No",0,2,3,"Frequent",1,99.8,"Yes",0,NA
"2848-YXSMW","Male",39,"No","No",72,1,"5G",0,1,0,"Occasional",24,19.4,"No",1,"Male",39,"No","No",72,1,"5G",0,1,0,"Occasional",24,19.4,"No",1,69
"2851-MMUTZ","Female",26,"No","No",27,1,"5G",2,3,0,"Occasional",1,56.15,"No",0,"Female",26,"No","No",27,1,"5G",2,3,0,"Occasional",1,56.15,"No",0,42
"2851-STERV","Male",85,"No","No",35,1,"DSL",0,3,3,"Occasional",12,73,"No",0,"Male",85,"No","No",35,1,"DSL",0,3,3,"Occasional",12,73,"No",0,20
"2856-NNASM","Male",87,"No","No",43,1,"Fiber optic",0,2,3,"Frequent",1,89.55,"Yes",0,"Male",87,"No","No",43,1,"Fiber optic",0,2,3,"Occasional",1,89.55,"Yes",0,NA
"2858-EIMXH","Female",69,"Yes","No",53,2,"5G",0,2,3,"Occasional",12,95.85,"No",0,"Female",69,"Yes","No",53,2,"5G",0,2,3,"Occasional",12,95.85,"No",0,54
"2862-JVEOY","Male",20,"No","No",6,1,"No",0,1,0,"Occasional",12,19.15,"No",0,"Male",20,"No","No",6,1,"No",0,1,0,"Occasional",12,19.15,"No",0,16
"2863-IMQDR","Female",49,"No","No",61,2,"5G",3,3,3,"Occasional",24,89.65,"No",1,"Female",49,"No","No",61,2,"5G",3,3,3,"Occasional",24,89.65,"No",1,34
"2865-TCHJW","Female",80,"No","No",4,2,"5G",0,2,1,"Occasional",1,89.2,"Yes",1,"Female",80,"No","No",4,2,"5G",0,2,1,"Frequent",1,89.2,"Yes",1,NA
"2866-IKBTM","Female",20,"No","No",1,1,"5G",0,1,0,"Occasional",1,19.55,"No",1,"Female",20,"No","No",1,1,"5G",0,1,0,"Occasional",1,19.55,"No",1,15
"2868-LLSKM","Female",43,"Yes","Yes",68,2,"Fiber optic",2,3,0,"Occasional",12,83.65,"No",0,"Female",43,"Yes","Yes",68,2,"Fiber optic",2,3,0,"Occasional",12,83.65,"No",0,14
"2868-MZAGQ","Male",42,"No","No",1,1,"Fiber optic",0,2,2,"Frequent",1,79.25,"Yes",0,"Male",42,"No","No",1,1,"Fiber optic",0,2,2,"Occasional",1,79.25,"Yes",0,NA
"2868-SNELZ","Female",64,"No","No",2,2,"5G",0,2,0,"Frequent",1,80.6,"Yes",1,"Female",64,"No","No",2,2,"5G",0,2,0,"Frequent",1,80.6,"Yes",1,NA
"2869-ADAWR","Female",49,"No","No",45,2,"Fiber optic",2,2,1,"Frequent",1,89.3,"Yes",0,"Female",49,"No","No",45,2,"Fiber optic",2,2,1,"Occasional",1,89.3,"Yes",0,NA
"2873-ZLIWT","Female",41,"Yes","Yes",40,2,"Fiber optic",0,3,0,"Occasional",1,84.85,"Yes",0,"Female",41,"Yes","Yes",40,2,"Fiber optic",0,3,0,"Occasional",1,84.85,"Yes",0,NA
"2874-YXVVA","Female",63,"No","No",34,1,"No",2,3,3,"Occasional",1,105.1,"No",0,"Female",63,"No","No",34,1,"No",2,3,3,"Occasional",1,105.1,"No",0,28
"2876-GZYZC","Female",49,"No","No",13,2,"5G",0,2,2,"Occasional",1,85.95,"No",1,"Female",49,"No","No",13,2,"5G",0,2,2,"Occasional",1,85.95,"No",1,57
"2876-VBBBL","Female",53,"No","No",1,1,"No",0,1,0,"Occasional",1,20.25,"Yes",0,"Female",53,"No","No",1,1,"No",0,1,0,"Occasional",1,20.25,"Yes",0,NA
"2877-VDUER","Female",57,"Yes","Yes",35,0,"DSL",0,3,1,"Occasional",12,40.9,"No",0,"Female",57,"Yes","Yes",35,0,"DSL",0,3,1,"Occasional",12,40.9,"No",0,21
"2878-DHMIN","Male",20,"Yes","Yes",35,1,"No",0,1,0,"Occasional",12,19.9,"No",0,"Male",20,"Yes","Yes",35,1,"No",0,1,0,"Occasional",12,19.9,"No",0,4
"2878-RMWXY","Male",72,"Yes","No",72,2,"5G",3,2,2,"Occasional",24,102.65,"No",0,"Male",72,"Yes","No",72,2,"5G",3,2,2,"Occasional",24,102.65,"No",0,43
"2880-FPNAE","Male",86,"Yes","No",2,1,"Fiber optic",0,2,0,"Occasional",1,74.2,"No",0,"Male",86,"Yes","No",2,1,"Fiber optic",0,2,0,"Occasional",1,74.2,"No",0,9
"2882-DDZPG","Female",42,"No","No",12,1,"No",0,1,0,"Occasional",1,19.45,"No",0,"Female",42,"No","No",12,1,"No",0,1,0,"Occasional",1,19.45,"No",0,3
"2882-WDTBA","Male",32,"Yes","Yes",69,1,"5G",3,3,1,"Occasional",24,75.75,"No",0,"Male",32,"Yes","Yes",69,1,"5G",3,3,1,"Occasional",24,75.75,"No",0,13
"2885-HIJDH","Male",27,"Yes","Yes",69,2,"DSL",1,3,3,"Occasional",24,86.9,"No",0,"Male",27,"Yes","Yes",69,2,"DSL",1,3,3,"Occasional",24,86.9,"No",0,11
"2886-KEFUM","Female",55,"Yes","No",63,2,"5G",2,2,3,"Frequent",12,107.5,"Yes",0,"Female",55,"Yes","No",63,2,"5G",2,2,3,"Frequent",12,107.5,"Yes",0,NA
"2887-JPYLU","Female",24,"No","Yes",41,1,"DSL",0,2,0,"Occasional",1,45.2,"No",0,"Female",24,"No","Yes",41,1,"DSL",0,2,0,"Occasional",1,45.2,"No",0,21
"2888-ADFAO","Female",22,"Yes","Yes",47,1,"No",0,1,0,"Occasional",24,21.3,"No",0,"Female",22,"Yes","Yes",47,1,"No",0,1,0,"Occasional",24,21.3,"No",0,24
"2892-GESUL","Female",43,"No","No",18,1,"No",0,1,0,"Occasional",24,19.35,"No",0,"Female",43,"No","No",18,1,"No",0,1,0,"Occasional",24,19.35,"No",0,19
"2894-QOJRX","Female",56,"No","No",25,0,"DSL",0,2,1,"Frequent",1,34,"Yes",0,"Female",56,"No","No",25,0,"DSL",0,2,1,"Frequent",1,34,"Yes",0,NA
"2896-TBNBE","Male",60,"Yes","No",40,1,"Fiber optic",2,2,0,"Occasional",12,80.8,"No",0,"Male",60,"Yes","No",40,1,"Fiber optic",2,2,0,"Occasional",12,80.8,"No",0,44
"2897-DOVND","Male",38,"No","No",2,1,"Fiber optic",0,2,0,"Occasional",1,69.8,"No",0,"Male",38,"No","No",2,1,"Fiber optic",0,2,0,"Occasional",1,69.8,"No",0,6
"2898-MRKPI","Male",52,"No","No",68,2,"Fiber optic",2,2,3,"Occasional",12,101.05,"No",0,"Male",52,"No","No",68,2,"Fiber optic",2,2,3,"Occasional",12,101.05,"No",0,44
"2900-PHPLN","Female",50,"No","No",70,1,"No",0,1,0,"Occasional",24,19.55,"No",0,"Female",50,"No","No",70,1,"No",0,1,0,"Occasional",24,19.55,"No",0,18
"2903-YYTBW","Male",20,"Yes","Yes",1,1,"DSL",0,2,0,"Occasional",1,44.55,"No",0,"Male",20,"Yes","Yes",1,1,"DSL",0,2,0,"Occasional",1,44.55,"No",0,11
"2904-GGUAZ","Female",20,"Yes","No",72,2,"Fiber optic",3,2,0,"Occasional",24,84.05,"No",0,"Female",20,"Yes","No",72,2,"Fiber optic",3,2,0,"Occasional",24,84.05,"No",0,17
"2905-KFQUV","Female",56,"Yes","No",2,1,"Fiber optic",0,2,0,"Occasional",1,70.4,"No",0,"Female",56,"Yes","No",2,1,"Fiber optic",0,2,0,"Occasional",1,70.4,"No",0,34
"2907-ILJBN","Female",21,"Yes","Yes",11,1,"5G",0,1,0,"Occasional",12,20.6,"No",1,"Female",21,"Yes","Yes",11,1,"5G",0,1,0,"Occasional",12,20.6,"No",1,57
"2911-IJORQ","Male",32,"No","No",37,2,"DSL",3,3,3,"Occasional",12,90.6,"No",0,"Male",32,"No","No",37,2,"DSL",3,3,3,"Occasional",12,90.6,"No",0,16
"2911-UREFD","Female",46,"Yes","No",39,0,"DSL",1,2,3,"Frequent",1,55.9,"Yes",0,"Female",46,"Yes","No",39,0,"DSL",1,2,3,"Frequent",1,55.9,"Yes",0,NA
"2911-WDXMV","Male",43,"No","Yes",18,2,"5G",0,2,0,"Occasional",1,80.55,"No",0,"Male",43,"No","Yes",18,2,"5G",0,2,0,"Occasional",1,80.55,"No",0,37
"2916-BQZLN","Male",62,"No","No",19,2,"Fiber optic",1,2,0,"Occasional",1,84.75,"No",0,"Male",62,"No","No",19,2,"Fiber optic",1,2,0,"Occasional",1,84.75,"No",0,42
"2919-HBCJO","Female",51,"No","No",4,1,"No",2,2,0,"Frequent",1,76.65,"Yes",0,"Female",51,"No","No",4,1,"No",2,2,0,"Frequent",1,76.65,"Yes",0,NA
"2925-MXLSX","Female",32,"No","No",30,2,"DSL",2,2,1,"Occasional",12,68.95,"No",0,"Female",32,"No","No",30,2,"DSL",2,2,1,"Occasional",12,68.95,"No",0,30
"2925-VDZHY","Male",58,"Yes","Yes",72,2,"DSL",3,3,3,"Occasional",24,88.7,"No",0,"Male",58,"Yes","Yes",72,2,"DSL",3,3,3,"Occasional",24,88.7,"No",0,24
"2926-JEJJC","Female",51,"No","No",8,1,"No",0,1,0,"Occasional",12,20.2,"No",0,"Female",51,"No","No",8,1,"No",0,1,0,"Occasional",12,20.2,"No",0,1
"2927-CVULT","Female",28,"Yes","Yes",53,2,"Fiber optic",3,3,2,"Occasional",24,104.05,"No",0,"Female",28,"Yes","Yes",53,2,"Fiber optic",3,3,2,"Occasional",24,104.05,"No",0,17
"2927-QRRQV","Male",61,"Yes","No",46,2,"5G",2,2,1,"Occasional",12,94.65,"No",0,"Male",61,"Yes","No",46,2,"5G",2,2,1,"Occasional",12,94.65,"No",0,20
"2928-HLDBA","Female",36,"No","No",6,1,"5G",0,1,0,"Occasional",1,20.7,"No",1,"Female",36,"No","No",6,1,"5G",0,1,0,"Occasional",1,20.7,"No",1,55
"2929-ERCFZ","Female",27,"Yes","Yes",8,1,"DSL",0,2,3,"Frequent",1,94.2,"Yes",0,"Female",27,"Yes","Yes",8,1,"DSL",0,2,3,"Frequent",1,94.2,"Yes",0,NA
"2930-UOTMB","Female",48,"No","No",31,2,"DSL",1,3,0,"Occasional",1,65.25,"Yes",0,"Female",48,"No","No",31,2,"DSL",1,3,0,"Occasional",1,65.25,"Yes",0,NA
"2931-SVLTV","Male",35,"No","No",40,2,"Fiber optic",3,3,3,"Occasional",1,110.1,"No",0,"Male",35,"No","No",40,2,"Fiber optic",3,3,3,"Occasional",1,110.1,"No",0,19
"2931-VUVJN","Female",88,"Yes","No",59,2,"5G",3,3,0,"Occasional",12,94.05,"No",0,"Female",88,"Yes","No",59,2,"5G",3,3,0,"Occasional",12,94.05,"No",0,12
"2933-FILNV","Female",44,"No","No",2,0,"DSL",0,2,0,"Frequent",1,24.4,"Yes",0,"Female",44,"No","No",2,0,"DSL",0,2,0,"Frequent",1,24.4,"Yes",0,NA
"2937-FTHUR","Female",47,"No","Yes",18,2,"5G",1,2,2,"Occasional",1,64.8,"No",1,"Female",47,"No","Yes",18,2,"5G",1,2,2,"Occasional",1,64.8,"No",1,28
"2947-DOMLJ","Male",55,"No","Yes",1,1,"No",1,2,0,"Frequent",1,50.6,"Yes",0,"Male",55,"No","Yes",1,1,"No",1,2,0,"Frequent",1,50.6,"Yes",0,NA
"2951-QOQTK","Male",44,"No","Yes",4,2,"5G",0,3,0,"Occasional",1,80.8,"Yes",0,"Male",44,"No","Yes",4,2,"5G",0,3,0,"Occasional",1,80.8,"Yes",0,NA
"2952-QAYZF","Male",33,"No","No",5,2,"5G",2,2,0,"Frequent",1,85.3,"Yes",0,"Male",33,"No","No",5,2,"5G",2,2,0,"Frequent",1,85.3,"Yes",0,NA
"2954-PIBKO","Female",26,"Yes","Yes",69,2,"5G",1,3,0,"Occasional",24,64.15,"No",1,"Female",26,"Yes","Yes",69,2,"5G",1,3,0,"Occasional",24,64.15,"No",1,64
"2955-BJZHG","Male",57,"Yes","Yes",17,1,"5G",0,2,1,"Frequent",1,80.85,"Yes",0,"Male",57,"Yes","Yes",17,1,"5G",0,2,1,"Frequent",1,80.85,"Yes",0,NA
"2955-PSXOE","Female",63,"No","No",1,1,"No",0,1,0,"Occasional",1,20.2,"Yes",0,"Female",63,"No","No",1,1,"No",0,1,0,"Occasional",1,20.2,"Yes",0,NA
"2957-JIRMN","Female",71,"No","No",62,2,"Fiber optic",0,2,1,"Occasional",12,84.45,"No",0,"Female",71,"No","No",62,2,"Fiber optic",0,2,1,"Occasional",12,84.45,"No",0,6
"2957-LOLHO","Male",43,"No","No",12,1,"5G",0,2,0,"Occasional",1,45.4,"Yes",1,"Male",43,"No","No",12,1,"5G",0,2,0,"Frequent",1,45.4,"Yes",1,NA
"2958-NHPPS","Male",22,"No","No",23,1,"5G",0,1,0,"Occasional",1,20.85,"No",0,"Male",22,"No","No",23,1,"5G",0,1,0,"Occasional",1,20.85,"No",0,6
"2959-FENLU","Female",45,"No","No",9,1,"Fiber optic",0,2,2,"Occasional",1,85.3,"No",0,"Female",45,"No","No",9,1,"Fiber optic",0,2,2,"Occasional",1,85.3,"No",0,20
"2960-NKRSO","Male",57,"No","No",24,1,"No",2,3,0,"Occasional",1,85.95,"No",0,"Male",57,"No","No",24,1,"No",2,3,0,"Occasional",1,85.95,"No",0,6
"2961-VNFKL","Female",59,"No","No",71,2,"No",0,1,0,"Occasional",24,25.95,"No",0,"Female",59,"No","No",71,2,"No",0,1,0,"Occasional",24,25.95,"No",0,20
"2967-MXRAV","Male",19,"Yes","Yes",1,1,"5G",0,1,0,"Occasional",12,18.8,"No",0,"Male",19,"Yes","Yes",1,1,"5G",0,1,0,"Occasional",12,18.8,"No",0,42
"2968-SSGAA","Female",53,"No","No",10,2,"Fiber optic",0,2,3,"Frequent",1,100.6,"Yes",0,"Female",53,"No","No",10,2,"Fiber optic",0,2,3,"Frequent",1,100.6,"Yes",0,NA
"2969-QWUBZ","Female",33,"No","No",2,0,"DSL",2,2,3,"Occasional",1,51.4,"No",0,"Female",33,"No","No",2,0,"DSL",2,2,3,"Occasional",1,51.4,"No",0,32
"2969-WGHQO","Female",28,"Yes","Yes",7,1,"DSL",3,2,1,"Occasional",12,69.45,"No",0,"Female",28,"Yes","Yes",7,1,"DSL",3,2,1,"Occasional",12,69.45,"No",0,23
"2972-YDYUW","Female",29,"No","No",57,2,"5G",2,3,2,"Occasional",12,94.7,"No",0,"Female",29,"No","No",57,2,"5G",2,3,2,"Occasional",12,94.7,"No",0,39
"2974-GGUXS","Female",78,"Yes","No",36,2,"Fiber optic",2,2,1,"Occasional",1,91.95,"No",0,"Female",78,"Yes","No",36,2,"Fiber optic",2,2,1,"Occasional",1,91.95,"No",0,17
"2977-CEBSX","Female",36,"No","No",66,2,"5G",3,3,3,"Occasional",24,90.05,"No",1,"Female",36,"No","No",66,2,"5G",3,3,3,"Occasional",24,90.05,"No",1,8
"2978-XXSOG","Female",59,"No","No",22,2,"DSL",1,3,0,"Occasional",1,59.05,"No",0,"Female",59,"No","No",22,2,"DSL",1,3,0,"Occasional",1,59.05,"No",0,5
"2979-SXESE","Female",64,"Yes","Yes",17,2,"Fiber optic",1,2,1,"Frequent",1,94.4,"Yes",0,"Female",64,"Yes","Yes",17,2,"Fiber optic",1,2,1,"Frequent",1,94.4,"Yes",0,NA
"2982-IHMFT","Female",67,"No","No",1,2,"Fiber optic",0,2,0,"Frequent",1,74.45,"Yes",0,"Female",67,"No","No",1,2,"Fiber optic",0,2,0,"Frequent",1,74.45,"Yes",0,NA
"2982-VPSGI","Female",59,"Yes","No",11,2,"Fiber optic",0,2,3,"Frequent",1,94,"Yes",0,"Female",59,"Yes","No",11,2,"Fiber optic",0,2,3,"Frequent",1,94,"Yes",0,NA
"2983-ZANRP","Female",46,"Yes","Yes",2,1,"Fiber optic",2,2,0,"Frequent",1,73.55,"Yes",0,"Female",46,"Yes","Yes",2,1,"Fiber optic",2,2,0,"Frequent",1,73.55,"Yes",0,NA
"2984-AFWNC","Female",59,"No","No",3,1,"5G",2,2,3,"Occasional",1,95.4,"No",0,"Female",59,"No","No",3,1,"5G",2,2,3,"Occasional",1,95.4,"No",0,40
"2984-MIIZL","Male",24,"No","No",4,1,"Fiber optic",0,2,0,"Frequent",1,74.8,"Yes",0,"Male",24,"No","No",4,1,"Fiber optic",0,2,0,"Frequent",1,74.8,"Yes",0,NA
"2984-RGEYA","Female",22,"Yes","Yes",69,1,"5G",0,1,0,"Occasional",24,19.75,"No",1,"Female",22,"Yes","Yes",69,1,"5G",0,1,0,"Occasional",24,19.75,"No",1,52
"2984-TBYKU","Male",31,"Yes","Yes",72,2,"Fiber optic",3,3,2,"Occasional",24,104.9,"No",0,"Male",31,"Yes","Yes",72,2,"Fiber optic",3,3,2,"Occasional",24,104.9,"No",0,45
"2985-FMWYF","Female",19,"No","No",23,2,"Fiber optic",0,2,3,"Occasional",1,93.5,"No",0,"Female",19,"No","No",23,2,"Fiber optic",0,2,3,"Occasional",1,93.5,"No",0,6
"2985-JUUBZ","Male",55,"No","No",40,2,"5G",0,2,3,"Occasional",1,74.55,"No",1,"Male",55,"No","No",40,2,"5G",0,2,3,"Occasional",1,74.55,"No",1,60
"2987-BJXIK","Female",36,"No","No",70,2,"DSL",3,2,3,"Occasional",24,84.7,"No",0,"Female",36,"No","No",70,2,"DSL",3,2,3,"Occasional",24,84.7,"No",0,9
"2988-GBIVW","Female",70,"Yes","No",70,2,"Fiber optic",1,2,2,"Occasional",1,90.85,"No",0,"Female",70,"Yes","No",70,2,"Fiber optic",1,2,2,"Occasional",1,90.85,"No",0,34
"2988-PLAHS","Female",38,"No","No",3,1,"5G",0,2,3,"Occasional",12,69.95,"No",0,"Female",38,"No","No",3,1,"5G",0,2,3,"Occasional",12,69.95,"No",0,34
"2988-QRAJY","Male",42,"No","No",69,2,"Fiber optic",3,2,3,"Occasional",24,110.05,"No",0,"Male",42,"No","No",69,2,"Fiber optic",3,2,3,"Occasional",24,110.05,"No",0,9
"2990-IAJSV","Male",63,"No","No",72,2,"DSL",3,3,3,"Occasional",24,92,"No",0,"Male",63,"No","No",72,2,"DSL",3,3,3,"Occasional",24,92,"No",0,32
"2995-UPRYS","Female",90,"Yes","No",40,1,"Fiber optic",2,3,3,"Occasional",12,99.2,"Yes",0,"Female",90,"Yes","No",40,1,"Fiber optic",2,3,3,"Occasional",12,99.2,"Yes",0,NA
"2995-YWTCD","Female",22,"Yes","Yes",19,2,"No",0,1,0,"Occasional",24,24.9,"No",0,"Female",22,"Yes","Yes",19,2,"No",0,1,0,"Occasional",24,24.9,"No",0,9
"2996-XAUVF","Male",60,"No","No",70,0,"5G",0,3,2,"Occasional",24,40.05,"No",1,"Male",60,"No","No",70,0,"5G",0,3,2,"Occasional",24,40.05,"No",1,25
"3001-CBHLQ","Male",82,"Yes","No",32,1,"No",0,3,3,"Occasional",1,104.9,"Yes",0,"Male",82,"Yes","No",32,1,"No",0,3,3,"Occasional",1,104.9,"Yes",0,NA
"3001-UNBTL","Male",76,"Yes","Yes",29,2,"Fiber optic",0,2,3,"Occasional",1,103.95,"No",0,"Male",76,"Yes","Yes",29,2,"Fiber optic",0,2,3,"Occasional",1,103.95,"No",0,10
"3002-WQZWT","Female",39,"No","No",29,2,"Fiber optic",0,2,0,"Occasional",1,74.2,"No",0,"Female",39,"No","No",29,2,"Fiber optic",0,2,0,"Occasional",1,74.2,"No",0,26
"3003-CMDUU","Female",45,"No","No",25,1,"5G",0,3,3,"Occasional",1,95.15,"No",1,"Female",45,"No","No",25,1,"5G",0,3,3,"Occasional",1,95.15,"No",1,1
"3005-NFMTA","Male",75,"No","No",55,2,"Fiber optic",1,2,3,"Frequent",1,98.8,"Yes",0,"Male",75,"No","No",55,2,"Fiber optic",1,2,3,"Occasional",1,98.8,"Yes",0,NA
"3006-XIMLN","Female",47,"No","Yes",2,2,"Fiber optic",0,2,3,"Frequent",1,94.2,"Yes",0,"Female",47,"No","Yes",2,2,"Fiber optic",0,2,3,"Frequent",1,94.2,"Yes",0,NA
"3007-FDPEA","Female",21,"No","No",2,1,"No",0,1,0,"Occasional",1,20.7,"No",0,"Female",21,"No","No",2,1,"No",0,1,0,"Occasional",1,20.7,"No",0,23
"3009-JWMPU","Male",25,"No","No",62,2,"5G",0,2,3,"Occasional",12,96.75,"Yes",1,"Male",25,"No","No",62,2,"5G",0,2,3,"Frequent",12,96.75,"Yes",1,NA
"3011-WQKSZ","Male",43,"No","No",19,1,"No",0,1,0,"Occasional",1,20,"No",0,"Male",43,"No","No",19,1,"No",0,1,0,"Occasional",1,20,"No",0,23
"3012-VFFMN","Female",43,"No","No",7,1,"5G",0,1,0,"Occasional",1,20.65,"No",0,"Female",43,"No","No",7,1,"5G",0,1,0,"Occasional",1,20.65,"No",0,41
"3014-WJKSM","Male",39,"Yes","No",29,1,"5G",0,2,0,"Occasional",1,75.3,"No",1,"Male",39,"Yes","No",29,1,"5G",0,2,0,"Occasional",1,75.3,"No",1,2
"3016-KSVCP","Male",53,"No","No",29,0,"5G",0,2,1,"Occasional",1,33.75,"No",1,"Male",53,"No","No",29,0,"5G",0,2,1,"Occasional",1,33.75,"No",1,54
"3018-TFTSU","Male",34,"No","No",12,1,"Fiber optic",1,2,0,"Frequent",1,81.7,"Yes",0,"Male",34,"No","No",12,1,"Fiber optic",1,2,0,"Frequent",1,81.7,"Yes",0,NA
"3021-VLNRJ","Female",57,"No","Yes",50,1,"DSL",1,3,1,"Occasional",12,70.8,"No",0,"Female",57,"No","Yes",50,1,"DSL",1,3,1,"Occasional",12,70.8,"No",0,0
"3023-GFLBR","Female",24,"Yes","Yes",33,2,"DSL",0,2,2,"Frequent",1,86.15,"Yes",0,"Female",24,"Yes","Yes",33,2,"DSL",0,2,2,"Frequent",1,86.15,"Yes",0,NA
"3026-ATZYV","Female",24,"Yes","Yes",37,1,"DSL",3,2,3,"Occasional",12,75.1,"No",0,"Female",24,"Yes","Yes",37,1,"DSL",3,2,3,"Occasional",12,75.1,"No",0,30
"3027-YNWZU","Female",60,"No","No",64,1,"No",0,1,0,"Occasional",24,25,"No",0,"Female",60,"No","No",64,1,"No",0,1,0,"Occasional",24,25,"No",0,12
"3027-ZTDHO","Male",26,"No","No",1,1,"5G",0,2,3,"Occasional",1,89.9,"Yes",1,"Male",26,"No","No",1,1,"5G",0,2,3,"Frequent",1,89.9,"Yes",1,NA
"3030-YDNRM","Male",29,"No","No",8,2,"5G",0,2,0,"Occasional",1,74.85,"No",0,"Male",29,"No","No",8,2,"5G",0,2,0,"Occasional",1,74.85,"No",0,2
"3030-YZADT","Male",31,"No","No",9,1,"No",0,2,0,"Frequent",1,44.95,"Yes",0,"Male",31,"No","No",9,1,"No",0,2,0,"Frequent",1,44.95,"Yes",0,NA
"3030-ZKIWL","Male",22,"No","No",1,1,"5G",0,1,0,"Occasional",1,20.05,"No",1,"Male",22,"No","No",1,1,"5G",0,1,0,"Occasional",1,20.05,"No",1,29
"3039-MJSLN","Male",19,"No","Yes",3,1,"No",0,1,0,"Occasional",1,20.2,"No",0,"Male",19,"No","Yes",3,1,"No",0,1,0,"Occasional",1,20.2,"No",0,45
"3043-TYBNO","Male",58,"No","No",3,2,"No",0,3,2,"Occasional",1,60.65,"No",0,"Male",58,"No","No",3,2,"No",0,3,2,"Occasional",1,60.65,"No",0,23
"3045-XETSH","Female",24,"No","No",10,2,"Fiber optic",2,2,2,"Frequent",1,94.85,"Yes",0,"Female",24,"No","No",10,2,"Fiber optic",2,2,2,"Frequent",1,94.85,"Yes",0,NA
"3049-NDXFL","Female",32,"No","No",1,2,"5G",0,2,2,"Frequent",1,85.8,"Yes",0,"Female",32,"No","No",1,2,"5G",0,2,2,"Frequent",1,85.8,"Yes",0,NA
"3050-GBUSH","Female",65,"No","No",3,0,"5G",0,2,1,"Occasional",1,34.8,"No",1,"Female",65,"No","No",3,0,"5G",0,2,1,"Occasional",1,34.8,"No",1,9
"3050-RLLXC","Female",56,"Yes","Yes",56,2,"DSL",3,3,1,"Occasional",24,81.25,"No",0,"Female",56,"Yes","Yes",56,2,"DSL",3,3,1,"Occasional",24,81.25,"No",0,18
"3055-MJDSB","Male",20,"No","No",9,0,"5G",0,2,0,"Occasional",1,24.6,"No",0,"Male",20,"No","No",9,0,"5G",0,2,0,"Occasional",1,24.6,"No",0,5
"3055-OYMSE","Female",86,"No","No",53,1,"Fiber optic",2,2,0,"Occasional",1,73.8,"No",0,"Female",86,"No","No",53,1,"Fiber optic",2,2,0,"Occasional",1,73.8,"No",0,21
"3057-VJJQE","Male",63,"No","No",35,2,"DSL",1,2,0,"Occasional",24,55.25,"No",0,"Male",63,"No","No",35,2,"DSL",1,2,0,"Occasional",24,55.25,"No",0,21
"3058-HJCUY","Male",41,"No","No",41,2,"Fiber optic",0,3,3,"Occasional",12,102.6,"Yes",0,"Male",41,"No","No",41,2,"Fiber optic",0,3,3,"Occasional",12,102.6,"Yes",0,NA
"3061-BCKYI","Male",40,"No","No",14,1,"5G",0,1,0,"Occasional",1,19.9,"No",0,"Male",40,"No","No",14,1,"5G",0,1,0,"Occasional",1,19.9,"No",0,4
"3063-QFSZL","Female",58,"No","No",1,1,"DSL",0,2,2,"Frequent",1,55.4,"Yes",0,"Female",58,"No","No",1,1,"DSL",0,2,2,"Occasional",1,55.4,"Yes",0,NA
"3067-SVMTC","Female",34,"Yes","No",68,1,"5G",1,3,0,"Occasional",12,55.9,"No",1,"Female",34,"Yes","No",68,1,"5G",1,3,0,"Occasional",12,55.9,"No",1,34
"3068-OMWZA","Male",71,"No","No",1,2,"5G",0,2,1,"Frequent",1,88.8,"Yes",0,"Male",71,"No","No",1,2,"5G",0,2,1,"Frequent",1,88.8,"Yes",0,NA
"3069-SSVSN","Female",53,"No","No",1,0,"DSL",0,2,0,"Occasional",12,25.85,"No",0,"Female",53,"No","No",1,0,"DSL",0,2,0,"Occasional",12,25.85,"No",0,34
"3070-BDOQC","Female",54,"No","No",60,1,"5G",2,2,3,"Occasional",24,99.65,"No",0,"Female",54,"No","No",60,1,"5G",2,2,3,"Occasional",24,99.65,"No",0,33
"3070-FNFZQ","Female",47,"No","No",23,1,"5G",0,1,0,"Occasional",24,20.4,"No",0,"Female",47,"No","No",23,1,"5G",0,1,0,"Occasional",24,20.4,"No",0,22
"3071-VBYPO","Male",48,"Yes","Yes",3,1,"5G",3,2,1,"Occasional",1,89.85,"No",1,"Male",48,"Yes","Yes",3,1,"5G",3,2,1,"Occasional",1,89.85,"No",1,49
"3074-GQWYX","Male",61,"No","No",5,2,"5G",0,2,0,"Frequent",1,75.9,"Yes",0,"Male",61,"No","No",5,2,"5G",0,2,0,"Frequent",1,75.9,"Yes",0,NA
"3077-RSNTJ","Female",19,"Yes","Yes",6,1,"5G",0,1,0,"Occasional",1,19.7,"No",1,"Female",19,"Yes","Yes",6,1,"5G",0,1,0,"Occasional",1,19.7,"No",1,59
"3078-ZKNTS","Female",19,"Yes","Yes",13,1,"No",0,1,0,"Occasional",24,19.75,"No",0,"Female",19,"Yes","Yes",13,1,"No",0,1,0,"Occasional",24,19.75,"No",0,24
"3079-BCHLN","Male",21,"Yes","No",47,1,"No",0,1,0,"Occasional",12,19.9,"No",0,"Male",21,"Yes","No",47,1,"No",0,1,0,"Occasional",12,19.9,"No",0,7
"3082-VQXNH","Male",55,"No","No",3,1,"No",2,2,0,"Occasional",1,29.8,"No",0,"Male",55,"No","No",3,1,"No",2,2,0,"Occasional",1,29.8,"No",0,16
"3082-YVEKW","Female",53,"Yes","Yes",23,2,"DSL",1,3,1,"Occasional",24,77.15,"No",0,"Female",53,"Yes","Yes",23,2,"DSL",1,3,1,"Occasional",24,77.15,"No",0,11
"3084-DOWLE","Female",60,"No","No",72,2,"5G",3,3,3,"Occasional",24,92,"No",0,"Female",60,"No","No",72,2,"5G",3,3,3,"Occasional",24,92,"No",0,24
"3085-QUOZK","Female",50,"No","No",1,1,"DSL",0,2,0,"Frequent",1,43.95,"Yes",0,"Female",50,"No","No",1,1,"DSL",0,2,0,"Occasional",1,43.95,"Yes",0,NA
"3088-FVYWK","Male",51,"No","No",53,2,"5G",0,1,0,"Occasional",24,25.55,"No",1,"Male",51,"No","No",53,2,"5G",0,1,0,"Occasional",24,25.55,"No",1,11
"3088-LHEFH","Female",52,"No","No",11,2,"Fiber optic",1,2,0,"Occasional",1,79,"No",0,"Female",52,"No","No",11,2,"Fiber optic",1,2,0,"Occasional",1,79,"No",0,32
"3090-HAWSU","Male",49,"No","No",61,2,"Fiber optic",1,3,3,"Occasional",24,111.6,"Yes",0,"Male",49,"No","No",61,2,"Fiber optic",1,3,3,"Occasional",24,111.6,"Yes",0,NA
"3090-LETTY","Male",53,"No","No",2,2,"5G",3,2,0,"Occasional",1,60.95,"No",0,"Male",53,"No","No",2,2,"5G",3,2,0,"Occasional",1,60.95,"No",0,9
"3091-FYHKI","Male",47,"No","No",1,0,"DSL",0,2,2,"Frequent",1,35.45,"Yes",1,"Male",47,"No","No",1,0,"DSL",0,2,2,"Frequent",1,35.45,"Yes",1,NA
"3092-IGHWF","Male",61,"Yes","Yes",67,2,"5G",2,2,0,"Frequent",12,87.4,"Yes",0,"Male",61,"Yes","Yes",67,2,"5G",2,2,0,"Frequent",12,87.4,"Yes",0,NA
"3094-JOJAI","Male",52,"No","No",18,2,"Fiber optic",0,2,0,"Occasional",1,74.15,"No",0,"Male",52,"No","No",18,2,"Fiber optic",0,2,0,"Occasional",1,74.15,"No",0,2
"3096-GKWEB","Male",25,"Yes","No",18,2,"Fiber optic",0,2,3,"Occasional",1,94.75,"No",0,"Male",25,"Yes","No",18,2,"Fiber optic",0,2,3,"Occasional",1,94.75,"No",0,21
"3096-IZETN","Female",26,"No","No",12,1,"5G",0,2,2,"Frequent",1,78.1,"Yes",0,"Female",26,"No","No",12,1,"5G",0,2,2,"Frequent",1,78.1,"Yes",0,NA
"3096-JRDSO","Female",87,"Yes","No",27,2,"Fiber optic",1,3,3,"Occasional",1,104.3,"Yes",0,"Female",87,"Yes","No",27,2,"Fiber optic",1,3,3,"Occasional",1,104.3,"Yes",0,NA
"3096-YXENJ","Female",41,"Yes","No",65,2,"No",2,3,3,"Occasional",24,107.65,"No",0,"Female",41,"Yes","No",65,2,"No",2,3,3,"Occasional",24,107.65,"No",0,29
"3097-IDVPU","Male",62,"Yes","Yes",19,2,"DSL",0,2,0,"Occasional",1,50.1,"No",0,"Male",62,"Yes","Yes",19,2,"DSL",0,2,0,"Occasional",1,50.1,"No",0,39
"3097-NNSPB","Female",19,"No","No",2,1,"5G",2,2,0,"Occasional",1,49.05,"Yes",0,"Female",19,"No","No",2,1,"5G",2,2,0,"Frequent",1,49.05,"Yes",0,NA
"3104-OWCGK","Male",56,"Yes","Yes",60,1,"5G",2,2,1,"Occasional",12,90.95,"Yes",1,"Male",56,"Yes","Yes",60,1,"5G",2,2,1,"Frequent",12,90.95,"Yes",1,NA
"3106-ULWFW","Female",34,"Yes","No",8,2,"DSL",0,2,2,"Frequent",1,85.2,"Yes",0,"Female",34,"Yes","No",8,2,"DSL",0,2,2,"Frequent",1,85.2,"Yes",0,NA
"3113-IWHLC","Male",60,"No","No",5,1,"5G",1,2,0,"Occasional",1,55.8,"No",0,"Male",60,"No","No",5,1,"5G",1,2,0,"Occasional",1,55.8,"No",0,2
"3115-CZMZD","Male",51,"No","No",0,1,"5G",0,1,0,"Occasional",24,20.25,"No",1,"Male",51,"No","No",0,1,"5G",0,1,0,"Occasional",24,20.25,"No",1,26
"3115-JPJDD","Female",41,"Yes","No",59,1,"Fiber optic",1,2,0,"Occasional",12,81.25,"No",0,"Female",41,"Yes","No",59,1,"Fiber optic",1,2,0,"Occasional",12,81.25,"No",0,23
"3118-UHVVQ","Female",21,"Yes","No",68,2,"No",0,1,0,"Occasional",24,25.8,"No",0,"Female",21,"Yes","No",68,2,"No",0,1,0,"Occasional",24,25.8,"No",0,11
"3120-FAZKD","Male",22,"Yes","Yes",54,2,"No",0,1,0,"Occasional",24,24.05,"No",0,"Male",22,"Yes","Yes",54,2,"No",0,1,0,"Occasional",24,24.05,"No",0,34
"3125-RAHBV","Male",20,"No","No",22,1,"No",0,1,0,"Occasional",12,20.3,"No",0,"Male",20,"No","No",22,1,"No",0,1,0,"Occasional",12,20.3,"No",0,28
"3128-YOVTD","Female",21,"Yes","Yes",51,1,"5G",3,2,0,"Occasional",1,79.15,"No",0,"Female",21,"Yes","Yes",51,1,"5G",3,2,0,"Occasional",1,79.15,"No",0,42
"3131-NWVFJ","Female",35,"No","No",14,1,"5G",0,1,0,"Occasional",12,19.55,"No",0,"Female",35,"No","No",14,1,"5G",0,1,0,"Occasional",12,19.55,"No",0,37
"3132-TVFDZ","Male",77,"Yes","No",57,0,"5G",0,2,3,"Frequent",1,44.85,"Yes",0,"Male",77,"Yes","No",57,0,"5G",0,2,3,"Frequent",1,44.85,"Yes",0,NA
"3133-PZNSR","Male",28,"Yes","Yes",72,1,"No",3,3,2,"Occasional",24,97.75,"No",0,"Male",28,"Yes","Yes",72,1,"No",3,3,2,"Occasional",24,97.75,"No",0,21
"3134-DSHVC","Female",52,"No","No",63,2,"Fiber optic",3,2,1,"Occasional",24,98,"No",0,"Female",52,"No","No",63,2,"Fiber optic",3,2,1,"Occasional",24,98,"No",0,30
"3137-LUPIX","Female",51,"No","No",4,2,"DSL",0,3,1,"Occasional",1,64.4,"No",0,"Female",51,"No","No",4,2,"DSL",0,3,1,"Occasional",1,64.4,"No",0,2
"3137-NYQQI","Male",53,"Yes","No",17,1,"5G",3,2,2,"Occasional",12,64.8,"No",1,"Male",53,"Yes","No",17,1,"5G",3,2,2,"Occasional",12,64.8,"No",1,27
"3138-BKYAV","Male",19,"No","No",6,1,"DSL",2,2,1,"Occasional",1,85.35,"Yes",1,"Male",19,"No","No",6,1,"DSL",2,2,1,"Frequent",1,85.35,"Yes",1,NA
"3143-ILDAL","Male",48,"No","No",56,2,"5G",2,3,2,"Occasional",1,94.45,"Yes",0,"Male",48,"No","No",56,2,"5G",2,3,2,"Occasional",1,94.45,"Yes",0,NA
"3144-KMTWZ","Male",57,"Yes","No",71,2,"5G",2,2,2,"Occasional",1,93.25,"No",0,"Male",57,"Yes","No",71,2,"5G",2,2,2,"Occasional",1,93.25,"No",0,25
"3146-JTQHR","Male",22,"Yes","No",10,1,"No",0,1,0,"Occasional",12,19.6,"No",0,"Male",22,"Yes","No",10,1,"No",0,1,0,"Occasional",12,19.6,"No",0,15
"3146-MSEGF","Female",78,"Yes","Yes",72,2,"5G",3,3,3,"Occasional",24,88.05,"No",1,"Female",78,"Yes","Yes",72,2,"5G",3,3,3,"Occasional",24,88.05,"No",1,47
"3148-AOIQT","Female",55,"No","No",69,1,"No",0,1,0,"Occasional",24,24.95,"No",0,"Female",55,"No","No",69,1,"No",0,1,0,"Occasional",24,24.95,"No",0,43
"3148-BLQJT","Male",22,"No","No",1,1,"No",0,1,0,"Occasional",1,20.1,"Yes",0,"Male",22,"No","No",1,1,"No",0,1,0,"Occasional",1,20.1,"Yes",0,NA
"3154-CFSZG","Male",44,"Yes","Yes",47,1,"Fiber optic",1,2,2,"Occasional",1,90.05,"No",0,"Male",44,"Yes","Yes",47,1,"Fiber optic",1,2,2,"Occasional",1,90.05,"No",0,37
"3156-QLHBO","Male",22,"No","Yes",2,1,"5G",0,1,0,"Occasional",1,19.25,"No",0,"Male",22,"No","Yes",2,1,"5G",0,1,0,"Occasional",1,19.25,"No",0,35
"3158-MOERK","Female",23,"No","No",2,2,"5G",0,2,3,"Occasional",1,96,"Yes",1,"Female",23,"No","No",2,2,"5G",0,2,3,"Frequent",1,96,"Yes",1,NA
"3161-GETRM","Male",39,"Yes","Yes",34,2,"Fiber optic",0,2,2,"Occasional",1,90.05,"No",0,"Male",39,"Yes","Yes",34,2,"Fiber optic",0,2,2,"Occasional",1,90.05,"No",0,30
"3161-ONRWK","Male",23,"Yes","Yes",60,1,"DSL",3,3,0,"Occasional",12,65.85,"No",0,"Male",23,"Yes","Yes",60,1,"DSL",3,3,0,"Occasional",12,65.85,"No",0,18
"3162-KKZXO","Female",75,"No","No",55,2,"Fiber optic",0,2,3,"Occasional",12,100.15,"No",0,"Female",75,"No","No",55,2,"Fiber optic",0,2,3,"Occasional",12,100.15,"No",0,41
"3164-YAXFY","Male",50,"No","No",57,0,"5G",1,2,3,"Occasional",1,53.75,"No",0,"Male",50,"No","No",57,0,"5G",1,2,3,"Occasional",1,53.75,"No",0,32
"3166-PNEOF","Female",47,"No","No",61,1,"DSL",1,3,3,"Occasional",24,86.45,"No",0,"Female",47,"No","No",61,1,"DSL",1,3,3,"Occasional",24,86.45,"No",0,30
"3167-SNQPL","Male",74,"Yes","Yes",38,2,"5G",2,2,3,"Occasional",1,101.15,"No",1,"Male",74,"Yes","Yes",38,2,"5G",2,2,3,"Occasional",1,101.15,"No",1,60
"3170-GWYKC","Female",20,"No","No",60,1,"No",1,3,3,"Occasional",1,104.95,"No",0,"Female",20,"No","No",60,1,"No",1,3,3,"Occasional",1,104.95,"No",0,41
"3170-NMYVV","Female",19,"Yes","Yes",50,1,"DSL",0,1,0,"Occasional",24,20.15,"No",1,"Female",19,"Yes","Yes",50,1,"DSL",0,1,0,"Occasional",24,20.15,"No",1,59
"3173-NVMPX","Female",30,"Yes","Yes",9,2,"DSL",2,2,0,"Occasional",1,55.3,"No",0,"Female",30,"Yes","Yes",9,2,"DSL",2,2,0,"Occasional",1,55.3,"No",0,32
"3173-WSSUE","Female",42,"No","No",71,1,"5G",0,1,0,"Occasional",24,19.7,"No",0,"Female",42,"No","No",71,1,"5G",0,1,0,"Occasional",24,19.7,"No",0,13
"3174-AKMAS","Female",24,"Yes","No",46,1,"5G",2,3,1,"Occasional",24,64.2,"No",1,"Female",24,"Yes","No",46,1,"5G",2,3,1,"Occasional",24,64.2,"No",1,11
"3174-RKMOW","Male",23,"Yes","Yes",35,2,"Fiber optic",2,3,3,"Occasional",1,109.95,"No",0,"Male",23,"Yes","Yes",35,2,"Fiber optic",2,3,3,"Occasional",1,109.95,"No",0,27
"3177-LASXD","Female",28,"No","No",1,1,"5G",0,2,0,"Frequent",1,71.35,"Yes",0,"Female",28,"No","No",1,1,"5G",0,2,0,"Frequent",1,71.35,"Yes",0,NA
"3178-CIFOT","Female",37,"No","No",23,1,"No",0,1,0,"Occasional",12,19.65,"No",0,"Female",37,"No","No",23,1,"No",0,1,0,"Occasional",12,19.65,"No",0,17
"3179-GBRWV","Male",84,"Yes","No",21,1,"5G",3,2,2,"Occasional",1,64.95,"No",1,"Male",84,"Yes","No",21,1,"5G",3,2,2,"Occasional",1,64.95,"No",1,54
"3181-MIZBN","Male",39,"No","No",16,1,"No",0,1,0,"Occasional",1,19.75,"No",0,"Male",39,"No","No",16,1,"No",0,1,0,"Occasional",1,19.75,"No",0,3
"3186-AJIEK","Male",49,"No","No",66,1,"Fiber optic",1,3,3,"Occasional",24,105.65,"No",0,"Male",49,"No","No",66,1,"Fiber optic",1,3,3,"Occasional",24,105.65,"No",0,10
"3186-BAXNB","Female",29,"No","No",1,1,"5G",2,3,1,"Occasional",1,91.7,"Yes",0,"Female",29,"No","No",1,1,"5G",2,3,1,"Occasional",1,91.7,"Yes",0,NA
"3190-ITQXP","Female",22,"Yes","Yes",46,1,"No",0,1,0,"Occasional",24,20.25,"No",0,"Female",22,"Yes","Yes",46,1,"No",0,1,0,"Occasional",24,20.25,"No",0,2
"3191-CSNMG","Female",19,"Yes","Yes",3,1,"Fiber optic",0,2,1,"Occasional",1,80.7,"No",0,"Female",19,"Yes","Yes",3,1,"Fiber optic",0,2,1,"Occasional",1,80.7,"No",0,2
"3192-LNKRK","Male",35,"Yes","Yes",34,1,"Fiber optic",0,2,1,"Occasional",1,84.05,"No",0,"Male",35,"Yes","Yes",34,1,"Fiber optic",0,2,1,"Occasional",1,84.05,"No",0,35
"3192-NQECA","Male",28,"Yes","No",68,2,"5G",2,3,3,"Occasional",24,110,"Yes",1,"Male",28,"Yes","No",68,2,"5G",2,3,3,"Occasional",24,110,"Yes",1,NA
"3195-TQDZX","Male",22,"No","No",3,1,"5G",0,1,0,"Occasional",1,20.25,"No",0,"Male",22,"No","No",3,1,"5G",0,1,0,"Occasional",1,20.25,"No",0,45
"3196-NVXLZ","Female",63,"No","No",25,2,"5G",0,2,1,"Occasional",1,84.6,"No",1,"Female",63,"No","No",25,2,"5G",0,2,1,"Occasional",1,84.6,"No",1,9
"3197-ARFOY","Female",66,"No","No",19,1,"5G",3,3,3,"Occasional",1,105,"No",1,"Female",66,"No","No",19,1,"5G",3,3,3,"Occasional",1,105,"No",1,44
"3197-NNYNB","Male",39,"No","No",65,2,"Fiber optic",2,2,3,"Occasional",24,105.1,"No",0,"Male",39,"No","No",65,2,"Fiber optic",2,2,3,"Occasional",24,105.1,"No",0,32
"3198-VELRD","Female",51,"Yes","Yes",3,2,"5G",0,2,2,"Frequent",1,84.75,"Yes",0,"Female",51,"Yes","Yes",3,2,"5G",0,2,2,"Frequent",1,84.75,"Yes",0,NA
"3199-NPKCN","Female",40,"Yes","No",67,2,"5G",1,3,3,"Occasional",12,111.25,"No",1,"Female",40,"Yes","No",67,2,"5G",1,3,3,"Occasional",12,111.25,"No",1,22
"3199-XGZCY","Female",48,"No","No",8,2,"Fiber optic",0,2,0,"Occasional",1,75.25,"No",0,"Female",48,"No","No",8,2,"Fiber optic",0,2,0,"Occasional",1,75.25,"No",0,19
"3200-MNQTF","Male",46,"Yes","No",67,1,"No",3,3,0,"Occasional",24,70.9,"No",0,"Male",46,"Yes","No",67,1,"No",3,3,0,"Occasional",24,70.9,"No",0,1
"3205-MXZRA","Male",26,"No","No",26,1,"DSL",0,3,1,"Occasional",12,59.45,"No",0,"Male",26,"No","No",26,1,"DSL",0,3,1,"Occasional",12,59.45,"No",0,17
"3207-OYBWH","Male",69,"Yes","No",57,2,"5G",2,2,2,"Frequent",1,95.25,"Yes",0,"Male",69,"Yes","No",57,2,"5G",2,2,2,"Frequent",1,95.25,"Yes",0,NA
"3208-YPIOE","Male",49,"No","No",39,2,"Fiber optic",0,2,0,"Frequent",1,75.25,"Yes",0,"Male",49,"No","No",39,2,"Fiber optic",0,2,0,"Frequent",1,75.25,"Yes",0,NA
"3209-ZPKFI","Male",45,"Yes","Yes",47,2,"DSL",2,2,0,"Occasional",1,54.25,"No",0,"Male",45,"Yes","Yes",47,2,"DSL",2,2,0,"Occasional",1,54.25,"No",0,31
"3211-AAPKX","Male",52,"No","No",20,2,"5G",0,3,3,"Occasional",1,98.55,"No",0,"Male",52,"No","No",20,2,"5G",0,3,3,"Occasional",1,98.55,"No",0,31
"3211-ILJTT","Male",31,"Yes","No",17,1,"DSL",0,2,0,"Frequent",1,70.4,"Yes",0,"Male",31,"Yes","No",17,1,"DSL",0,2,0,"Frequent",1,70.4,"Yes",0,NA
"3212-KXOCR","Male",22,"No","No",52,1,"5G",0,1,0,"Occasional",24,21,"No",1,"Male",22,"No","No",52,1,"5G",0,1,0,"Occasional",24,21,"No",1,61
"3213-VVOLG","Male",19,"Yes","Yes",0,2,"No",0,1,0,"Occasional",24,25.35,"No",0,"Male",19,"Yes","Yes",0,2,"No",0,1,0,"Occasional",24,25.35,"No",0,5
"3214-IYUUQ","Female",60,"Yes","No",61,1,"Fiber optic",3,3,2,"Occasional",12,93.7,"No",0,"Female",60,"Yes","No",61,1,"Fiber optic",3,3,2,"Occasional",12,93.7,"No",0,24
"3223-DWFIO","Male",66,"No","No",4,1,"5G",0,2,0,"Occasional",1,69.35,"No",0,"Male",66,"No","No",4,1,"5G",0,2,0,"Occasional",1,69.35,"No",0,21
"3223-WZWJM","Male",62,"No","No",26,2,"Fiber optic",0,2,2,"Frequent",1,83.95,"Yes",0,"Male",62,"No","No",26,2,"Fiber optic",0,2,2,"Occasional",1,83.95,"Yes",0,NA
"3224-DFQNQ","Female",58,"Yes","No",66,2,"DSL",3,3,0,"Occasional",12,89,"No",1,"Female",58,"Yes","No",66,2,"DSL",3,3,0,"Occasional",12,89,"No",1,43
"3227-WLKLI","Female",53,"Yes","Yes",65,1,"No",3,3,3,"Occasional",24,91.55,"No",0,"Female",53,"Yes","Yes",65,1,"No",3,3,3,"Occasional",24,91.55,"No",0,45
"3229-USWAR","Female",38,"No","No",34,1,"DSL",1,3,3,"Occasional",12,79.95,"No",0,"Female",38,"No","No",34,1,"DSL",1,3,3,"Occasional",12,79.95,"No",0,10
"3230-WYKIR","Male",24,"No","No",18,1,"No",0,3,3,"Occasional",12,82,"Yes",0,"Male",24,"No","No",18,1,"No",0,3,3,"Occasional",12,82,"Yes",0,NA
"3234-VKACU","Male",22,"No","No",2,1,"5G",0,3,3,"Occasional",1,70.3,"No",0,"Male",22,"No","No",2,1,"5G",0,3,3,"Occasional",1,70.3,"No",0,32
"3235-ETOOB","Male",23,"Yes","No",8,1,"Fiber optic",1,2,0,"Frequent",1,74.5,"Yes",0,"Male",23,"Yes","No",8,1,"Fiber optic",1,2,0,"Frequent",1,74.5,"Yes",0,NA
"3237-AJGEH","Female",47,"No","No",3,1,"No",0,3,0,"Occasional",1,31,"Yes",0,"Female",47,"No","No",3,1,"No",0,3,0,"Occasional",1,31,"Yes",0,NA
"3239-TPHPZ","Female",20,"Yes","No",12,1,"No",0,1,0,"Occasional",24,20.05,"No",0,"Female",20,"Yes","No",12,1,"No",0,1,0,"Occasional",24,20.05,"No",0,5
"3244-CQPHU","Female",75,"No","No",72,2,"Fiber optic",3,3,3,"Occasional",24,110.1,"No",0,"Female",75,"No","No",72,2,"Fiber optic",3,3,3,"Occasional",24,110.1,"No",0,2
"3244-DCJWY","Female",62,"No","No",1,1,"Fiber optic",0,2,0,"Frequent",1,70.25,"Yes",0,"Female",62,"No","No",1,1,"Fiber optic",0,2,0,"Frequent",1,70.25,"Yes",0,NA
"3247-ZVOUO","Male",83,"Yes","No",10,2,"Fiber optic",0,2,2,"Frequent",1,85.55,"Yes",0,"Male",83,"Yes","No",10,2,"Fiber optic",0,2,2,"Frequent",1,85.55,"Yes",0,NA
"3249-VHRIP","Female",21,"No","No",62,0,"DSL",2,2,2,"Occasional",24,43.6,"No",0,"Female",21,"No","No",62,0,"DSL",2,2,2,"Occasional",24,43.6,"No",0,42
"3249-ZPQRG","Male",55,"No","No",4,2,"DSL",2,2,0,"Frequent",1,78.45,"Yes",0,"Male",55,"No","No",4,2,"DSL",2,2,0,"Frequent",1,78.45,"Yes",0,NA
"3251-YMVWZ","Male",48,"No","No",53,1,"No",0,1,0,"Occasional",12,24.05,"No",0,"Male",48,"No","No",53,1,"No",0,1,0,"Occasional",12,24.05,"No",0,28
"3253-HKOKL","Female",59,"No","No",52,1,"5G",1,2,3,"Occasional",12,100.3,"No",0,"Female",59,"No","No",52,1,"5G",1,2,3,"Occasional",12,100.3,"No",0,38
"3255-GRXMG","Male",46,"No","Yes",18,1,"DSL",0,2,0,"Occasional",1,45.65,"No",0,"Male",46,"No","Yes",18,1,"DSL",0,2,0,"Occasional",1,45.65,"No",0,44
"3258-SYSWS","Male",90,"No","No",72,2,"Fiber optic",3,3,3,"Occasional",24,113.8,"No",0,"Male",90,"No","No",72,2,"Fiber optic",3,3,3,"Occasional",24,113.8,"No",0,21
"3259-FDWOY","Male",52,"Yes","Yes",71,2,"Fiber optic",2,2,3,"Frequent",24,106,"Yes",0,"Male",52,"Yes","Yes",71,2,"Fiber optic",2,2,3,"Occasional",24,106,"Yes",0,NA
"3259-KNMRR","Male",82,"No","No",57,2,"DSL",2,2,3,"Occasional",24,79.75,"No",0,"Male",82,"No","No",57,2,"DSL",2,2,3,"Occasional",24,79.75,"No",0,39
"3261-CQXOL","Female",61,"No","No",71,2,"5G",0,1,0,"Occasional",24,25.45,"No",1,"Female",61,"No","No",71,2,"5G",0,1,0,"Occasional",24,25.45,"No",1,8
"3269-ATYWD","Male",88,"No","No",39,1,"No",0,2,3,"Frequent",1,95.65,"Yes",0,"Male",88,"No","No",39,1,"No",0,2,3,"Frequent",1,95.65,"Yes",0,NA
"3272-VUHPV","Female",42,"Yes","Yes",8,1,"DSL",2,3,0,"Occasional",1,56.3,"No",0,"Female",42,"Yes","Yes",8,1,"DSL",2,3,0,"Occasional",1,56.3,"No",0,24
"3276-HDUEG","Female",29,"No","No",1,2,"5G",0,2,0,"Occasional",1,75.05,"Yes",1,"Female",29,"No","No",1,2,"5G",0,2,0,"Frequent",1,75.05,"Yes",1,NA
"3278-FSIXX","Female",30,"No","No",2,1,"DSL",0,2,0,"Occasional",1,45.25,"No",0,"Female",30,"No","No",2,1,"DSL",0,2,0,"Occasional",1,45.25,"No",0,40
"3279-DYZQM","Male",59,"No","No",71,1,"5G",0,1,0,"Occasional",24,19.45,"No",0,"Male",59,"No","No",71,1,"5G",0,1,0,"Occasional",24,19.45,"No",0,40
"3280-MRDOF","Male",74,"No","No",30,2,"5G",0,3,1,"Occasional",24,69.1,"No",0,"Male",74,"No","No",30,2,"5G",0,3,1,"Occasional",24,69.1,"No",0,2
"3280-NMUVX","Male",19,"Yes","Yes",34,1,"5G",0,1,0,"Occasional",12,19.6,"No",1,"Male",19,"Yes","Yes",34,1,"5G",0,1,0,"Occasional",12,19.6,"No",1,34
"3282-ZISZV","Male",22,"No","Yes",32,2,"5G",2,3,3,"Occasional",12,83.7,"No",1,"Male",22,"No","Yes",32,2,"5G",2,3,3,"Occasional",12,83.7,"No",1,51
"3283-WCWXT","Male",19,"Yes","Yes",6,2,"DSL",0,1,0,"Occasional",24,25.4,"No",0,"Male",19,"Yes","Yes",6,2,"DSL",0,1,0,"Occasional",24,25.4,"No",0,43
"3284-SVCRO","Female",20,"Yes","No",45,2,"No",0,1,0,"Occasional",24,25.5,"No",0,"Female",20,"Yes","No",45,2,"No",0,1,0,"Occasional",24,25.5,"No",0,24
"3292-PBZEJ","Male",85,"No","No",11,2,"5G",2,3,3,"Occasional",1,111.4,"No",0,"Male",85,"No","No",11,2,"5G",2,3,3,"Occasional",1,111.4,"No",0,29
"3295-YVUSR","Male",69,"No","No",2,2,"Fiber optic",0,2,0,"Occasional",1,72.6,"No",0,"Male",69,"No","No",2,2,"Fiber optic",0,2,0,"Occasional",1,72.6,"No",0,10
"3298-QEICA","Female",22,"Yes","Yes",23,0,"DSL",1,3,0,"Occasional",24,34.6,"No",0,"Female",22,"Yes","Yes",23,0,"DSL",1,3,0,"Occasional",24,34.6,"No",0,44
"3301-LSLWQ","Female",26,"No","No",29,1,"DSL",1,2,2,"Occasional",1,66.1,"No",0,"Female",26,"No","No",29,1,"DSL",1,2,2,"Occasional",1,66.1,"No",0,19
"3301-VKTGC","Male",26,"Yes","Yes",68,2,"Fiber optic",3,2,0,"Occasional",12,85.5,"No",0,"Male",26,"Yes","Yes",68,2,"Fiber optic",3,2,0,"Occasional",12,85.5,"No",0,38
"3308-JSGML","Male",74,"Yes","No",59,0,"DSL",1,3,3,"Occasional",24,64.05,"No",0,"Male",74,"Yes","No",59,0,"DSL",1,3,3,"Occasional",24,64.05,"No",0,20
"3308-MHOOC","Male",59,"No","No",1,1,"No",0,1,0,"Occasional",1,19.2,"No",0,"Male",59,"No","No",1,1,"No",0,1,0,"Occasional",1,19.2,"No",0,5
"3312-UUMZW","Male",25,"Yes","No",32,2,"5G",2,2,3,"Occasional",1,98.85,"No",0,"Male",25,"Yes","No",32,2,"5G",2,2,3,"Occasional",1,98.85,"No",0,15
"3312-ZWLGF","Male",67,"Yes","No",29,2,"Fiber optic",0,3,0,"Occasional",1,79.3,"No",0,"Male",67,"Yes","No",29,2,"Fiber optic",0,3,0,"Occasional",1,79.3,"No",0,12
"3313-QKNKB","Male",20,"Yes","No",59,2,"5G",0,2,2,"Occasional",12,85.55,"Yes",1,"Male",20,"Yes","No",59,2,"5G",0,2,2,"Frequent",12,85.55,"Yes",1,NA
"3315-IKYZQ","Male",29,"Yes","Yes",28,0,"DSL",1,3,1,"Occasional",12,50.8,"No",0,"Male",29,"Yes","Yes",28,0,"DSL",1,3,1,"Occasional",12,50.8,"No",0,14
"3315-TOTBP","Male",25,"No","No",15,2,"Fiber optic",0,2,0,"Frequent",1,76,"Yes",0,"Male",25,"No","No",15,2,"Fiber optic",0,2,0,"Occasional",1,76,"Yes",0,NA
"3316-UWXUY","Male",55,"No","No",50,1,"5G",3,3,2,"Occasional",1,93.5,"No",1,"Male",55,"No","No",50,1,"5G",3,3,2,"Occasional",1,93.5,"No",1,57
"3317-VLGQT","Female",21,"Yes","No",14,1,"Fiber optic",0,2,2,"Occasional",1,78.1,"No",0,"Female",21,"Yes","No",14,1,"Fiber optic",0,2,2,"Occasional",1,78.1,"No",0,31
"3318-ISQFQ","Female",22,"No","No",20,1,"5G",0,1,0,"Occasional",1,19.5,"No",1,"Female",22,"No","No",20,1,"5G",0,1,0,"Occasional",1,19.5,"No",1,10
"3318-OSATS","Male",65,"No","No",35,1,"DSL",0,2,3,"Frequent",1,95.45,"Yes",0,"Male",65,"No","No",35,1,"DSL",0,2,3,"Frequent",1,95.45,"Yes",0,NA
"3320-VEOYC","Male",81,"No","No",14,2,"Fiber optic",0,2,3,"Occasional",1,95.6,"No",0,"Male",81,"No","No",14,2,"Fiber optic",0,2,3,"Occasional",1,95.6,"No",0,33
"3323-CPBWR","Male",32,"No","No",23,2,"Fiber optic",0,3,1,"Occasional",1,96.9,"No",0,"Male",32,"No","No",23,2,"Fiber optic",0,3,1,"Occasional",1,96.9,"No",0,42
"3324-OIRTO","Male",41,"Yes","Yes",71,1,"5G",3,2,3,"Occasional",12,104.65,"No",0,"Male",41,"Yes","Yes",71,1,"5G",3,2,3,"Occasional",12,104.65,"No",0,35
"3325-FUYCG","Male",57,"Yes","Yes",28,1,"No",3,2,3,"Frequent",12,106.1,"Yes",0,"Male",57,"Yes","Yes",28,1,"No",3,2,3,"Frequent",12,106.1,"Yes",0,NA
"3327-YBAKM","Female",53,"Yes","No",64,1,"Fiber optic",1,3,3,"Occasional",12,96.9,"No",0,"Female",53,"Yes","No",64,1,"Fiber optic",1,3,3,"Occasional",12,96.9,"No",0,12
"3329-WDIOK","Female",41,"No","No",3,0,"DSL",2,2,3,"Frequent",1,50.6,"Yes",0,"Female",41,"No","No",3,0,"DSL",2,2,3,"Frequent",1,50.6,"Yes",0,NA
"3334-CTHOL","Female",31,"No","No",1,2,"DSL",0,2,0,"Frequent",1,49.95,"Yes",0,"Female",31,"No","No",1,2,"DSL",0,2,0,"Frequent",1,49.95,"Yes",0,NA
"3338-CVVEH","Male",35,"No","No",12,2,"Fiber optic",0,2,3,"Occasional",1,94.55,"No",0,"Male",35,"No","No",12,2,"Fiber optic",0,2,3,"Occasional",1,94.55,"No",0,2
"3340-QBBFM","Male",66,"Yes","No",36,1,"DSL",0,3,0,"Occasional",12,54.1,"No",0,"Male",66,"Yes","No",36,1,"DSL",0,3,0,"Occasional",12,54.1,"No",0,34
"3345-JHUEO","Male",22,"No","No",4,1,"No",0,1,0,"Occasional",1,20.2,"No",0,"Male",22,"No","No",4,1,"No",0,1,0,"Occasional",1,20.2,"No",0,18
"3345-PBBFH","Male",29,"Yes","No",8,1,"DSL",2,2,0,"Occasional",1,49.55,"No",0,"Male",29,"Yes","No",8,1,"DSL",2,2,0,"Occasional",1,49.55,"No",0,21
"3347-YJZZE","Male",25,"Yes","Yes",29,2,"5G",2,2,3,"Occasional",1,80.1,"No",1,"Male",25,"Yes","Yes",29,2,"5G",2,2,3,"Occasional",1,80.1,"No",1,17
"3348-CFRNX","Female",47,"Yes","No",28,1,"No",1,2,3,"Frequent",1,92.35,"Yes",0,"Female",47,"Yes","No",28,1,"No",1,2,3,"Frequent",1,92.35,"Yes",0,NA
"3349-ANQNH","Female",80,"No","No",59,2,"Fiber optic",0,2,3,"Occasional",12,99.5,"No",0,"Female",80,"No","No",59,2,"Fiber optic",0,2,3,"Occasional",12,99.5,"No",0,27
"3351-NGXYI","Female",83,"No","No",16,2,"5G",1,2,0,"Occasional",1,54.1,"No",1,"Female",83,"No","No",16,2,"5G",1,2,0,"Occasional",1,54.1,"No",1,30
"3351-NQLDI","Female",33,"Yes","Yes",67,1,"No",1,3,2,"Occasional",12,94.35,"Yes",0,"Female",33,"Yes","Yes",67,1,"No",1,3,2,"Occasional",12,94.35,"Yes",0,NA
"3354-OADJP","Female",26,"No","No",8,1,"5G",1,3,0,"Occasional",12,54.25,"No",0,"Female",26,"No","No",8,1,"5G",1,3,0,"Occasional",12,54.25,"No",0,35
"3359-DSRKA","Female",57,"No","No",58,1,"No",0,1,0,"Occasional",24,19.85,"No",0,"Female",57,"No","No",58,1,"No",0,1,0,"Occasional",24,19.85,"No",0,2
"3363-DTIVD","Male",47,"Yes","Yes",71,2,"5G",1,2,3,"Occasional",24,105.55,"No",1,"Male",47,"Yes","Yes",71,2,"5G",1,2,3,"Occasional",24,105.55,"No",1,63
"3363-EWLGO","Female",45,"No","No",5,1,"No",0,1,0,"Occasional",1,19.95,"No",0,"Female",45,"No","No",5,1,"No",0,1,0,"Occasional",1,19.95,"No",0,5
"3365-SAIGS","Female",23,"No","No",17,1,"5G",2,2,1,"Occasional",1,83.55,"No",0,"Female",23,"No","No",17,1,"5G",2,2,1,"Occasional",1,83.55,"No",0,0
"3370-GQEAL","Male",27,"Yes","Yes",30,2,"Fiber optic",0,2,1,"Occasional",1,85.45,"No",0,"Male",27,"Yes","Yes",30,2,"Fiber optic",0,2,1,"Occasional",1,85.45,"No",0,31
"3370-HXOPH","Female",49,"No","No",3,2,"Fiber optic",0,2,0,"Occasional",1,76.1,"No",0,"Female",49,"No","No",3,2,"Fiber optic",0,2,0,"Occasional",1,76.1,"No",0,18
"3372-CDXFJ","Male",20,"Yes","Yes",13,2,"No",0,1,0,"Occasional",12,24.5,"No",0,"Male",20,"Yes","Yes",13,2,"No",0,1,0,"Occasional",12,24.5,"No",0,29
"3372-KWFBM","Male",88,"No","No",16,2,"5G",0,2,1,"Frequent",1,86.6,"Yes",0,"Male",88,"No","No",16,2,"5G",0,2,1,"Frequent",1,86.6,"Yes",0,NA
"3373-DIUUN","Male",20,"Yes","Yes",30,1,"5G",0,1,0,"Occasional",24,21.25,"No",0,"Male",20,"Yes","Yes",30,1,"5G",0,1,0,"Occasional",24,21.25,"No",0,1
"3373-YZZYM","Male",48,"No","No",1,1,"No",0,1,0,"Occasional",1,19.2,"No",0,"Male",48,"No","No",1,1,"No",0,1,0,"Occasional",1,19.2,"No",0,44
"3374-LXDEV","Female",24,"No","No",13,2,"Fiber optic",2,3,0,"Occasional",1,89.4,"Yes",0,"Female",24,"No","No",13,2,"Fiber optic",2,3,0,"Occasional",1,89.4,"Yes",0,NA
"3376-BMGFE","Female",59,"No","No",4,1,"5G",0,2,0,"Occasional",1,70.9,"Yes",1,"Female",59,"No","No",4,1,"5G",0,2,0,"Frequent",1,70.9,"Yes",1,NA
"3378-AJRAO","Male",21,"Yes","Yes",44,2,"5G",0,1,0,"Occasional",12,24.85,"No",0,"Male",21,"Yes","Yes",44,2,"5G",0,1,0,"Occasional",12,24.85,"No",0,14
"3384-CTMSF","Male",44,"Yes","No",47,2,"Fiber optic",2,2,3,"Occasional",1,104.1,"No",0,"Male",44,"Yes","No",47,2,"Fiber optic",2,2,3,"Occasional",1,104.1,"No",0,28
"3387-PLKUI","Female",22,"Yes","Yes",13,1,"No",0,1,0,"Occasional",1,18.8,"No",0,"Female",22,"Yes","Yes",13,1,"No",0,1,0,"Occasional",1,18.8,"No",0,42
"3389-KTRXV","Female",19,"Yes","Yes",23,2,"No",0,1,0,"Occasional",24,23.85,"No",0,"Female",19,"Yes","Yes",23,2,"No",0,1,0,"Occasional",24,23.85,"No",0,26
"3389-YGYAI","Female",69,"No","No",8,2,"Fiber optic",2,2,3,"Frequent",1,105.5,"Yes",0,"Female",69,"No","No",8,2,"Fiber optic",2,2,3,"Frequent",1,105.5,"Yes",0,NA
"3391-JSQEW","Male",49,"Yes","No",40,1,"DSL",2,2,0,"Occasional",1,50.15,"No",0,"Male",49,"Yes","No",40,1,"DSL",2,2,0,"Occasional",1,50.15,"No",0,20
"3392-EHMNK","Female",28,"Yes","Yes",67,2,"DSL",2,3,1,"Occasional",24,94.1,"No",0,"Female",28,"Yes","Yes",67,2,"DSL",2,3,1,"Occasional",24,94.1,"No",0,2
"3393-FMZPV","Female",46,"No","No",25,2,"Fiber optic",2,2,3,"Frequent",1,100.25,"Yes",0,"Female",46,"No","No",25,2,"Fiber optic",2,2,3,"Frequent",1,100.25,"Yes",0,NA
"3397-AVTKU","Male",26,"No","No",43,1,"DSL",2,2,2,"Occasional",24,60,"No",0,"Male",26,"No","No",43,1,"DSL",2,2,2,"Occasional",24,60,"No",0,13
"3398-FSHON","Female",85,"No","No",12,2,"Fiber optic",2,2,1,"Occasional",1,91.3,"Yes",0,"Female",85,"No","No",12,2,"Fiber optic",2,2,1,"Occasional",1,91.3,"Yes",0,NA
"3398-GCPMU","Female",68,"Yes","Yes",72,2,"5G",3,3,3,"Occasional",24,89.55,"No",0,"Female",68,"Yes","Yes",72,2,"5G",3,3,3,"Occasional",24,89.55,"No",0,25
"3398-ZOUAA","Male",69,"Yes","No",21,1,"Fiber optic",0,2,0,"Frequent",1,69.1,"Yes",0,"Male",69,"Yes","No",21,1,"Fiber optic",0,2,0,"Frequent",1,69.1,"Yes",0,NA
"3399-BMLVW","Male",21,"Yes","Yes",51,1,"5G",3,3,0,"Occasional",24,60.5,"No",0,"Male",21,"Yes","Yes",51,1,"5G",3,3,0,"Occasional",24,60.5,"No",0,41
"3400-ESFUW","Male",56,"Yes","Yes",55,1,"DSL",3,3,0,"Occasional",24,57.55,"Yes",0,"Male",56,"Yes","Yes",55,1,"DSL",3,3,0,"Occasional",24,57.55,"Yes",0,NA
"3402-XRIUO","Female",72,"Yes","No",22,2,"5G",3,3,0,"Occasional",1,63.55,"No",0,"Female",72,"Yes","No",22,2,"5G",3,3,0,"Occasional",1,63.55,"No",0,38
"3404-JNXAX","Female",32,"Yes","Yes",51,1,"DSL",0,3,0,"Occasional",1,80.75,"No",0,"Female",32,"Yes","Yes",51,1,"DSL",0,3,0,"Occasional",1,80.75,"No",0,28
"3407-JMJQQ","Female",34,"Yes","Yes",71,2,"Fiber optic",3,2,3,"Occasional",24,109,"No",0,"Female",34,"Yes","Yes",71,2,"Fiber optic",3,2,3,"Occasional",24,109,"No",0,24
"3407-QGWLG","Male",60,"No","No",3,1,"No",0,1,0,"Occasional",1,20.05,"No",0,"Male",60,"No","No",3,1,"No",0,1,0,"Occasional",1,20.05,"No",0,17
"3410-MHHUM","Female",51,"Yes","Yes",44,2,"Fiber optic",2,2,2,"Occasional",12,94.4,"No",0,"Female",51,"Yes","Yes",44,2,"Fiber optic",2,2,2,"Occasional",12,94.4,"No",0,44
"3410-YOQBQ","Female",58,"No","No",31,1,"5G",2,3,3,"Occasional",24,79.2,"No",1,"Female",58,"No","No",31,1,"5G",2,3,3,"Occasional",24,79.2,"No",1,42
"3411-WLRSQ","Female",72,"Yes","No",3,1,"Fiber optic",2,2,0,"Occasional",1,74.6,"No",0,"Female",72,"Yes","No",3,1,"Fiber optic",2,2,0,"Occasional",1,74.6,"No",0,13
"3413-BMNZE","Male",73,"No","No",1,1,"5G",0,2,0,"Occasional",1,45.25,"No",1,"Male",73,"No","No",1,1,"5G",0,2,0,"Occasional",1,45.25,"No",1,70
"3413-CSSTH","Male",65,"No","No",41,2,"DSL",0,2,0,"Occasional",1,55.7,"No",0,"Male",65,"No","No",41,2,"DSL",0,2,0,"Occasional",1,55.7,"No",0,10
"3413-DHLPB","Male",35,"No","No",60,2,"5G",2,3,3,"Occasional",1,103.75,"No",0,"Male",35,"No","No",60,2,"5G",2,3,3,"Occasional",1,103.75,"No",0,17
"3415-TAILE","Female",21,"Yes","Yes",2,1,"DSL",0,2,3,"Frequent",1,65.7,"Yes",0,"Female",21,"Yes","Yes",2,1,"DSL",0,2,3,"Frequent",1,65.7,"Yes",0,NA
"3419-SNJJD","Female",81,"Yes","No",65,2,"5G",1,2,3,"Occasional",1,105.25,"Yes",1,"Female",81,"Yes","No",65,2,"5G",1,2,3,"Frequent",1,105.25,"Yes",1,NA
"3422-LYEPQ","Male",25,"Yes","Yes",1,1,"Fiber optic",0,2,0,"Frequent",1,71,"Yes",0,"Male",25,"Yes","Yes",1,1,"Fiber optic",0,2,0,"Frequent",1,71,"Yes",0,NA
"3422-WJOYD","Male",19,"Yes","No",28,1,"DSL",1,3,0,"Occasional",12,54.35,"No",0,"Male",19,"Yes","No",28,1,"DSL",1,3,0,"Occasional",12,54.35,"No",0,55
"3424-NMNBO","Male",69,"Yes","No",58,2,"DSL",3,2,3,"Frequent",12,108.85,"Yes",0,"Male",69,"Yes","No",58,2,"DSL",3,2,3,"Frequent",12,108.85,"Yes",0,NA
"3426-NIYYL","Male",62,"No","No",15,1,"No",0,2,0,"Frequent",1,51.55,"Yes",0,"Male",62,"No","No",15,1,"No",0,2,0,"Frequent",1,51.55,"Yes",0,NA
"3427-GGZZI","Female",56,"Yes","No",19,2,"Fiber optic",2,2,2,"Occasional",1,89.1,"No",0,"Female",56,"Yes","No",19,2,"Fiber optic",2,2,2,"Occasional",1,89.1,"No",0,32
"3428-MMGUB","Male",51,"No","No",60,2,"Fiber optic",0,2,1,"Occasional",24,89.55,"No",0,"Male",51,"No","No",60,2,"Fiber optic",0,2,1,"Occasional",24,89.55,"No",0,23
"3428-XZMAZ","Male",53,"No","No",1,1,"Fiber optic",0,2,0,"Frequent",1,69.35,"Yes",0,"Male",53,"No","No",1,1,"Fiber optic",0,2,0,"Frequent",1,69.35,"Yes",0,NA
"3429-IFLEM","Female",44,"No","No",71,1,"5G",3,3,1,"Occasional",24,77.35,"No",1,"Female",44,"No","No",71,1,"5G",3,3,1,"Occasional",24,77.35,"No",1,41
"3439-GVUSX","Male",36,"No","No",1,0,"DSL",0,2,0,"Occasional",1,24.4,"No",0,"Male",36,"No","No",1,0,"DSL",0,2,0,"Occasional",1,24.4,"No",0,9
"3441-CGZJH","Female",57,"Yes","Yes",43,0,"DSL",1,3,3,"Occasional",12,60.4,"No",0,"Female",57,"Yes","Yes",43,0,"DSL",1,3,3,"Occasional",12,60.4,"No",0,3
"3442-ZHHCC","Male",63,"No","No",68,2,"DSL",3,2,2,"Occasional",12,76.9,"No",1,"Male",63,"No","No",68,2,"DSL",3,2,2,"Occasional",12,76.9,"No",1,16
"3445-HXXGF","Male",75,"Yes","No",58,0,"5G",2,2,2,"Frequent",1,45.3,"Yes",1,"Male",75,"Yes","No",58,0,"5G",2,2,2,"Frequent",1,45.3,"Yes",1,NA
"3446-QDSZF","Female",63,"No","No",4,1,"DSL",0,2,1,"Occasional",1,55.5,"No",0,"Female",63,"No","No",4,1,"DSL",0,2,1,"Occasional",1,55.5,"No",0,20
"3450-WXOAT","Male",56,"No","No",46,1,"5G",0,2,0,"Occasional",1,45.2,"No",0,"Male",56,"No","No",46,1,"5G",0,2,0,"Occasional",1,45.2,"No",0,1
"3452-ABWRL","Male",68,"No","No",47,2,"5G",0,2,1,"Occasional",1,86.05,"No",0,"Male",68,"No","No",47,2,"5G",0,2,1,"Occasional",1,86.05,"No",0,43
"3452-FLHYD","Male",22,"Yes","No",25,1,"5G",0,1,0,"Occasional",12,20.95,"No",0,"Male",22,"Yes","No",25,1,"5G",0,1,0,"Occasional",12,20.95,"No",0,33
"3454-JFUBC","Male",20,"No","No",68,1,"No",0,1,0,"Occasional",24,20,"No",0,"Male",20,"No","No",68,1,"No",0,1,0,"Occasional",24,20,"No",0,16
"3457-PQBYH","Female",21,"Yes","Yes",58,2,"No",0,1,0,"Occasional",24,20.3,"No",0,"Female",21,"Yes","Yes",58,2,"No",0,1,0,"Occasional",24,20.3,"No",0,8
"3458-IDMFK","Male",22,"No","No",25,1,"No",0,1,0,"Occasional",24,20.75,"No",0,"Male",22,"No","No",25,1,"No",0,1,0,"Occasional",24,20.75,"No",0,3
"3460-TJBWI","Male",22,"Yes","Yes",24,2,"No",0,1,0,"Occasional",24,24.2,"No",0,"Male",22,"Yes","Yes",24,2,"No",0,1,0,"Occasional",24,24.2,"No",0,37
"3462-BJQQA","Female",26,"No","No",6,2,"Fiber optic",2,2,1,"Occasional",1,89.75,"No",0,"Female",26,"No","No",6,2,"Fiber optic",2,2,1,"Occasional",1,89.75,"No",0,41
"3466-BYAVD","Male",59,"Yes","Yes",15,1,"5G",2,3,2,"Occasional",1,69.5,"No",1,"Male",59,"Yes","Yes",15,1,"5G",2,3,2,"Occasional",1,69.5,"No",1,67
"3466-RITXD","Male",26,"No","No",26,2,"Fiber optic",3,2,1,"Occasional",1,92.4,"No",0,"Male",26,"No","No",26,2,"Fiber optic",3,2,1,"Occasional",1,92.4,"No",0,42
"3472-QPRCH","Male",63,"No","No",40,2,"No",0,1,0,"Occasional",24,25.25,"No",0,"Male",63,"No","No",40,2,"No",0,1,0,"Occasional",24,25.25,"No",0,25
"3482-ABPKK","Female",29,"No","No",28,1,"5G",1,3,0,"Occasional",12,54.3,"No",1,"Female",29,"No","No",28,1,"5G",1,3,0,"Occasional",12,54.3,"No",1,7
"3486-KHMLI","Male",47,"No","No",21,2,"5G",0,1,0,"Occasional",1,24.7,"No",0,"Male",47,"No","No",21,2,"5G",0,1,0,"Occasional",1,24.7,"No",0,7
"3487-EARAT","Female",60,"Yes","Yes",70,1,"DSL",3,3,2,"Occasional",12,74.1,"No",1,"Female",60,"Yes","Yes",70,1,"DSL",3,3,2,"Occasional",12,74.1,"No",1,15
"3488-PGMQJ","Male",71,"No","No",8,1,"5G",2,2,0,"Frequent",1,74.5,"Yes",1,"Male",71,"No","No",8,1,"5G",2,2,0,"Frequent",1,74.5,"Yes",1,NA
"3489-HHPFY","Female",46,"Yes","No",2,2,"Fiber optic",0,2,1,"Occasional",1,84.05,"No",0,"Female",46,"Yes","No",2,2,"Fiber optic",0,2,1,"Occasional",1,84.05,"No",0,44
"3489-VSFRD","Female",57,"No","No",56,1,"No",1,3,0,"Occasional",12,60.25,"No",0,"Female",57,"No","No",56,1,"No",1,3,0,"Occasional",12,60.25,"No",0,38
"3496-LFSZU","Male",60,"Yes","No",4,1,"5G",0,2,0,"Occasional",1,70.5,"No",0,"Male",60,"Yes","No",4,1,"5G",0,2,0,"Occasional",1,70.5,"No",0,15
"3498-LZGQZ","Male",49,"No","No",63,1,"DSL",0,1,0,"Occasional",24,19.15,"No",0,"Male",49,"No","No",63,1,"DSL",0,1,0,"Occasional",24,19.15,"No",0,25
"3500-NSDOA","Male",35,"Yes","Yes",68,2,"5G",2,3,2,"Occasional",24,70.8,"No",0,"Male",35,"Yes","Yes",68,2,"5G",2,3,2,"Occasional",24,70.8,"No",0,33
"3503-TYDAY","Female",54,"Yes","No",43,2,"5G",2,2,0,"Occasional",1,80.45,"No",0,"Female",54,"Yes","No",43,2,"5G",2,2,0,"Occasional",1,80.45,"No",0,37
"3506-OVLKD","Male",19,"No","No",35,2,"5G",0,1,0,"Occasional",12,26.2,"No",0,"Male",19,"No","No",35,2,"5G",0,1,0,"Occasional",12,26.2,"No",0,16
"3507-GASNP","Male",20,"No","Yes",60,1,"No",0,1,0,"Occasional",24,19.95,"No",0,"Male",20,"No","Yes",60,1,"No",0,1,0,"Occasional",24,19.95,"No",0,18
"3508-VLHCZ","Female",44,"Yes","Yes",71,1,"No",3,3,3,"Occasional",24,90.55,"No",0,"Female",44,"Yes","Yes",71,1,"No",3,3,3,"Occasional",24,90.55,"No",0,4
"3509-GWQGF","Male",73,"No","No",24,1,"5G",0,2,0,"Occasional",1,70,"No",1,"Male",73,"No","No",24,1,"5G",0,2,0,"Occasional",1,70,"No",1,1
"3511-APPBJ","Male",30,"No","No",23,1,"DSL",1,2,3,"Occasional",12,99.95,"No",0,"Male",30,"No","No",23,1,"DSL",1,2,3,"Occasional",12,99.95,"No",0,21
"3512-IZIKN","Female",54,"No","No",70,2,"DSL",1,3,0,"Occasional",24,65.3,"Yes",0,"Female",54,"No","No",70,2,"DSL",1,3,0,"Occasional",24,65.3,"Yes",0,NA
"3518-FSTWG","Male",87,"Yes","No",72,2,"Fiber optic",3,2,3,"Occasional",24,109.55,"No",0,"Male",87,"Yes","No",72,2,"Fiber optic",3,2,3,"Occasional",24,109.55,"No",0,9
"3518-PZXZQ","Female",26,"Yes","No",1,1,"DSL",0,2,1,"Occasional",1,55.3,"No",0,"Female",26,"Yes","No",1,1,"DSL",0,2,1,"Occasional",1,55.3,"No",0,22
"3519-ZKXGG","Female",25,"Yes","No",3,2,"Fiber optic",0,2,0,"Frequent",1,75.85,"Yes",0,"Female",25,"Yes","No",3,2,"Fiber optic",0,2,0,"Frequent",1,75.85,"Yes",0,NA
"3520-FJGCV","Male",31,"Yes","Yes",72,2,"5G",3,3,3,"Occasional",24,112.6,"No",1,"Male",31,"Yes","Yes",72,2,"5G",3,3,3,"Occasional",24,112.6,"No",1,38
"3521-MNKLV","Male",51,"No","No",24,1,"DSL",0,2,0,"Occasional",1,49.7,"No",0,"Male",51,"No","No",24,1,"DSL",0,2,0,"Occasional",1,49.7,"No",0,25
"3523-BRGUW","Male",79,"No","No",26,1,"5G",0,1,0,"Occasional",12,19.3,"No",1,"Male",79,"No","No",26,1,"5G",0,1,0,"Occasional",12,19.3,"No",1,4
"3523-QRQLL","Female",44,"Yes","Yes",22,1,"No",2,2,3,"Frequent",12,69.5,"Yes",0,"Female",44,"Yes","Yes",22,1,"No",2,2,3,"Frequent",12,69.5,"Yes",0,NA
"3525-DVKFN","Female",58,"No","No",17,1,"No",0,1,0,"Occasional",24,19.4,"No",0,"Female",58,"No","No",17,1,"No",0,1,0,"Occasional",24,19.4,"No",0,30
"3528-HFRIQ","Male",68,"Yes","No",71,0,"DSL",2,2,3,"Occasional",1,52.3,"No",0,"Male",68,"Yes","No",71,0,"DSL",2,2,3,"Occasional",1,52.3,"No",0,7
"3530-CRZSB","Female",53,"No","No",7,1,"No",0,1,0,"Occasional",1,20.65,"No",0,"Female",53,"No","No",7,1,"No",0,1,0,"Occasional",1,20.65,"No",0,22
"3530-VWVGU","Female",19,"Yes","Yes",22,1,"No",0,1,0,"Occasional",1,19.9,"No",0,"Female",19,"Yes","Yes",22,1,"No",0,1,0,"Occasional",1,19.9,"No",0,7
"3533-UVMOM","Male",56,"Yes","No",68,1,"5G",3,2,2,"Occasional",24,70.95,"No",0,"Male",56,"Yes","No",68,1,"5G",3,2,2,"Occasional",24,70.95,"No",0,30
"3536-IQCTX","Male",74,"Yes","No",32,2,"5G",0,2,2,"Frequent",1,85.3,"Yes",0,"Male",74,"Yes","No",32,2,"5G",0,2,2,"Frequent",1,85.3,"Yes",0,NA
"3537-HPKQT","Female",33,"Yes","No",55,2,"Fiber optic",2,2,0,"Occasional",1,77.75,"No",0,"Female",33,"Yes","No",55,2,"Fiber optic",2,2,0,"Occasional",1,77.75,"No",0,7
"3538-WZPHD","Male",62,"No","No",3,0,"DSL",2,2,0,"Frequent",1,29.6,"Yes",0,"Male",62,"No","No",3,0,"DSL",2,2,0,"Occasional",1,29.6,"Yes",0,NA
"3540-RZJYU","Female",26,"No","No",15,1,"Fiber optic",1,2,1,"Frequent",1,86.2,"Yes",0,"Female",26,"No","No",15,1,"Fiber optic",1,2,1,"Frequent",1,86.2,"Yes",0,NA
"3545-CNWRG","Female",34,"Yes","Yes",49,2,"Fiber optic",2,2,3,"Occasional",1,98.35,"No",0,"Female",34,"Yes","Yes",49,2,"Fiber optic",2,2,3,"Occasional",1,98.35,"No",0,41
"3546-GHEAE","Male",47,"No","No",7,1,"5G",0,1,0,"Occasional",24,19.45,"No",0,"Male",47,"No","No",7,1,"5G",0,1,0,"Occasional",24,19.45,"No",0,0
"3547-LQRIK","Female",43,"No","No",47,2,"No",0,1,0,"Occasional",12,26.9,"No",0,"Female",43,"No","No",47,2,"No",0,1,0,"Occasional",12,26.9,"No",0,12
"3549-ZTMNH","Male",59,"No","No",12,2,"No",0,1,0,"Occasional",24,24,"No",0,"Male",59,"No","No",12,2,"No",0,1,0,"Occasional",24,24,"No",0,1
"3551-GAEGL","Male",35,"No","No",34,0,"5G",1,2,0,"Occasional",12,30.4,"No",1,"Male",35,"No","No",34,0,"5G",1,2,0,"Occasional",12,30.4,"No",1,20
"3552-CTCYF","Male",22,"Yes","Yes",63,2,"5G",2,2,3,"Occasional",24,104.8,"No",1,"Male",22,"Yes","Yes",63,2,"5G",2,2,3,"Occasional",24,104.8,"No",1,42
"3556-BVQGL","Female",22,"Yes","No",20,1,"No",0,1,0,"Occasional",12,20,"No",0,"Female",22,"Yes","No",20,1,"No",0,1,0,"Occasional",12,20,"No",0,27
"3557-HTYWR","Female",32,"No","No",47,2,"DSL",3,3,2,"Occasional",24,74.05,"No",0,"Female",32,"No","No",47,2,"DSL",3,3,2,"Occasional",24,74.05,"No",0,28
"3565-UNOCC","Female",76,"Yes","No",29,2,"Fiber optic",0,2,3,"Frequent",1,99.05,"Yes",0,"Female",76,"Yes","No",29,2,"Fiber optic",0,2,3,"Occasional",1,99.05,"Yes",0,NA
"3566-CAAYU","Female",34,"Yes","Yes",64,0,"DSL",2,3,2,"Occasional",24,49.85,"No",0,"Female",34,"Yes","Yes",64,0,"DSL",2,3,2,"Occasional",24,49.85,"No",0,3
"3566-HJGPK","Male",29,"No","No",1,1,"5G",0,2,0,"Occasional",1,45.55,"No",0,"Male",29,"No","No",1,1,"5G",0,2,0,"Occasional",1,45.55,"No",0,23
"3567-PQTSO","Male",27,"Yes","Yes",53,1,"No",2,2,3,"Occasional",12,105.25,"No",0,"Male",27,"Yes","Yes",53,1,"No",2,2,3,"Occasional",12,105.25,"No",0,36
"3569-EDBPQ","Female",28,"No","No",24,2,"5G",1,3,0,"Occasional",1,84.35,"No",0,"Female",28,"No","No",24,2,"5G",1,3,0,"Occasional",1,84.35,"No",0,28
"3569-JFODW","Female",32,"Yes","Yes",72,2,"DSL",3,3,3,"Occasional",24,90.95,"No",0,"Female",32,"Yes","Yes",72,2,"DSL",3,3,3,"Occasional",24,90.95,"No",0,43
"3571-DPYUH","Male",34,"Yes","Yes",58,2,"5G",2,3,1,"Occasional",12,94.7,"No",1,"Male",34,"Yes","Yes",58,2,"5G",2,3,1,"Occasional",12,94.7,"No",1,34
"3571-RFHAR","Male",23,"No","No",65,2,"5G",2,3,3,"Occasional",1,109.15,"Yes",0,"Male",23,"No","No",65,2,"5G",2,3,3,"Occasional",1,109.15,"Yes",0,NA
"3572-UOLYZ","Female",20,"No","Yes",46,1,"No",0,3,0,"Occasional",1,84.8,"No",0,"Female",20,"No","Yes",46,1,"No",0,3,0,"Occasional",1,84.8,"No",0,23
"3572-UUHRS","Male",22,"No","No",45,1,"No",0,1,0,"Occasional",12,18.85,"No",0,"Male",22,"No","No",45,1,"No",0,1,0,"Occasional",12,18.85,"No",0,24
"3577-AMVUX","Male",58,"No","No",1,1,"5G",0,3,0,"Occasional",1,55.05,"No",1,"Male",58,"No","No",1,1,"5G",0,3,0,"Occasional",1,55.05,"No",1,24
"3580-GICBM","Female",20,"Yes","Yes",61,2,"No",0,1,0,"Occasional",24,24.2,"No",0,"Female",20,"Yes","Yes",61,2,"No",0,1,0,"Occasional",24,24.2,"No",0,33
"3580-HYCSP","Male",49,"Yes","Yes",72,2,"5G",3,2,3,"Occasional",24,110.3,"No",1,"Male",49,"Yes","Yes",72,2,"5G",3,2,3,"Occasional",24,110.3,"No",1,26
"3580-REOAC","Male",60,"No","No",10,1,"5G",0,2,0,"Occasional",1,44.85,"Yes",1,"Male",60,"No","No",10,1,"5G",0,2,0,"Frequent",1,44.85,"Yes",1,NA
"3583-EKAPL","Male",23,"No","No",1,1,"5G",0,2,2,"Occasional",1,55,"Yes",1,"Male",23,"No","No",1,1,"5G",0,2,2,"Frequent",1,55,"Yes",1,NA
"3583-KRKMD","Male",19,"No","No",18,1,"5G",0,3,0,"Occasional",1,75.9,"No",1,"Male",19,"No","No",18,1,"5G",0,3,0,"Occasional",1,75.9,"No",1,25
"3584-WKTTW","Male",33,"Yes","No",51,2,"5G",1,3,3,"Occasional",12,111.55,"No",0,"Male",33,"Yes","No",51,2,"5G",1,3,3,"Occasional",12,111.55,"No",0,1
"3585-ISXZP","Female",37,"No","No",8,2,"Fiber optic",0,2,3,"Occasional",1,95.65,"Yes",0,"Female",37,"No","No",8,2,"Fiber optic",0,2,3,"Occasional",1,95.65,"Yes",0,NA
"3585-YNADK","Female",62,"Yes","No",57,2,"DSL",2,3,1,"Occasional",12,74.6,"No",0,"Female",62,"Yes","No",57,2,"DSL",2,3,1,"Occasional",12,74.6,"No",0,37
"3587-PMCOY","Male",35,"No","No",10,1,"Fiber optic",1,2,3,"Occasional",12,98.9,"No",0,"Male",35,"No","No",10,1,"Fiber optic",1,2,3,"Occasional",12,98.9,"No",0,16
"3588-WSTTJ","Female",87,"No","No",35,2,"Fiber optic",1,2,3,"Occasional",1,99.05,"No",0,"Female",87,"No","No",35,2,"Fiber optic",1,2,3,"Occasional",1,99.05,"No",0,9
"3589-PPVKW","Male",25,"No","No",9,1,"DSL",0,2,0,"Occasional",1,44.4,"No",0,"Male",25,"No","No",9,1,"DSL",0,2,0,"Occasional",1,44.4,"No",0,15
"3590-TCXTB","Male",20,"No","No",1,1,"No",0,1,0,"Occasional",1,20.35,"No",0,"Male",20,"No","No",1,1,"No",0,1,0,"Occasional",1,20.35,"No",0,11
"3594-IVHJZ","Female",20,"No","No",2,1,"No",0,1,0,"Occasional",1,20.45,"No",0,"Female",20,"No","No",2,1,"No",0,1,0,"Occasional",1,20.45,"No",0,7
"3594-KADLU","Male",35,"No","No",3,0,"DSL",1,3,0,"Occasional",1,35.1,"No",0,"Male",35,"No","No",3,0,"DSL",1,3,0,"Occasional",1,35.1,"No",0,6
"3597-MVHJT","Female",43,"No","No",27,2,"5G",0,2,3,"Occasional",1,95.6,"No",1,"Female",43,"No","No",27,2,"5G",0,2,3,"Occasional",1,95.6,"No",1,17
"3604-WLABM","Female",27,"No","No",10,1,"DSL",0,3,0,"Occasional",1,54.25,"No",0,"Female",27,"No","No",10,1,"DSL",0,3,0,"Occasional",1,54.25,"No",0,27
"3606-SBKRY","Male",48,"No","No",31,0,"DSL",0,2,3,"Occasional",12,50.05,"No",0,"Male",48,"No","No",31,0,"DSL",0,2,3,"Occasional",12,50.05,"No",0,28
"3606-TWKGI","Male",73,"No","No",13,2,"5G",2,2,3,"Occasional",1,106.9,"Yes",1,"Male",73,"No","No",13,2,"5G",2,2,3,"Frequent",1,106.9,"Yes",1,NA
"3617-XLSGQ","Female",52,"Yes","Yes",66,1,"No",3,2,3,"Occasional",24,109.25,"No",0,"Female",52,"Yes","Yes",66,1,"No",3,2,3,"Occasional",24,109.25,"No",0,39
"3620-MWJNE","Male",26,"No","No",2,1,"DSL",1,3,0,"Occasional",1,54.45,"No",0,"Male",26,"No","No",2,1,"DSL",1,3,0,"Occasional",1,54.45,"No",0,10
"3621-CEOVK","Female",80,"Yes","No",14,2,"Fiber optic",2,2,3,"Frequent",1,100.2,"Yes",0,"Female",80,"Yes","No",14,2,"Fiber optic",2,2,3,"Occasional",1,100.2,"Yes",0,NA
"3621-CHYVB","Female",37,"Yes","No",57,0,"DSL",1,3,2,"Occasional",1,49.9,"No",0,"Female",37,"Yes","No",57,0,"DSL",1,3,2,"Occasional",1,49.9,"No",0,11
"3627-FCRDW","Female",32,"No","No",9,1,"Fiber optic",0,2,0,"Frequent",1,71,"Yes",0,"Female",32,"No","No",9,1,"Fiber optic",0,2,0,"Occasional",1,71,"Yes",0,NA
"3627-FHKBK","Female",39,"No","No",1,1,"5G",1,2,0,"Occasional",1,75.3,"Yes",1,"Female",39,"No","No",1,1,"5G",1,2,0,"Frequent",1,75.3,"Yes",1,NA
"3629-WEAAM","Female",21,"No","No",8,1,"No",0,3,2,"Occasional",1,64.1,"No",0,"Female",21,"No","No",8,1,"No",0,3,2,"Occasional",1,64.1,"No",0,0
"3629-ZNKXA","Male",86,"No","No",17,2,"No",2,2,3,"Occasional",1,101.8,"No",0,"Male",86,"No","No",17,2,"No",2,2,3,"Occasional",1,101.8,"No",0,29
"3633-CDBUW","Male",28,"No","Yes",17,1,"DSL",2,3,3,"Occasional",12,80.85,"No",0,"Male",28,"No","Yes",17,1,"DSL",2,3,3,"Occasional",12,80.85,"No",0,43
"3635-QQRQD","Male",47,"No","No",62,1,"No",0,1,0,"Occasional",24,20.05,"No",0,"Male",47,"No","No",62,1,"No",0,1,0,"Occasional",24,20.05,"No",0,16
"3638-DIMPH","Female",28,"Yes","No",13,1,"No",0,2,0,"Occasional",12,43.8,"No",0,"Female",28,"Yes","No",13,1,"No",0,2,0,"Occasional",12,43.8,"No",0,4
"3638-WEABW","Female",45,"Yes","No",58,2,"5G",2,3,0,"Occasional",24,59.9,"No",1,"Female",45,"Yes","No",58,2,"5G",2,3,0,"Occasional",24,59.9,"No",1,44
"3639-XJHKQ","Female",44,"No","Yes",19,1,"DSL",3,2,0,"Occasional",1,60.6,"No",0,"Female",44,"No","Yes",19,1,"DSL",3,2,0,"Occasional",1,60.6,"No",0,37
"3640-PHQXK","Female",58,"No","No",31,2,"Fiber optic",0,2,2,"Frequent",1,89.9,"Yes",0,"Female",58,"No","No",31,2,"Fiber optic",0,2,2,"Occasional",1,89.9,"Yes",0,NA
"3642-BYHDO","Female",21,"Yes","Yes",71,1,"No",0,1,0,"Occasional",24,19.9,"No",0,"Female",21,"Yes","Yes",71,1,"No",0,1,0,"Occasional",24,19.9,"No",0,25
"3642-GKTCT","Female",47,"No","No",61,2,"Fiber optic",3,3,3,"Occasional",12,115.1,"No",0,"Female",47,"No","No",61,2,"Fiber optic",3,3,3,"Occasional",12,115.1,"No",0,20
"3643-AHCFP","Male",79,"Yes","No",7,2,"DSL",0,2,3,"Occasional",1,95.6,"Yes",1,"Male",79,"Yes","No",7,2,"DSL",0,2,3,"Frequent",1,95.6,"Yes",1,NA
"3645-DEYGF","Male",55,"No","No",1,1,"5G",0,1,0,"Occasional",1,20.75,"No",1,"Male",55,"No","No",1,1,"5G",0,1,0,"Occasional",1,20.75,"No",1,61
"3646-ITDGM","Female",22,"No","No",56,1,"No",0,1,0,"Occasional",24,19.7,"No",0,"Female",22,"No","No",56,1,"No",0,1,0,"Occasional",24,19.7,"No",0,29
"3647-GMGDH","Male",53,"Yes","No",22,1,"Fiber optic",0,2,3,"Frequent",1,94.7,"Yes",0,"Male",53,"Yes","No",22,1,"Fiber optic",0,2,3,"Frequent",1,94.7,"Yes",0,NA
"3649-JPUGY","Male",35,"No","No",72,2,"5G",2,3,3,"Occasional",24,88.6,"No",1,"Male",35,"No","No",72,2,"5G",2,3,3,"Occasional",24,88.6,"No",1,42
"3653-NCRDJ","Male",19,"Yes","Yes",43,1,"No",0,1,0,"Occasional",12,19.2,"No",0,"Male",19,"Yes","Yes",43,1,"No",0,1,0,"Occasional",12,19.2,"No",0,45
"3655-SNQYZ","Female",29,"Yes","Yes",69,2,"5G",3,3,3,"Occasional",24,113.25,"No",1,"Female",29,"Yes","Yes",69,2,"5G",3,3,3,"Occasional",24,113.25,"No",1,62
"3656-TKRVZ","Female",59,"No","No",3,1,"DSL",3,2,0,"Frequent",1,55.35,"Yes",0,"Female",59,"No","No",3,1,"DSL",3,2,0,"Frequent",1,55.35,"Yes",0,NA
"3657-COGMW","Female",85,"No","No",52,2,"Fiber optic",3,2,3,"Occasional",1,108.1,"No",0,"Female",85,"No","No",52,2,"Fiber optic",3,2,3,"Occasional",1,108.1,"No",0,35
"3658-QQJYD","Male",31,"No","No",62,1,"5G",3,2,3,"Occasional",12,74.3,"No",0,"Male",31,"No","No",62,1,"5G",3,2,3,"Occasional",12,74.3,"No",0,0
"3662-FXJFO","Female",20,"No","No",54,1,"No",0,1,0,"Occasional",24,20.5,"No",0,"Female",20,"No","No",54,1,"No",0,1,0,"Occasional",24,20.5,"No",0,41
"3663-MITLP","Female",56,"No","No",15,1,"Fiber optic",2,2,3,"Frequent",1,101.25,"Yes",0,"Female",56,"No","No",15,1,"Fiber optic",2,2,3,"Frequent",1,101.25,"Yes",0,NA
"3665-JATSN","Female",22,"No","No",19,1,"DSL",2,2,2,"Occasional",1,39.7,"No",0,"Female",22,"No","No",19,1,"DSL",2,2,2,"Occasional",1,39.7,"No",0,1
"3668-QPYBK","Male",55,"No","No",2,1,"5G",3,2,0,"Frequent",1,53.85,"Yes",1,"Male",55,"No","No",2,1,"5G",3,2,0,"Frequent",1,53.85,"Yes",1,NA
"3669-LVWZB","Male",61,"No","No",5,0,"DSL",2,2,3,"Frequent",1,51,"Yes",0,"Male",61,"No","No",5,0,"DSL",2,2,3,"Frequent",1,51,"Yes",0,NA
"3671-SHRSP","Male",21,"Yes","No",4,1,"5G",0,3,0,"Occasional",1,80.6,"Yes",1,"Male",21,"Yes","No",4,1,"5G",0,3,0,"Occasional",1,80.6,"Yes",1,NA
"3672-YITQD","Male",79,"Yes","No",36,2,"Fiber optic",0,2,2,"Frequent",1,84.1,"Yes",0,"Male",79,"Yes","No",36,2,"Fiber optic",0,2,2,"Frequent",1,84.1,"Yes",0,NA
"3675-YDUPJ","Male",48,"No","No",10,1,"DSL",0,1,0,"Frequent",1,19.85,"No",1,"Male",48,"No","No",10,1,"DSL",0,1,0,"Occasional",1,19.85,"No",1,59
"3677-IYRBF","Female",86,"No","No",2,1,"No",0,2,0,"Frequent",1,30.4,"Yes",0,"Female",86,"No","No",2,1,"No",0,2,0,"Frequent",1,30.4,"Yes",0,NA
"3678-MNGZX","Male",22,"Yes","Yes",68,1,"No",0,1,0,"Occasional",24,19.95,"No",0,"Male",22,"Yes","Yes",68,1,"No",0,1,0,"Occasional",24,19.95,"No",0,40
"3679-XASPY","Female",48,"No","No",1,1,"DSL",0,1,0,"Occasional",1,19.45,"No",1,"Female",48,"No","No",1,1,"DSL",0,1,0,"Occasional",1,19.45,"No",1,51
"3685-YLCMQ","Male",34,"No","No",58,2,"Fiber optic",0,3,3,"Occasional",12,104.65,"Yes",0,"Male",34,"No","No",58,2,"Fiber optic",0,3,3,"Occasional",12,104.65,"Yes",0,NA
"3688-FTHLT","Female",51,"No","No",16,2,"DSL",0,2,2,"Occasional",1,63.05,"No",0,"Female",51,"No","No",16,2,"DSL",0,2,2,"Occasional",1,63.05,"No",0,21
"3689-MOZGR","Female",20,"No","No",29,0,"5G",0,3,0,"Occasional",1,31.2,"No",0,"Female",20,"No","No",29,0,"5G",0,3,0,"Occasional",1,31.2,"No",0,3
"3692-JHONH","Female",76,"Yes","No",52,2,"Fiber optic",2,2,3,"Occasional",12,106.5,"No",0,"Female",76,"Yes","No",52,2,"Fiber optic",2,2,3,"Occasional",12,106.5,"No",0,1
"3694-DELSO","Male",51,"No","No",4,0,"DSL",1,2,1,"Occasional",1,38.55,"No",0,"Male",51,"No","No",4,0,"DSL",1,2,1,"Occasional",1,38.55,"No",0,45
"3701-SFMUH","Male",35,"Yes","Yes",7,1,"DSL",1,2,3,"Occasional",1,69.7,"No",1,"Male",35,"Yes","Yes",7,1,"DSL",1,2,3,"Occasional",1,69.7,"No",1,36
"3703-TTEPD","Male",48,"No","No",21,1,"DSL",1,2,1,"Occasional",1,65.35,"No",0,"Male",48,"No","No",21,1,"DSL",1,2,1,"Occasional",1,65.35,"No",0,38
"3703-VAVCL","Male",46,"Yes","Yes",2,1,"5G",0,3,2,"Occasional",1,90,"Yes",0,"Male",46,"Yes","Yes",2,1,"5G",0,3,2,"Occasional",1,90,"Yes",0,NA
"3705-PSNGL","Male",48,"No","No",45,1,"No",0,1,0,"Occasional",12,20.4,"Yes",0,"Male",48,"No","No",45,1,"No",0,1,0,"Occasional",12,20.4,"Yes",0,NA
"3705-RHRFR","Female",44,"Yes","No",69,2,"Fiber optic",1,2,3,"Occasional",24,99.15,"No",0,"Female",44,"Yes","No",69,2,"Fiber optic",1,2,3,"Occasional",24,99.15,"No",0,32
"3707-GNWHM","Male",57,"No","No",1,1,"No",0,2,0,"Frequent",1,74.25,"Yes",0,"Male",57,"No","No",1,1,"No",0,2,0,"Frequent",1,74.25,"Yes",0,NA
"3709-OIJEA","Male",52,"No","No",26,1,"Fiber optic",2,3,0,"Occasional",12,85.2,"No",0,"Male",52,"No","No",26,1,"Fiber optic",2,3,0,"Occasional",12,85.2,"No",0,42
"3712-PKXZA","Male",54,"No","No",61,1,"5G",0,1,0,"Occasional",12,20.55,"No",1,"Male",54,"No","No",61,1,"5G",0,1,0,"Occasional",12,20.55,"No",1,45
"3714-JTVOV","Female",78,"Yes","No",42,1,"Fiber optic",1,2,0,"Frequent",1,74.15,"Yes",0,"Female",78,"Yes","No",42,1,"Fiber optic",1,2,0,"Frequent",1,74.15,"Yes",0,NA
"3714-NTNFO","Female",64,"No","No",49,2,"DSL",0,2,2,"Occasional",1,84.5,"No",1,"Female",64,"No","No",49,2,"DSL",0,2,2,"Occasional",1,84.5,"No",1,50
"3714-XPXBW","Female",36,"No","No",37,2,"DSL",3,3,1,"Occasional",1,78.9,"No",0,"Female",36,"No","No",37,2,"DSL",3,3,1,"Occasional",1,78.9,"No",0,29
"3716-UVSPD","Male",61,"No","No",1,1,"DSL",0,3,0,"Occasional",1,49.3,"No",1,"Male",61,"No","No",1,1,"DSL",0,3,0,"Occasional",1,49.3,"No",1,37
"3717-FDJFU","Male",57,"No","No",5,1,"No",0,1,0,"Occasional",24,20.45,"No",0,"Male",57,"No","No",5,1,"No",0,1,0,"Occasional",24,20.45,"No",0,38
"3717-OFRTN","Male",58,"No","No",1,1,"5G",0,1,0,"Occasional",1,19.75,"No",1,"Male",58,"No","No",1,1,"5G",0,1,0,"Occasional",1,19.75,"No",1,3
"3721-CNEYS","Female",57,"No","No",2,1,"Fiber optic",0,2,0,"Frequent",1,70.95,"Yes",0,"Female",57,"No","No",2,1,"Fiber optic",0,2,0,"Frequent",1,70.95,"Yes",0,NA
"3721-CNZHX","Male",21,"No","No",15,1,"No",0,1,0,"Occasional",12,19.8,"No",0,"Male",21,"No","No",15,1,"No",0,1,0,"Occasional",12,19.8,"No",0,11
"3722-WPXTK","Male",44,"No","No",1,1,"5G",0,2,3,"Frequent",1,88.35,"Yes",0,"Male",44,"No","No",1,1,"5G",0,2,3,"Frequent",1,88.35,"Yes",0,NA
"3724-UCSHY","Male",19,"Yes","Yes",6,1,"No",0,1,0,"Occasional",1,19.55,"No",0,"Male",19,"Yes","Yes",6,1,"No",0,1,0,"Occasional",1,19.55,"No",0,17
"3726-TBHQT","Male",63,"Yes","Yes",71,2,"Fiber optic",3,3,3,"Occasional",24,114,"No",0,"Male",63,"Yes","Yes",71,2,"Fiber optic",3,3,3,"Occasional",24,114,"No",0,34
"3727-JEZTU","Female",20,"No","No",1,1,"No",0,1,0,"Occasional",1,20.4,"No",0,"Female",20,"No","No",1,1,"No",0,1,0,"Occasional",1,20.4,"No",0,35
"3727-OVPRY","Male",60,"No","No",66,2,"No",0,1,0,"Occasional",12,25.7,"No",0,"Male",60,"No","No",66,2,"No",0,1,0,"Occasional",12,25.7,"No",0,39
"3727-OWVYD","Male",47,"No","No",35,1,"5G",3,2,0,"Occasional",12,61.2,"No",1,"Male",47,"No","No",35,1,"5G",3,2,0,"Occasional",12,61.2,"No",1,63
"3729-OWRVL","Male",66,"No","No",65,2,"5G",1,3,3,"Occasional",24,110.35,"No",1,"Male",66,"No","No",65,2,"5G",1,3,3,"Occasional",24,110.35,"No",1,1
"3733-LSYCE","Female",53,"Yes","No",15,1,"5G",2,2,0,"Occasional",1,75.35,"No",0,"Female",53,"Yes","No",15,1,"5G",2,2,0,"Occasional",1,75.35,"No",0,12
"3733-UOCWF","Male",65,"Yes","No",61,2,"Fiber optic",2,3,0,"Occasional",12,85.55,"No",0,"Male",65,"Yes","No",61,2,"Fiber optic",2,3,0,"Occasional",12,85.55,"No",0,24
"3736-BLEPA","Male",57,"No","No",28,1,"Fiber optic",2,3,1,"Occasional",12,91.25,"No",0,"Male",57,"No","No",28,1,"Fiber optic",2,3,1,"Occasional",12,91.25,"No",0,33
"3737-GCSPV","Female",53,"Yes","No",11,2,"Fiber optic",1,3,1,"Occasional",1,96.2,"Yes",0,"Female",53,"Yes","No",11,2,"Fiber optic",1,3,1,"Occasional",1,96.2,"Yes",0,NA
"3740-RLMVT","Male",90,"Yes","No",67,1,"DSL",3,3,0,"Occasional",12,60.95,"No",0,"Male",90,"Yes","No",67,1,"DSL",3,3,0,"Occasional",12,60.95,"No",0,10
"3744-ZBHON","Female",20,"No","No",3,1,"5G",0,1,0,"Occasional",1,20.2,"No",0,"Female",20,"No","No",3,1,"5G",0,1,0,"Occasional",1,20.2,"No",0,29
"3744-ZRRDZ","Male",27,"No","No",21,2,"Fiber optic",2,2,0,"Frequent",1,82.35,"Yes",0,"Male",27,"No","No",21,2,"Fiber optic",2,2,0,"Frequent",1,82.35,"Yes",0,NA
"3745-HRPHI","Male",29,"Yes","Yes",66,1,"DSL",0,3,3,"Occasional",24,54.65,"No",0,"Male",29,"Yes","Yes",66,1,"DSL",0,3,3,"Occasional",24,54.65,"No",0,41
"3748-FVMZZ","Male",54,"No","No",4,0,"5G",0,3,2,"Occasional",1,40.05,"No",0,"Male",54,"No","No",4,0,"5G",0,3,2,"Occasional",1,40.05,"No",0,29
"3750-CKVKH","Male",28,"No","No",2,1,"Fiber optic",0,2,0,"Frequent",1,67.75,"Yes",0,"Male",28,"No","No",2,1,"Fiber optic",0,2,0,"Frequent",1,67.75,"Yes",0,NA
"3750-YHRYO","Male",22,"Yes","Yes",7,1,"5G",0,1,0,"Occasional",12,20.65,"No",0,"Male",22,"Yes","Yes",7,1,"5G",0,1,0,"Occasional",12,20.65,"No",0,14
"3752-CQSJI","Female",61,"No","No",13,1,"No",0,1,0,"Occasional",1,20.45,"No",0,"Female",61,"No","No",13,1,"No",0,1,0,"Occasional",1,20.45,"No",0,20
"3754-DXMRT","Male",67,"No","No",2,1,"DSL",0,2,0,"Frequent",1,44.15,"Yes",0,"Male",67,"No","No",2,1,"DSL",0,2,0,"Frequent",1,44.15,"Yes",0,NA
"3755-JBMNH","Male",88,"Yes","No",16,1,"Fiber optic",0,2,0,"Frequent",1,71.8,"Yes",0,"Male",88,"Yes","No",16,1,"Fiber optic",0,2,0,"Frequent",1,71.8,"Yes",0,NA
"3756-VNWDH","Male",84,"Yes","No",65,2,"Fiber optic",1,2,3,"Occasional",12,100.75,"No",0,"Male",84,"Yes","No",65,2,"Fiber optic",1,2,3,"Occasional",12,100.75,"No",0,3
"3757-NJYBX","Male",78,"Yes","No",32,2,"DSL",2,2,3,"Frequent",1,106.35,"Yes",0,"Male",78,"Yes","No",32,2,"DSL",2,2,3,"Frequent",1,106.35,"Yes",0,NA
"3758-CKOQL","Female",24,"Yes","No",59,2,"5G",3,3,2,"Occasional",12,107,"No",1,"Female",24,"Yes","No",59,2,"5G",3,3,2,"Occasional",12,107,"No",1,17
"3763-GCZHZ","Male",31,"Yes","No",66,1,"No",2,3,3,"Occasional",12,104.05,"Yes",0,"Male",31,"Yes","No",66,1,"No",2,3,3,"Occasional",12,104.05,"Yes",0,NA
"3764-MNMOI","Male",44,"No","No",46,1,"5G",0,1,0,"Occasional",24,19.2,"No",0,"Male",44,"No","No",46,1,"5G",0,1,0,"Occasional",24,19.2,"No",0,35
"3768-VHXQO","Male",44,"No","No",67,2,"5G",0,1,0,"Occasional",24,24.85,"No",0,"Male",44,"No","No",67,2,"5G",0,1,0,"Occasional",24,24.85,"No",0,15
"3771-PZOBW","Male",49,"No","No",20,2,"5G",0,2,1,"Occasional",1,90.7,"No",0,"Male",49,"No","No",20,2,"5G",0,2,1,"Occasional",1,90.7,"No",0,15
"3774-VBNXY","Female",44,"No","No",64,1,"5G",0,1,0,"Occasional",24,20.2,"No",1,"Female",44,"No","No",64,1,"5G",0,1,0,"Occasional",24,20.2,"No",1,49
"3776-EKTKM","Female",61,"No","No",1,0,"DSL",0,2,1,"Frequent",1,36.45,"Yes",0,"Female",61,"No","No",1,0,"DSL",0,2,1,"Frequent",1,36.45,"Yes",0,NA
"3778-FOAQW","Female",37,"No","No",24,1,"5G",0,1,0,"Occasional",12,20.15,"No",0,"Female",37,"No","No",24,1,"5G",0,1,0,"Occasional",12,20.15,"No",0,8
"3779-OSWCF","Female",33,"Yes","No",71,2,"DSL",3,3,3,"Occasional",24,93.2,"No",0,"Female",33,"Yes","No",71,2,"DSL",3,3,3,"Occasional",24,93.2,"No",0,35
"3780-DDGSE","Male",85,"Yes","Yes",35,1,"5G",2,3,3,"Occasional",1,76.05,"No",1,"Male",85,"Yes","Yes",35,1,"5G",2,3,3,"Occasional",1,76.05,"No",1,40
"3780-YVMFA","Female",63,"No","No",8,1,"5G",0,3,3,"Occasional",1,68.55,"No",1,"Female",63,"No","No",8,1,"5G",0,3,3,"Occasional",1,68.55,"No",1,64
"3785-KTYSH","Male",20,"No","No",53,2,"No",0,1,0,"Occasional",24,24.6,"No",0,"Male",20,"No","No",53,2,"No",0,1,0,"Occasional",24,24.6,"No",0,14
"3785-NRHYR","Male",19,"No","No",1,1,"No",0,1,0,"Occasional",1,19.65,"No",0,"Male",19,"No","No",1,1,"No",0,1,0,"Occasional",1,19.65,"No",0,33
"3787-TRIAL","Male",49,"No","No",21,0,"DSL",0,2,0,"Occasional",1,26.05,"No",0,"Male",49,"No","No",21,0,"DSL",0,2,0,"Occasional",1,26.05,"No",0,45
"3791-LGQCY","Female",89,"Yes","No",56,2,"Fiber optic",0,2,3,"Frequent",1,100.65,"Yes",0,"Female",89,"Yes","No",56,2,"Fiber optic",0,2,3,"Frequent",1,100.65,"Yes",0,NA
"3793-MMFUH","Female",68,"No","No",13,2,"5G",0,2,3,"Frequent",1,95.05,"Yes",0,"Female",68,"No","No",13,2,"5G",0,2,3,"Frequent",1,95.05,"Yes",0,NA
"3794-NFNCH","Male",33,"Yes","No",30,1,"5G",0,2,0,"Occasional",1,50,"No",0,"Male",33,"Yes","No",30,1,"5G",0,2,0,"Occasional",1,50,"No",0,16
"3795-CAWEX","Male",58,"Yes","Yes",70,2,"Fiber optic",3,3,3,"Occasional",24,116.55,"No",0,"Male",58,"Yes","Yes",70,2,"Fiber optic",3,3,3,"Occasional",24,116.55,"No",0,14
"3795-GWTRD","Female",49,"Yes","Yes",63,1,"5G",3,3,1,"Occasional",24,75.55,"No",0,"Female",49,"Yes","Yes",63,1,"5G",3,3,1,"Occasional",24,75.55,"No",0,20
"3797-FKOGQ","Male",37,"No","Yes",11,2,"Fiber optic",0,2,2,"Occasional",1,86.2,"No",0,"Male",37,"No","Yes",11,2,"Fiber optic",0,2,2,"Occasional",1,86.2,"No",0,8
"3797-VTIDR","Male",51,"No","No",1,0,"DSL",0,2,0,"Frequent",1,23.45,"Yes",0,"Male",51,"No","No",1,0,"DSL",0,2,0,"Occasional",1,23.45,"Yes",0,NA
"3798-EPWRR","Female",66,"No","No",2,1,"DSL",0,2,0,"Occasional",1,43.95,"No",0,"Female",66,"No","No",2,1,"DSL",0,2,0,"Occasional",1,43.95,"No",0,13
"3799-ISUZQ","Male",41,"Yes","Yes",7,1,"Fiber optic",0,2,0,"Frequent",1,69.95,"Yes",0,"Male",41,"Yes","Yes",7,1,"Fiber optic",0,2,0,"Frequent",1,69.95,"Yes",0,NA
"3800-LYTRK","Female",62,"No","No",14,1,"5G",1,3,0,"Occasional",12,55.7,"No",0,"Female",62,"No","No",14,1,"5G",1,3,0,"Occasional",12,55.7,"No",0,10
"3803-KMQFW","Female",52,"No","No",1,1,"No",0,1,0,"Occasional",1,20.55,"Yes",0,"Female",52,"No","No",1,1,"No",0,1,0,"Occasional",1,20.55,"Yes",0,NA
"3804-RVTGV","Male",47,"Yes","Yes",50,2,"5G",2,2,3,"Occasional",1,103.85,"Yes",1,"Male",47,"Yes","Yes",50,2,"5G",2,2,3,"Frequent",1,103.85,"Yes",1,NA
"3806-DXQOM","Female",21,"No","No",4,0,"DSL",3,2,0,"Frequent",1,33.65,"Yes",0,"Female",21,"No","No",4,0,"DSL",3,2,0,"Frequent",1,33.65,"Yes",0,NA
"3806-YAZOV","Female",56,"No","No",3,1,"No",0,1,0,"Occasional",1,18.8,"No",0,"Female",56,"No","No",3,1,"No",0,1,0,"Occasional",1,18.8,"No",0,38
"3807-BPOMJ","Female",60,"Yes","No",55,1,"Fiber optic",1,2,3,"Occasional",12,94.75,"No",0,"Female",60,"Yes","No",55,1,"Fiber optic",1,2,3,"Occasional",12,94.75,"No",0,17
"3807-XHCJH","Female",50,"No","No",1,1,"DSL",0,1,0,"Occasional",1,20,"No",1,"Female",50,"No","No",1,1,"DSL",0,1,0,"Occasional",1,20,"No",1,24
"3808-HFKDE","Female",49,"No","No",20,1,"5G",0,2,0,"Occasional",1,44.35,"No",1,"Female",49,"No","No",20,1,"5G",0,2,0,"Occasional",1,44.35,"No",1,70
"3810-DVDQQ","Female",61,"Yes","Yes",72,1,"No",3,3,3,"Occasional",24,117.6,"No",0,"Female",61,"Yes","Yes",72,1,"No",3,3,3,"Occasional",24,117.6,"No",0,32
"3810-PJUHR","Male",53,"No","No",70,2,"No",0,1,0,"Occasional",24,25.35,"No",0,"Male",53,"No","No",70,2,"No",0,1,0,"Occasional",24,25.35,"No",0,27
"3811-VBYBZ","Male",22,"No","No",7,2,"5G",2,2,3,"Frequent",1,99.8,"Yes",1,"Male",22,"No","No",7,2,"5G",2,2,3,"Frequent",1,99.8,"Yes",1,NA
"3812-LRZIR","Female",51,"No","No",27,2,"No",0,1,0,"Occasional",24,24.5,"No",0,"Female",51,"No","No",27,2,"No",0,1,0,"Occasional",24,24.5,"No",0,0
"3814-MLAXC","Female",23,"No","No",31,2,"Fiber optic",0,3,0,"Occasional",1,79.85,"Yes",0,"Female",23,"No","No",31,2,"Fiber optic",0,3,0,"Occasional",1,79.85,"Yes",0,NA
"3815-SLMEF","Female",20,"No","No",3,0,"DSL",1,3,0,"Occasional",1,34.25,"Yes",0,"Female",20,"No","No",3,0,"DSL",1,3,0,"Occasional",1,34.25,"Yes",0,NA
"3823-KYNQY","Male",20,"No","No",12,2,"No",0,1,0,"Occasional",12,24.95,"No",0,"Male",20,"No","No",12,2,"No",0,1,0,"Occasional",12,24.95,"No",0,28
"3831-YCPUO","Female",44,"Yes","Yes",72,1,"Fiber optic",3,3,3,"Occasional",24,109.5,"No",0,"Female",44,"Yes","Yes",72,1,"Fiber optic",3,3,3,"Occasional",24,109.5,"No",0,29
"3834-XUIFC","Male",20,"No","No",7,2,"Fiber optic",0,2,2,"Frequent",1,85.2,"Yes",0,"Male",20,"No","No",7,2,"Fiber optic",0,2,2,"Frequent",1,85.2,"Yes",0,NA
"3836-FZSDJ","Male",21,"Yes","No",71,2,"No",0,1,0,"Occasional",24,24.85,"No",0,"Male",21,"Yes","No",71,2,"No",0,1,0,"Occasional",24,24.85,"No",0,30
"3841-CONLJ","Female",43,"No","No",1,0,"DSL",0,2,2,"Occasional",1,35,"No",0,"Female",43,"No","No",1,0,"DSL",0,2,2,"Occasional",1,35,"No",0,8
"3841-NFECX","Female",80,"Yes","No",71,2,"5G",3,3,0,"Occasional",24,96.35,"No",1,"Female",80,"Yes","No",71,2,"5G",3,3,0,"Occasional",24,96.35,"No",1,65
"3842-IYKUE","Female",63,"No","No",35,2,"5G",2,3,0,"Occasional",1,85.3,"Yes",1,"Female",63,"No","No",35,2,"5G",2,3,0,"Occasional",1,85.3,"Yes",1,NA
"3842-QTGDL","Male",26,"Yes","No",16,1,"Fiber optic",3,2,0,"Occasional",1,80.75,"No",0,"Male",26,"Yes","No",16,1,"Fiber optic",3,2,0,"Occasional",1,80.75,"No",0,24
"3845-JHAMY","Female",19,"Yes","Yes",16,0,"5G",0,2,2,"Occasional",1,35.5,"No",0,"Female",19,"Yes","Yes",16,0,"5G",0,2,2,"Occasional",1,35.5,"No",0,15
"3855-ONCAR","Female",61,"Yes","Yes",4,1,"Fiber optic",0,2,1,"Occasional",1,78.9,"No",0,"Female",61,"Yes","Yes",4,1,"Fiber optic",0,2,1,"Occasional",1,78.9,"No",0,39
"3858-VOBET","Male",39,"No","No",23,2,"5G",0,2,0,"Frequent",1,74.95,"Yes",0,"Male",39,"No","No",23,2,"5G",0,2,0,"Frequent",1,74.95,"Yes",0,NA
"3859-CVCET","Female",22,"No","No",4,1,"5G",0,2,0,"Occasional",1,45.65,"Yes",1,"Female",22,"No","No",4,1,"5G",0,2,0,"Frequent",1,45.65,"Yes",1,NA
"3863-IUBJR","Male",32,"Yes","Yes",12,1,"5G",0,2,2,"Occasional",12,53.65,"Yes",0,"Male",32,"Yes","Yes",12,1,"5G",0,2,2,"Frequent",12,53.65,"Yes",0,65
"3863-QSTYI","Male",54,"No","No",59,1,"DSL",0,3,1,"Occasional",1,64.65,"No",0,"Male",54,"No","No",59,1,"DSL",0,3,1,"Occasional",1,64.65,"No",0,2
"3865-YIOTT","Male",30,"Yes","Yes",72,2,"5G",1,2,3,"Occasional",12,106.1,"No",1,"Male",30,"Yes","Yes",72,2,"5G",1,2,3,"Occasional",12,106.1,"No",1,3
"3870-MQAMG","Female",41,"Yes","No",54,2,"5G",2,3,3,"Occasional",12,110.35,"Yes",0,"Female",41,"Yes","No",54,2,"5G",2,3,3,"Occasional",12,110.35,"Yes",0,NA
"3871-IKPYH","Male",84,"No","No",1,1,"Fiber optic",0,2,0,"Frequent",1,69.1,"Yes",0,"Male",84,"No","No",1,1,"Fiber optic",0,2,0,"Frequent",1,69.1,"Yes",0,NA
"3873-NFTGI","Male",27,"No","No",14,2,"DSL",2,2,0,"Occasional",1,55.5,"No",0,"Male",27,"No","No",14,2,"DSL",2,2,0,"Occasional",1,55.5,"No",0,39
"3874-EQOEP","Male",51,"No","No",7,2,"5G",0,2,3,"Frequent",1,95,"Yes",1,"Male",51,"No","No",7,2,"5G",0,2,3,"Frequent",1,95,"Yes",1,NA
"3878-AVSOQ","Female",90,"No","No",1,1,"Fiber optic",0,2,0,"Occasional",1,71.25,"No",0,"Female",90,"No","No",1,1,"Fiber optic",0,2,0,"Occasional",1,71.25,"No",0,8
"3884-UEBXB","Female",59,"No","No",67,0,"DSL",3,2,0,"Occasional",24,36.15,"No",0,"Female",59,"No","No",67,0,"DSL",3,2,0,"Occasional",24,36.15,"No",0,34
"3887-PBQAO","Female",65,"No","No",45,2,"5G",0,1,0,"Frequent",12,25.9,"No",1,"Female",65,"No","No",45,2,"5G",0,1,0,"Occasional",12,25.9,"No",1,56
"3891-NLXJB","Male",25,"No","No",37,0,"DSL",3,3,0,"Occasional",24,40.55,"No",0,"Male",25,"No","No",37,0,"DSL",3,3,0,"Occasional",24,40.55,"No",0,42
"3892-NXAZG","Male",51,"Yes","Yes",72,2,"Fiber optic",3,3,3,"Occasional",24,114.05,"No",0,"Male",51,"Yes","Yes",72,2,"Fiber optic",3,3,3,"Occasional",24,114.05,"No",0,18
"3896-ZVNET","Female",35,"No","No",24,1,"No",0,1,0,"Occasional",24,24.7,"No",0,"Female",35,"No","No",24,1,"No",0,1,0,"Occasional",24,24.7,"No",0,37
"3898-BSJYF","Female",50,"No","Yes",10,2,"DSL",1,3,2,"Occasional",12,73.55,"No",0,"Female",50,"No","Yes",10,2,"DSL",1,3,2,"Occasional",12,73.55,"No",0,22
"3898-GUYTS","Female",69,"No","No",45,2,"Fiber optic",3,3,1,"Occasional",1,97.05,"No",0,"Female",69,"No","No",45,2,"Fiber optic",3,3,1,"Occasional",1,97.05,"No",0,39
"3900-AQPHZ","Female",22,"No","No",1,1,"5G",0,1,0,"Occasional",1,19.9,"Yes",1,"Female",22,"No","No",1,1,"5G",0,1,0,"Occasional",1,19.9,"Yes",1,NA
"3902-FOIGH","Male",69,"Yes","No",12,1,"No",2,2,3,"Frequent",1,101.35,"Yes",0,"Male",69,"Yes","No",12,1,"No",2,2,3,"Frequent",1,101.35,"Yes",0,NA
"3902-MIVLE","Male",51,"Yes","Yes",63,2,"5G",1,3,2,"Occasional",24,75.7,"No",0,"Male",51,"Yes","Yes",63,2,"5G",1,3,2,"Occasional",24,75.7,"No",0,27
"3904-UKFRE","Male",28,"No","No",4,1,"No",1,2,0,"Occasional",1,80.1,"No",0,"Male",28,"No","No",4,1,"No",1,2,0,"Occasional",1,80.1,"No",0,30
"3908-BLSYF","Female",53,"No","No",6,1,"5G",0,2,2,"Occasional",1,83.9,"Yes",1,"Female",53,"No","No",6,1,"5G",0,2,2,"Frequent",1,83.9,"Yes",1,NA
"3910-MRQOY","Female",20,"Yes","No",72,1,"5G",0,1,0,"Occasional",24,19.4,"No",0,"Female",20,"Yes","No",72,1,"5G",0,1,0,"Occasional",24,19.4,"No",0,17
"3911-RSNHI","Female",63,"Yes","No",71,1,"No",2,3,3,"Occasional",24,61.4,"No",0,"Female",63,"Yes","No",71,1,"No",2,3,3,"Occasional",24,61.4,"No",0,40
"3913-FCUUW","Female",41,"Yes","Yes",72,2,"DSL",3,3,0,"Occasional",24,70.45,"No",0,"Female",41,"Yes","Yes",72,2,"DSL",3,3,0,"Occasional",24,70.45,"No",0,34
"3914-FDRHP","Male",53,"No","No",9,1,"Fiber optic",0,3,1,"Occasional",1,86.25,"No",0,"Male",53,"No","No",9,1,"Fiber optic",0,3,1,"Occasional",1,86.25,"No",0,43
"3916-NRPAP","Male",61,"No","No",3,1,"5G",0,2,2,"Occasional",1,85.7,"No",0,"Male",61,"No","No",3,1,"5G",0,2,2,"Occasional",1,85.7,"No",0,32
"3920-HIHMQ","Female",23,"No","Yes",26,2,"DSL",0,2,0,"Occasional",1,49.5,"No",0,"Female",23,"No","Yes",26,2,"DSL",0,2,0,"Occasional",1,49.5,"No",0,5
"3926-YZVVX","Female",23,"No","No",41,1,"DSL",0,3,0,"Occasional",12,50.05,"No",0,"Female",23,"No","No",41,1,"DSL",0,3,0,"Occasional",12,50.05,"No",0,32
"3927-NLNRY","Male",49,"Yes","No",53,1,"5G",2,2,3,"Frequent",12,94.25,"Yes",0,"Male",49,"Yes","No",53,1,"5G",2,2,3,"Frequent",12,94.25,"Yes",0,NA
"3930-ZGWVE","Male",21,"No","No",1,1,"5G",0,1,0,"Occasional",1,19.75,"No",1,"Male",21,"No","No",1,1,"5G",0,1,0,"Occasional",1,19.75,"No",1,61
"3932-CMDTD","Female",58,"No","No",4,1,"Fiber optic",2,3,3,"Occasional",12,105.65,"Yes",0,"Female",58,"No","No",4,1,"Fiber optic",2,3,3,"Occasional",12,105.65,"Yes",0,NA
"3932-IJWDZ","Male",54,"No","No",45,2,"Fiber optic",0,3,3,"Occasional",1,103.65,"No",0,"Male",54,"No","No",45,2,"Fiber optic",0,3,3,"Occasional",1,103.65,"No",0,2
"3935-TBRZZ","Male",21,"Yes","Yes",44,2,"5G",0,1,0,"Occasional",12,25.7,"No",1,"Male",21,"Yes","Yes",44,2,"5G",0,1,0,"Occasional",12,25.7,"No",1,26
"3938-YFPXD","Male",54,"No","No",72,2,"DSL",1,3,3,"Occasional",24,84.3,"No",0,"Male",54,"No","No",72,2,"DSL",1,3,3,"Occasional",24,84.3,"No",0,2
"3941-XTSKM","Male",26,"Yes","Yes",42,0,"5G",2,2,2,"Occasional",12,45.1,"No",0,"Male",26,"Yes","Yes",42,0,"5G",2,2,2,"Occasional",12,45.1,"No",0,31
"3943-KDREE","Female",53,"No","No",26,2,"Fiber optic",0,2,0,"Frequent",1,74.95,"Yes",0,"Female",53,"No","No",26,2,"Fiber optic",0,2,0,"Frequent",1,74.95,"Yes",0,NA
"3945-GFWQL","Female",60,"No","Yes",12,1,"DSL",0,2,0,"Frequent",1,44.55,"Yes",0,"Female",60,"No","Yes",12,1,"DSL",0,2,0,"Occasional",1,44.55,"Yes",0,NA
"3946-MHCZW","Male",38,"No","No",1,1,"5G",0,2,0,"Frequent",1,50.9,"Yes",0,"Male",38,"No","No",1,1,"5G",0,2,0,"Frequent",1,50.9,"Yes",0,NA
"3948-FVVRP","Male",45,"Yes","Yes",9,1,"DSL",2,3,0,"Occasional",1,54.8,"No",0,"Male",45,"Yes","Yes",9,1,"DSL",2,3,0,"Occasional",1,54.8,"No",0,5
"3948-KXDUF","Male",35,"No","No",66,1,"No",3,3,0,"Occasional",24,68.75,"No",0,"Male",35,"No","No",66,1,"No",3,3,0,"Occasional",24,68.75,"No",0,42
"3948-XHGNA","Male",61,"No","No",24,1,"DSL",1,2,0,"Frequent",1,49.55,"Yes",0,"Male",61,"No","No",24,1,"DSL",1,2,0,"Frequent",1,49.55,"Yes",0,NA
"3951-NJCVI","Female",85,"Yes","No",42,2,"5G",0,2,3,"Occasional",1,95.05,"No",1,"Female",85,"Yes","No",42,2,"5G",0,2,3,"Occasional",1,95.05,"No",1,31
"3955-JBZZM","Male",57,"No","No",20,1,"Fiber optic",0,2,1,"Occasional",1,78.8,"No",0,"Male",57,"No","No",20,1,"Fiber optic",0,2,1,"Occasional",1,78.8,"No",0,1
"3956-CJUST","Female",65,"No","No",23,1,"5G",1,2,0,"Occasional",1,75.4,"No",1,"Female",65,"No","No",23,1,"5G",1,2,0,"Occasional",1,75.4,"No",1,20
"3956-MGXOG","Female",29,"No","No",28,1,"Fiber optic",0,2,2,"Occasional",1,80.6,"No",0,"Female",29,"No","No",28,1,"Fiber optic",0,2,2,"Occasional",1,80.6,"No",0,12
"3957-HHLMR","Female",40,"Yes","Yes",70,2,"5G",1,2,2,"Occasional",12,65.2,"No",1,"Female",40,"Yes","Yes",70,2,"5G",1,2,2,"Occasional",12,65.2,"No",1,21
"3957-LXOLK","Female",76,"No","No",28,2,"Fiber optic",2,2,3,"Frequent",1,106.15,"Yes",0,"Female",76,"No","No",28,2,"Fiber optic",2,2,3,"Frequent",1,106.15,"Yes",0,NA
"3957-SQXML","Female",44,"No","No",34,2,"5G",0,1,0,"Frequent",24,24.95,"No",1,"Female",44,"No","No",34,2,"5G",0,1,0,"Occasional",24,24.95,"No",1,55
"3961-SXAXY","Male",51,"No","No",1,1,"5G",0,2,0,"Occasional",1,44.05,"No",0,"Male",51,"No","No",1,1,"5G",0,2,0,"Occasional",1,44.05,"No",0,19
"3963-RYFNS","Female",19,"No","No",72,2,"5G",3,3,3,"Occasional",24,116.45,"No",0,"Female",19,"No","No",72,2,"5G",3,3,3,"Occasional",24,116.45,"No",0,22
"3966-HRMZA","Female",68,"No","No",3,1,"5G",0,2,0,"Occasional",1,75.05,"No",1,"Female",68,"No","No",3,1,"5G",0,2,0,"Occasional",1,75.05,"No",1,45
"3967-VQOGC","Female",49,"No","No",67,2,"No",0,1,0,"Occasional",24,24.9,"No",0,"Female",49,"No","No",67,2,"No",0,1,0,"Occasional",24,24.9,"No",0,25
"3969-GYXEL","Female",30,"No","No",11,1,"Fiber optic",1,2,0,"Occasional",1,76.4,"No",0,"Female",30,"No","No",11,1,"Fiber optic",1,2,0,"Occasional",1,76.4,"No",0,1
"3970-XGJDU","Female",41,"No","No",62,1,"No",0,1,0,"Occasional",24,19.2,"No",0,"Female",41,"No","No",62,1,"No",0,1,0,"Occasional",24,19.2,"No",0,40
"3973-SKMLN","Male",54,"No","No",71,1,"5G",0,1,0,"Occasional",24,19.9,"No",1,"Male",54,"No","No",71,1,"5G",0,1,0,"Occasional",24,19.9,"No",1,52
"3976-BWUCK","Female",37,"Yes","No",30,2,"Fiber optic",2,3,1,"Occasional",1,94.1,"Yes",0,"Female",37,"Yes","No",30,2,"Fiber optic",2,3,1,"Occasional",1,94.1,"Yes",0,NA
"3976-HXHCE","Male",59,"No","No",72,1,"No",0,1,0,"Occasional",24,19.3,"No",0,"Male",59,"No","No",72,1,"No",0,1,0,"Occasional",24,19.3,"No",0,24
"3976-NLDEZ","Male",22,"No","No",1,1,"No",0,1,0,"Occasional",1,20.6,"No",0,"Male",22,"No","No",1,1,"No",0,1,0,"Occasional",1,20.6,"No",0,19
"3977-QCRSL","Female",19,"No","No",5,1,"5G",0,1,0,"Occasional",1,20.15,"No",0,"Female",19,"No","No",5,1,"5G",0,1,0,"Occasional",1,20.15,"No",0,25
"3978-YNKDD","Male",20,"No","Yes",19,1,"No",0,1,0,"Occasional",24,20.85,"No",0,"Male",20,"No","Yes",19,1,"No",0,1,0,"Occasional",24,20.85,"No",0,31
"3981-QSVQI","Male",64,"No","No",8,1,"5G",0,1,0,"Occasional",1,19.7,"No",0,"Male",64,"No","No",8,1,"5G",0,1,0,"Occasional",1,19.7,"No",0,11
"3982-XWFZQ","Female",19,"Yes","No",42,2,"DSL",0,2,0,"Frequent",1,50.25,"Yes",0,"Female",19,"Yes","No",42,2,"DSL",0,2,0,"Occasional",1,50.25,"Yes",0,NA
"3985-HOYPM","Male",44,"No","No",26,1,"No",0,1,0,"Occasional",12,19.4,"No",0,"Male",44,"No","No",26,1,"No",0,1,0,"Occasional",12,19.4,"No",0,32
"3987-KQDDU","Male",50,"No","No",9,1,"No",1,2,0,"Occasional",1,75.6,"No",0,"Male",50,"No","No",9,1,"No",1,2,0,"Occasional",1,75.6,"No",0,44
"3988-RQIXO","Female",71,"No","No",1,1,"5G",0,2,3,"Frequent",1,91.3,"Yes",0,"Female",71,"No","No",1,1,"5G",0,2,3,"Frequent",1,91.3,"Yes",0,NA
"3992-YWPKO","Female",28,"No","No",6,2,"5G",2,3,3,"Occasional",1,109.9,"Yes",0,"Female",28,"No","No",6,2,"5G",2,3,3,"Occasional",1,109.9,"Yes",0,NA
"3996-ZNWYK","Male",49,"No","No",71,1,"No",0,1,0,"Occasional",24,19.8,"No",0,"Male",49,"No","No",71,1,"No",0,1,0,"Occasional",24,19.8,"No",0,28
"3999-QGRJH","Male",90,"No","No",8,2,"No",0,2,0,"Frequent",1,69.7,"Yes",0,NA,NA,NA,NA,NA,NA,NA,NA,NA,NA,NA,NA,NA,NA,NA,NA
"4000-VGMQP","Male",43,"Yes","Yes",38,2,"DSL",2,2,3,"Occasional",12,78.95,"No",0,"Male",43,"Yes","Yes",38,2,"DSL",2,2,3,"Occasional",12,78.95,"No",0,5
"4001-TSBTV","Female",20,"Yes","Yes",58,1,"Fiber optic",2,2,1,"Occasional",1,91.55,"No",0,"Female",20,"Yes","Yes",58,1,"Fiber optic",2,2,1,"Occasional",1,91.55,"No",0,13
"4002-BQWPQ","Male",19,"No","No",25,2,"5G",3,3,2,"Occasional",1,81.75,"No",1,"Male",19,"No","No",25,2,"5G",3,3,2,"Occasional",1,81.75,"No",1,29
"4003-FUSHP","Male",53,"No","No",19,1,"DSL",0,3,1,"Occasional",1,61.55,"No",0,"Male",53,"No","No",19,1,"DSL",0,3,1,"Occasional",1,61.55,"No",0,38
"4003-OCTMP","Female",32,"Yes","No",31,1,"No",1,3,2,"Occasional",12,64,"No",0,"Female",32,"Yes","No",31,1,"No",1,3,2,"Occasional",12,64,"No",0,34
"4009-ALQFH","Female",25,"No","No",25,1,"Fiber optic",2,2,3,"Frequent",1,99.5,"Yes",0,"Female",25,"No","No",25,1,"Fiber optic",2,2,3,"Occasional",1,99.5,"Yes",0,NA
"4010-YLMVT","Female",40,"No","No",56,2,"5G",3,2,3,"Occasional",1,106.6,"No",0,"Female",40,"No","No",56,2,"5G",3,2,3,"Occasional",1,106.6,"No",0,41
"4012-ZTHBR","Female",19,"Yes","Yes",21,1,"DSL",0,2,0,"Occasional",1,44.95,"No",0,"Female",19,"Yes","Yes",21,1,"DSL",0,2,0,"Occasional",1,44.95,"No",0,21
"4013-GUXND","Male",59,"No","No",1,1,"5G",0,1,0,"Occasional",1,20.8,"No",1,"Male",59,"No","No",1,1,"5G",0,1,0,"Occasional",1,20.8,"No",1,14
"4013-TLDHQ","Male",63,"No","No",19,1,"Fiber optic",2,2,0,"Frequent",1,78.25,"Yes",0,"Male",63,"No","No",19,1,"Fiber optic",2,2,0,"Frequent",1,78.25,"Yes",0,NA
"4013-UBXWQ","Female",48,"No","No",7,1,"No",0,3,3,"Occasional",1,74.65,"Yes",0,"Female",48,"No","No",7,1,"No",0,3,3,"Occasional",1,74.65,"Yes",0,NA
"4018-KJYUY","Male",46,"No","No",22,1,"No",0,1,0,"Occasional",1,20.15,"No",0,"Male",46,"No","No",22,1,"No",0,1,0,"Occasional",1,20.15,"No",0,35
"4018-PPNDW","Female",54,"No","No",61,2,"5G",0,1,0,"Occasional",24,24.1,"No",1,"Female",54,"No","No",61,2,"5G",0,1,0,"Occasional",24,24.1,"No",1,22
"4020-KIUDI","Male",21,"Yes","Yes",6,1,"No",0,1,0,"Occasional",1,19.85,"No",0,"Male",21,"Yes","Yes",6,1,"No",0,1,0,"Occasional",1,19.85,"No",0,28
"4021-RQSNY","Male",67,"Yes","No",29,2,"5G",0,2,3,"Frequent",1,98.5,"Yes",0,"Male",67,"Yes","No",29,2,"5G",0,2,3,"Frequent",1,98.5,"Yes",0,NA
"4023-RTIQM","Female",76,"Yes","No",31,0,"DSL",3,2,2,"Occasional",12,50.4,"No",0,"Female",76,"Yes","No",31,0,"DSL",3,2,2,"Occasional",12,50.4,"No",0,13
"4024-CSNBY","Female",33,"Yes","No",72,2,"Fiber optic",3,3,0,"Occasional",24,94.25,"No",0,"Female",33,"Yes","No",72,2,"Fiber optic",3,3,0,"Occasional",24,94.25,"No",0,24
"4030-VPZBD","Female",60,"No","No",2,0,"5G",0,3,0,"Occasional",1,30.9,"Yes",0,"Female",60,"No","No",2,0,"5G",0,3,0,"Occasional",1,30.9,"Yes",0,NA
"4032-RMHCI","Female",19,"Yes","Yes",41,1,"No",1,2,0,"Occasional",12,35.4,"No",0,"Female",19,"Yes","Yes",41,1,"No",1,2,0,"Occasional",12,35.4,"No",0,32
"4039-PIMHX","Male",85,"Yes","No",49,1,"DSL",2,2,0,"Occasional",24,49.8,"No",0,"Male",85,"Yes","No",49,1,"DSL",2,2,0,"Occasional",24,49.8,"No",0,45
"4043-MKDTV","Male",30,"Yes","No",71,1,"Fiber optic",2,3,3,"Occasional",24,105.25,"No",0,"Male",30,"Yes","No",71,1,"Fiber optic",2,3,3,"Occasional",24,105.25,"No",0,35
"4054-CUMIA","Female",21,"Yes","Yes",18,1,"No",0,1,0,"Occasional",1,20.25,"No",0,"Female",21,"Yes","Yes",18,1,"No",0,1,0,"Occasional",1,20.25,"No",0,16
"4056-QHXHZ","Female",22,"Yes","Yes",72,2,"5G",1,3,3,"Occasional",24,107.45,"No",0,"Female",22,"Yes","Yes",72,2,"5G",1,3,3,"Occasional",24,107.45,"No",0,35
"4057-FKCZK","Male",47,"Yes","Yes",58,2,"Fiber optic",0,2,1,"Occasional",24,82.5,"No",0,"Male",47,"Yes","Yes",58,2,"Fiber optic",0,2,1,"Occasional",24,82.5,"No",0,21
"4059-IIEBK","Female",31,"No","No",7,2,"5G",2,2,0,"Occasional",1,78.55,"No",1,"Female",31,"No","No",7,2,"5G",2,2,0,"Occasional",1,78.55,"No",1,11
"4060-LDNLU","Male",43,"No","No",7,2,"Fiber optic",0,2,3,"Occasional",1,96.2,"No",0,"Male",43,"No","No",7,2,"Fiber optic",0,2,3,"Occasional",1,96.2,"No",0,27
"4061-UKJWL","Male",30,"No","No",3,2,"No",0,2,0,"Occasional",1,45.45,"No",0,"Male",30,"No","No",3,2,"No",0,2,0,"Occasional",1,45.45,"No",0,6
"4063-EIKNQ","Male",55,"No","No",11,1,"No",0,1,0,"Occasional",1,20.95,"No",0,"Male",55,"No","No",11,1,"No",0,1,0,"Occasional",1,20.95,"No",0,42
"4065-JJAVA","Female",47,"No","No",1,1,"DSL",2,2,0,"Occasional",1,49.5,"No",0,"Female",47,"No","No",1,1,"DSL",2,2,0,"Occasional",1,49.5,"No",0,54
"4070-OKWVH","Female",37,"Yes","No",52,2,"Fiber optic",2,2,1,"Occasional",1,94.6,"No",0,"Female",37,"Yes","No",52,2,"Fiber optic",2,2,1,"Occasional",1,94.6,"No",0,26
"4074-SJFFA","Female",58,"No","No",1,1,"No",0,2,2,"Frequent",1,54.75,"Yes",0,"Female",58,"No","No",1,1,"No",0,2,2,"Frequent",1,54.75,"Yes",0,NA
"4075-JFPGR","Female",41,"Yes","No",51,1,"5G",3,2,1,"Occasional",12,93.5,"No",1,"Female",41,"Yes","No",51,1,"5G",3,2,1,"Occasional",12,93.5,"No",1,62
"4075-WKNIU","Female",58,"Yes","Yes",0,2,"DSL",2,3,1,"Occasional",24,73.35,"No",0,"Female",58,"Yes","Yes",0,2,"DSL",2,3,1,"Occasional",24,73.35,"No",0,17
"4077-CROMM","Female",24,"Yes","Yes",31,2,"Fiber optic",0,3,3,"Occasional",1,104.2,"Yes",0,"Female",24,"Yes","Yes",31,2,"Fiber optic",0,3,3,"Occasional",1,104.2,"Yes",0,NA
"4079-VTGLK","Male",85,"Yes","No",30,2,"DSL",0,2,3,"Occasional",24,74.85,"No",0,"Male",85,"Yes","No",30,2,"DSL",0,2,3,"Occasional",24,74.85,"No",0,43
"4079-WWQQQ","Male",31,"No","No",72,0,"DSL",3,3,3,"Occasional",24,65.55,"No",1,"Male",31,"No","No",72,0,"DSL",3,3,3,"Occasional",24,65.55,"No",1,20
"4080-IIARD","Female",34,"Yes","No",13,2,"5G",3,3,1,"Occasional",1,76.2,"No",1,"Female",34,"Yes","No",13,2,"5G",3,3,1,"Occasional",1,76.2,"No",1,45
"4080-OGPJL","Female",29,"No","No",8,2,"5G",1,3,2,"Occasional",1,71.15,"Yes",1,"Female",29,"No","No",8,2,"5G",1,3,2,"Occasional",1,71.15,"Yes",1,NA
"4083-EUGRJ","Male",40,"No","No",9,1,"No",0,1,0,"Occasional",1,20.25,"Yes",0,"Male",40,"No","No",9,1,"No",0,1,0,"Occasional",1,20.25,"Yes",0,NA
"4086-YQSNZ","Female",77,"Yes","No",3,1,"5G",0,2,1,"Frequent",1,80.4,"Yes",0,"Female",77,"Yes","No",3,1,"5G",0,2,1,"Frequent",1,80.4,"Yes",0,NA
"4088-YLDSU","Male",32,"Yes","No",55,2,"Fiber optic",0,3,3,"Occasional",12,104.15,"Yes",0,"Male",32,"Yes","No",55,2,"Fiber optic",0,3,3,"Occasional",12,104.15,"Yes",0,NA
"4090-KPJIP","Female",58,"No","No",3,2,"Fiber optic",0,2,0,"Occasional",1,74.95,"No",0,"Female",58,"No","No",3,2,"Fiber optic",0,2,0,"Occasional",1,74.95,"No",0,31
"4091-TVOCN","Male",63,"No","Yes",48,2,"DSL",1,2,3,"Occasional",12,78.75,"No",1,"Male",63,"No","Yes",48,2,"DSL",1,2,3,"Occasional",12,78.75,"No",1,56
"4092-OFQZS","Male",64,"No","No",20,1,"No",0,1,0,"Occasional",12,20.65,"No",0,"Male",64,"No","No",20,1,"No",0,1,0,"Occasional",12,20.65,"No",0,6
"4097-YODCF","Male",49,"No","Yes",34,2,"Fiber optic",3,2,3,"Occasional",12,103.8,"No",0,"Male",49,"No","Yes",34,2,"Fiber optic",3,2,3,"Occasional",12,103.8,"No",0,24
"4102-HLENU","Female",41,"Yes","No",67,2,"5G",3,2,0,"Occasional",24,65.65,"No",0,"Female",41,"Yes","No",67,2,"5G",3,2,0,"Occasional",24,65.65,"No",0,23
"4102-OQUPX","Male",80,"Yes","No",1,1,"No",0,2,0,"Frequent",1,74.4,"Yes",0,"Male",80,"Yes","No",1,1,"No",0,2,0,"Frequent",1,74.4,"Yes",0,NA
"4104-PVRPS","Male",41,"No","No",24,1,"5G",1,3,0,"Occasional",1,53.6,"No",1,"Male",41,"No","No",24,1,"5G",1,3,0,"Occasional",1,53.6,"No",1,8
"4106-HADHQ","Male",31,"Yes","Yes",39,1,"DSL",1,3,3,"Occasional",12,80,"Yes",0,"Male",31,"Yes","Yes",39,1,"DSL",1,3,3,"Occasional",12,80,"Yes",0,NA
"4109-CYRBD","Male",75,"Yes","No",29,2,"5G",0,2,0,"Occasional",1,51.6,"No",1,"Male",75,"Yes","No",29,2,"5G",0,2,0,"Occasional",1,51.6,"No",1,6
"4110-PFEUZ","Female",31,"No","No",1,1,"DSL",0,2,0,"Frequent",1,69.55,"Yes",1,"Female",31,"No","No",1,1,"DSL",0,2,0,"Frequent",1,69.55,"Yes",1,NA
"4111-BNXIF","Female",34,"Yes","Yes",67,0,"5G",2,3,3,"Occasional",24,59.55,"No",1,"Female",34,"Yes","Yes",67,0,"5G",2,3,3,"Occasional",24,59.55,"No",1,47
"4115-BNPJY","Male",34,"Yes","Yes",29,1,"DSL",0,3,3,"Occasional",24,75.55,"No",1,"Male",34,"Yes","Yes",29,1,"DSL",0,3,3,"Occasional",24,75.55,"No",1,54
"4115-NZRKS","Female",78,"No","No",7,1,"5G",0,2,3,"Occasional",1,89.15,"No",1,"Female",78,"No","No",7,1,"5G",0,2,3,"Occasional",1,89.15,"No",1,43
"4116-IQRFR","Male",45,"No","No",4,2,"No",0,1,0,"Occasional",12,24.1,"No",0,"Male",45,"No","No",4,2,"No",0,1,0,"Occasional",12,24.1,"No",0,11
"4116-TZAQJ","Female",34,"No","No",9,1,"5G",1,2,0,"Frequent",1,74.25,"Yes",0,"Female",34,"No","No",9,1,"5G",1,2,0,"Frequent",1,74.25,"Yes",0,NA
"4118-CEVPF","Female",90,"No","No",35,2,"Fiber optic",3,3,3,"Occasional",12,110.8,"No",0,"Female",90,"No","No",35,2,"Fiber optic",3,3,3,"Occasional",12,110.8,"No",0,28
"4121-AGSIN","Female",65,"No","No",58,2,"5G",0,1,0,"Occasional",12,24.5,"No",0,"Female",65,"No","No",58,2,"5G",0,1,0,"Occasional",12,24.5,"No",0,21
"4123-DVHPH","Male",64,"Yes","No",9,2,"Fiber optic",1,2,2,"Occasional",1,88.05,"No",0,"Male",64,"Yes","No",9,2,"Fiber optic",1,2,2,"Occasional",1,88.05,"No",0,20
"4124-MMETB","Male",49,"No","No",22,2,"5G",0,2,3,"Occasional",1,94.65,"Yes",1,"Male",49,"No","No",22,2,"5G",0,2,3,"Frequent",1,94.65,"Yes",1,NA
"4130-MZLCC","Female",35,"No","No",5,1,"5G",2,2,0,"Occasional",1,50.55,"No",1,"Female",35,"No","No",5,1,"5G",2,2,0,"Occasional",1,50.55,"No",1,49
"4132-KALRO","Female",44,"No","No",4,1,"No",0,3,3,"Occasional",1,100.85,"No",0,"Female",44,"No","No",4,1,"No",0,3,3,"Occasional",1,100.85,"No",0,38
"4132-POCZS","Male",19,"Yes","No",52,0,"DSL",1,2,2,"Occasional",1,39.9,"No",0,"Male",19,"Yes","No",52,0,"DSL",1,2,2,"Occasional",1,39.9,"No",0,26
"4134-BSXLX","Male",22,"Yes","No",28,1,"5G",3,3,0,"Occasional",1,60.9,"No",1,"Male",22,"Yes","No",28,1,"5G",3,3,0,"Occasional",1,60.9,"No",1,19
"4135-FRWKJ","Female",84,"Yes","Yes",55,2,"DSL",1,3,1,"Occasional",12,76.25,"No",0,"Female",84,"Yes","Yes",55,2,"DSL",1,3,1,"Occasional",12,76.25,"No",0,35
"4137-JOPHL","Female",32,"No","No",50,1,"5G",0,3,2,"Occasional",24,89.7,"No",0,"Female",32,"No","No",50,1,"5G",0,3,2,"Occasional",24,89.7,"No",0,43
"4138-NAXED","Male",34,"No","No",51,2,"DSL",2,2,0,"Occasional",1,81,"No",0,"Male",34,"No","No",51,2,"DSL",2,2,0,"Occasional",1,81,"No",0,2
"4139-DETXS","Female",39,"Yes","Yes",72,0,"5G",3,3,3,"Occasional",24,64.45,"No",0,"Female",39,"Yes","Yes",72,0,"5G",3,3,3,"Occasional",24,64.45,"No",0,33
"4139-JPIAM","Male",43,"No","No",51,1,"No",1,3,2,"Occasional",1,44.45,"No",0,"Male",43,"No","No",51,1,"No",1,3,2,"Occasional",1,44.45,"No",0,24
"4140-WJAWW","Female",19,"No","No",5,1,"No",0,1,0,"Occasional",1,19.85,"Yes",0,"Female",19,"No","No",5,1,"No",0,1,0,"Occasional",1,19.85,"Yes",0,NA
"4143-HHPMK","Male",49,"No","No",52,1,"5G",2,2,2,"Frequent",1,85.35,"Yes",0,"Male",49,"No","No",52,1,"5G",2,2,2,"Frequent",1,85.35,"Yes",0,NA
"4145-UQXUQ","Female",84,"No","No",8,1,"5G",0,2,3,"Occasional",1,92.1,"Yes",0,"Female",84,"No","No",8,1,"5G",0,2,3,"Frequent",1,92.1,"Yes",0,NA
"4146-SVFUD","Male",49,"No","No",1,1,"DSL",0,2,0,"Occasional",1,44.6,"No",0,"Male",49,"No","No",1,1,"DSL",0,2,0,"Occasional",1,44.6,"No",0,23
"4154-AQUGT","Male",90,"Yes","No",13,1,"5G",2,3,2,"Occasional",1,89.05,"Yes",0,"Male",90,"Yes","No",13,1,"5G",2,3,2,"Occasional",1,89.05,"Yes",0,NA
"4159-NAAIX","Female",62,"No","No",63,2,"5G",2,2,3,"Occasional",24,97.45,"No",0,"Female",62,"No","No",63,2,"5G",2,2,3,"Occasional",24,97.45,"No",0,38
"4160-AMJTL","Female",74,"No","No",8,1,"5G",0,1,0,"Occasional",1,19.65,"Yes",1,"Female",74,"No","No",8,1,"5G",0,1,0,"Occasional",1,19.65,"Yes",1,NA
"4163-HFTUK","Male",56,"No","No",51,1,"No",0,1,0,"Occasional",12,19.1,"No",0,"Male",56,"No","No",51,1,"No",0,1,0,"Occasional",12,19.1,"No",0,6
"4163-KIUHY","Male",55,"No","No",35,2,"5G",0,1,0,"Occasional",1,25.6,"No",0,"Male",55,"No","No",35,2,"5G",0,1,0,"Occasional",1,25.6,"No",0,9
"4163-NCJAK","Female",39,"No","No",46,2,"5G",0,1,0,"Occasional",12,24.45,"No",1,"Female",39,"No","No",46,2,"5G",0,1,0,"Occasional",12,24.45,"No",1,23
"4174-LPGTI","Female",45,"Yes","Yes",41,1,"DSL",2,3,2,"Occasional",12,66.5,"Yes",0,"Female",45,"Yes","Yes",41,1,"DSL",2,3,2,"Occasional",12,66.5,"Yes",0,NA
"4176-FXYBO","Male",40,"Yes","No",54,1,"No",3,2,3,"Occasional",1,109.55,"No",0,"Male",40,"Yes","No",54,1,"No",3,2,3,"Occasional",1,109.55,"No",0,19
"4176-RELJR","Male",73,"No","No",67,1,"No",0,1,0,"Occasional",24,25.1,"No",0,"Male",73,"No","No",67,1,"No",0,1,0,"Occasional",24,25.1,"No",0,5
"4177-JPDFU","Male",42,"No","No",12,1,"No",2,3,0,"Occasional",1,34,"No",0,"Male",42,"No","No",12,1,"No",2,3,0,"Occasional",1,34,"No",0,28
"4178-EGMON","Male",59,"No","No",70,2,"DSL",3,3,0,"Occasional",24,88,"No",1,"Male",59,"No","No",70,2,"DSL",3,3,0,"Occasional",24,88,"No",1,37
"4182-BGSIQ","Female",60,"No","No",10,1,"No",0,1,0,"Occasional",1,19.8,"No",0,"Female",60,"No","No",10,1,"No",0,1,0,"Occasional",1,19.8,"No",0,4
"4183-MYFRB","Female",24,"No","No",21,1,"5G",2,2,2,"Occasional",1,90.05,"No",1,"Female",24,"No","No",21,1,"5G",2,2,2,"Occasional",1,90.05,"No",1,57
"4183-WCSEP","Male",35,"No","No",31,2,"No",2,3,0,"Occasional",1,78.45,"Yes",0,"Male",35,"No","No",31,2,"No",2,3,0,"Occasional",1,78.45,"Yes",0,NA
"4184-TJFAN","Female",82,"Yes","Yes",3,1,"DSL",1,3,1,"Occasional",1,88.3,"Yes",0,"Female",82,"Yes","Yes",3,1,"DSL",1,3,1,"Occasional",1,88.3,"Yes",0,NA
"4186-ZBUEW","Female",52,"No","No",36,2,"DSL",2,3,2,"Occasional",12,70.7,"No",0,"Female",52,"No","No",36,2,"DSL",2,3,2,"Occasional",12,70.7,"No",0,3
"4187-CINZD","Female",65,"No","No",46,1,"5G",2,2,3,"Frequent",12,95.25,"Yes",0,"Female",65,"No","No",46,1,"5G",2,2,3,"Frequent",12,95.25,"Yes",0,NA
"4188-FRABG","Male",22,"Yes","No",57,2,"Fiber optic",3,3,1,"Occasional",1,103.05,"No",0,"Male",22,"Yes","No",57,2,"Fiber optic",3,3,1,"Occasional",1,103.05,"No",0,11
"4188-PCPIG","Female",39,"Yes","No",57,1,"DSL",3,3,1,"Occasional",24,70.35,"No",0,"Female",39,"Yes","No",57,1,"DSL",3,3,1,"Occasional",24,70.35,"No",0,2
"4190-MFLUW","Female",25,"Yes","Yes",10,1,"5G",0,3,0,"Occasional",1,55.2,"Yes",1,"Female",25,"Yes","Yes",10,1,"5G",0,3,0,"Occasional",1,55.2,"Yes",1,NA
"4191-XOVOM","Male",60,"No","No",63,1,"DSL",2,3,3,"Occasional",1,105.4,"No",0,"Male",60,"No","No",63,1,"DSL",2,3,3,"Occasional",1,105.4,"No",0,44
"4192-GORJT","Male",59,"Yes","No",5,1,"Fiber optic",0,2,3,"Frequent",1,94.45,"Yes",0,"Male",59,"Yes","No",5,1,"Fiber optic",0,2,3,"Occasional",1,94.45,"Yes",0,NA
"4193-IBKSW","Male",49,"No","No",72,2,"DSL",0,1,0,"Occasional",24,24.75,"No",0,"Male",49,"No","No",72,2,"DSL",0,1,0,"Occasional",24,24.75,"No",0,1
"4193-ORFCL","Female",71,"No","No",1,1,"5G",0,2,0,"Frequent",1,45.1,"Yes",0,"Female",71,"No","No",1,1,"5G",0,2,0,"Frequent",1,45.1,"Yes",0,NA
"4195-NZGTA","Female",21,"No","No",1,0,"DSL",0,2,0,"Frequent",1,25.25,"No",1,"Female",21,"No","No",1,0,"DSL",0,2,0,"Occasional",1,25.25,"No",1,59
"4195-PNGZS","Male",21,"Yes","Yes",69,2,"5G",0,1,0,"Occasional",24,24.45,"No",0,"Male",21,"Yes","Yes",69,2,"5G",0,1,0,"Occasional",24,24.45,"No",0,7
"4195-SMMNX","Male",20,"No","No",2,1,"No",0,1,0,"Occasional",1,20.35,"Yes",0,"Male",20,"No","No",2,1,"No",0,1,0,"Occasional",1,20.35,"Yes",0,NA
"4198-VFOEA","Female",50,"No","No",12,0,"5G",1,3,0,"Occasional",12,33.6,"No",1,"Female",50,"No","No",12,0,"5G",1,3,0,"Occasional",12,33.6,"No",1,22
"4199-QHJNM","Male",79,"Yes","No",67,2,"Fiber optic",2,3,3,"Occasional",24,102.9,"No",0,"Male",79,"Yes","No",67,2,"Fiber optic",2,3,3,"Occasional",24,102.9,"No",0,10
"4201-JMNGR","Female",76,"No","No",1,1,"DSL",1,2,0,"Frequent",1,55.8,"Yes",0,"Female",76,"No","No",1,1,"DSL",1,2,0,"Frequent",1,55.8,"Yes",0,NA
"4208-UFFGW","Male",87,"No","No",2,1,"5G",0,2,0,"Occasional",1,44.95,"Yes",1,"Male",87,"No","No",2,1,"5G",0,2,0,"Frequent",1,44.95,"Yes",1,NA
"4210-QFJMF","Female",57,"No","No",4,1,"No",0,2,2,"Frequent",1,79.15,"Yes",0,"Female",57,"No","No",4,1,"No",0,2,2,"Frequent",1,79.15,"Yes",0,NA
"4211-MMAZN","Male",19,"No","No",1,1,"No",0,1,0,"Occasional",1,20.25,"Yes",0,"Male",19,"No","No",1,1,"No",0,1,0,"Occasional",1,20.25,"Yes",0,NA
"4213-HKBJO","Female",51,"No","No",33,1,"No",0,1,0,"Occasional",24,25.7,"No",0,"Female",51,"No","No",33,1,"No",0,1,0,"Occasional",24,25.7,"No",0,34
"4220-TINQT","Female",26,"Yes","No",61,2,"5G",0,3,3,"Occasional",1,106.35,"No",1,"Female",26,"Yes","No",61,2,"5G",0,3,3,"Occasional",1,106.35,"No",1,18
"4223-BKEOR","Female",52,"No","Yes",21,1,"5G",1,2,2,"Occasional",12,64.85,"No",0,"Female",52,"No","Yes",21,1,"5G",1,2,2,"Occasional",12,64.85,"No",0,2
"4223-WOZCM","Male",84,"No","No",2,1,"DSL",0,2,0,"Occasional",1,49.95,"No",0,"Male",84,"No","No",2,1,"DSL",0,2,0,"Occasional",1,49.95,"No",0,5
"4226-KKDON","Male",60,"No","No",8,1,"DSL",2,3,1,"Occasional",1,66.65,"No",0,"Male",60,"No","No",8,1,"DSL",2,3,1,"Occasional",1,66.65,"No",0,13
"4229-CZMLL","Male",34,"No","No",6,2,"Fiber optic",0,2,0,"Frequent",1,74.9,"Yes",0,"Male",34,"No","No",6,2,"Fiber optic",0,2,0,"Frequent",1,74.9,"Yes",0,NA
"4232-JGKIY","Male",21,"No","No",1,1,"No",0,1,0,"Occasional",1,19.2,"No",0,"Male",21,"No","No",1,1,"No",0,1,0,"Occasional",1,19.2,"No",0,0
"4234-XTNEA","Male",46,"No","No",2,1,"5G",0,2,1,"Occasional",1,79.95,"No",1,"Male",46,"No","No",2,1,"5G",0,2,1,"Occasional",1,79.95,"No",1,21
"4236-UJPWO","Female",19,"No","No",2,1,"No",0,2,0,"Occasional",1,24.5,"No",0,"Female",19,"No","No",2,1,"No",0,2,0,"Occasional",1,24.5,"No",0,33
"4236-XPXAV","Female",20,"Yes","Yes",5,1,"No",2,3,3,"Occasional",1,99.15,"Yes",0,"Female",20,"Yes","Yes",5,1,"No",2,3,3,"Occasional",1,99.15,"Yes",0,NA
"4237-CLSMM","Male",22,"Yes","No",2,1,"5G",0,1,0,"Occasional",1,20,"No",1,"Male",22,"Yes","No",2,1,"5G",0,1,0,"Occasional",1,20,"No",1,1
"4237-RLAQD","Male",56,"No","No",1,1,"5G",0,2,0,"Frequent",1,45.85,"Yes",0,"Male",56,"No","No",1,1,"5G",0,2,0,"Frequent",1,45.85,"Yes",0,NA
"4238-HFHSN","Male",89,"Yes","No",61,2,"5G",2,2,0,"Occasional",1,82.15,"No",0,"Male",89,"Yes","No",61,2,"5G",2,2,0,"Occasional",1,82.15,"No",0,30
"4248-QPAVC","Female",81,"Yes","No",17,2,"5G",1,2,0,"Frequent",1,85.35,"Yes",0,"Female",81,"Yes","No",17,2,"5G",1,2,0,"Frequent",1,85.35,"Yes",0,NA
"4250-FDVOU","Female",26,"No","No",6,1,"No",3,2,0,"Frequent",1,56.25,"Yes",0,"Female",26,"No","No",6,1,"No",3,2,0,"Frequent",1,56.25,"Yes",0,NA
"4250-WAROZ","Male",82,"Yes","Yes",60,2,"5G",3,2,2,"Occasional",1,93.25,"No",1,"Male",82,"Yes","Yes",60,2,"5G",3,2,2,"Occasional",1,93.25,"No",1,2
"4254-QPEDE","Female",23,"Yes","No",52,0,"DSL",3,3,3,"Occasional",24,66.25,"No",0,"Female",23,"Yes","No",52,0,"DSL",3,3,3,"Occasional",24,66.25,"No",0,22
"4255-DDUOU","Female",19,"Yes","Yes",1,1,"No",0,1,0,"Occasional",1,20.5,"Yes",0,"Female",19,"Yes","Yes",1,1,"No",0,1,0,"Occasional",1,20.5,"Yes",0,NA
"4257-GAESD","Female",43,"No","No",6,0,"5G",0,2,3,"Occasional",1,45,"No",1,"Female",43,"No","No",6,0,"5G",0,2,3,"Occasional",1,45,"No",1,28
"4273-MBHYA","Female",40,"No","Yes",1,1,"Fiber optic",0,2,3,"Occasional",1,89.35,"No",0,"Female",40,"No","Yes",1,1,"Fiber optic",0,2,3,"Occasional",1,89.35,"No",0,14
"4274-DRSQT","Female",30,"No","No",66,2,"Fiber optic",2,2,1,"Occasional",12,88.9,"No",0,"Female",30,"No","No",66,2,"Fiber optic",2,2,1,"Occasional",12,88.9,"No",0,5
"4274-OWWYO","Male",47,"No","No",1,1,"Fiber optic",2,2,0,"Frequent",1,74.35,"Yes",0,"Male",47,"No","No",1,1,"Fiber optic",2,2,0,"Frequent",1,74.35,"Yes",0,NA
"4277-PVRAN","Female",39,"No","No",8,1,"No",0,2,1,"Frequent",1,80.1,"Yes",0,"Female",39,"No","No",8,1,"No",0,2,1,"Frequent",1,80.1,"Yes",0,NA
"4277-UDIEF","Male",57,"Yes","Yes",24,2,"DSL",1,3,3,"Occasional",1,81,"No",0,"Male",57,"Yes","Yes",24,2,"DSL",1,3,3,"Occasional",1,81,"No",0,1
"4282-ACRXS","Male",69,"Yes","No",38,0,"DSL",0,2,0,"Occasional",1,24.85,"No",0,"Male",69,"Yes","No",38,0,"DSL",0,2,0,"Occasional",1,24.85,"No",0,13
"4282-MSACW","Male",55,"No","No",68,1,"No",3,3,3,"Occasional",12,117.2,"No",0,"Male",55,"No","No",68,1,"No",3,3,3,"Occasional",12,117.2,"No",0,27
"4283-FUTGF","Male",85,"No","No",19,1,"No",0,2,0,"Frequent",1,79.85,"Yes",0,"Male",85,"No","No",19,1,"No",0,2,0,"Frequent",1,79.85,"Yes",0,NA
"4285-GYRQC","Female",50,"No","No",7,1,"5G",0,2,1,"Frequent",1,86.25,"Yes",0,"Female",50,"No","No",7,1,"5G",0,2,1,"Frequent",1,86.25,"Yes",0,NA
"4289-DTDKW","Male",48,"No","No",40,2,"5G",2,2,3,"Occasional",1,101.3,"Yes",1,"Male",48,"No","No",40,2,"5G",2,2,3,"Frequent",1,101.3,"Yes",1,NA
"4290-BSXUX","Male",45,"Yes","No",3,2,"Fiber optic",0,3,0,"Occasional",1,79.65,"Yes",0,"Male",45,"Yes","No",3,2,"Fiber optic",0,3,0,"Occasional",1,79.65,"Yes",0,NA
"4291-HPAXL","Male",54,"No","No",1,1,"5G",0,1,0,"Occasional",1,19.85,"No",0,"Male",54,"No","No",1,1,"5G",0,1,0,"Occasional",1,19.85,"No",0,44
"4291-SHSBH","Male",54,"No","No",7,1,"5G",0,2,0,"Occasional",1,69.55,"No",0,"Male",54,"No","No",7,1,"5G",0,2,0,"Occasional",1,69.55,"No",0,29
"4291-TPNFG","Male",60,"Yes","No",72,2,"DSL",3,3,2,"Occasional",24,82.3,"No",0,"Male",60,"Yes","No",72,2,"DSL",3,3,2,"Occasional",24,82.3,"No",0,45
"4293-ETKAP","Female",39,"Yes","Yes",65,1,"DSL",2,3,3,"Occasional",24,79.4,"No",0,"Female",39,"Yes","Yes",65,1,"DSL",2,3,3,"Occasional",24,79.4,"No",0,16
"4295-YURET","Female",67,"Yes","Yes",56,2,"No",1,3,3,"Occasional",24,72.6,"No",0,"Female",67,"Yes","Yes",56,2,"No",1,3,3,"Occasional",24,72.6,"No",0,17
"4298-OYIFC","Male",62,"No","No",15,2,"Fiber optic",0,3,3,"Occasional",1,103.45,"No",0,"Male",62,"No","No",15,2,"Fiber optic",0,3,3,"Occasional",1,103.45,"No",0,40
"4299-SIMNS","Male",21,"No","No",9,2,"Fiber optic",1,2,0,"Occasional",1,81.15,"No",0,"Male",21,"No","No",9,2,"Fiber optic",1,2,0,"Occasional",1,81.15,"No",0,24
"4301-VVZKA","Male",63,"No","No",16,2,"5G",0,2,0,"Occasional",1,75.4,"No",1,"Male",63,"No","No",16,2,"5G",0,2,0,"Occasional",1,75.4,"No",1,33
"4302-ZYFEL","Male",20,"Yes","Yes",69,1,"No",0,1,0,"Occasional",12,20.55,"No",0,"Male",20,"Yes","Yes",69,1,"No",0,1,0,"Occasional",12,20.55,"No",0,31
"4304-TSPVK","Female",20,"Yes","No",68,2,"5G",3,3,3,"Occasional",24,114.9,"No",0,"Female",20,"Yes","No",68,2,"5G",3,3,3,"Occasional",24,114.9,"No",0,39
"4304-XUMGI","Male",76,"Yes","Yes",50,2,"DSL",3,2,2,"Occasional",24,75.15,"No",0,"Male",76,"Yes","Yes",50,2,"DSL",3,2,2,"Occasional",24,75.15,"No",0,7
"4307-KTUMW","Male",34,"Yes","No",53,2,"5G",1,2,2,"Frequent",1,93.9,"Yes",0,"Male",34,"Yes","No",53,2,"5G",1,2,2,"Frequent",1,93.9,"Yes",0,NA
"4310-KEDTB","Female",22,"No","Yes",26,0,"DSL",0,2,0,"Occasional",1,29.8,"No",0,"Female",22,"No","Yes",26,0,"DSL",0,2,0,"Occasional",1,29.8,"No",0,27
"4311-QTTAI","Female",36,"No","No",16,1,"No",0,1,0,"Occasional",12,19.35,"No",0,"Female",36,"No","No",16,1,"No",0,1,0,"Occasional",12,19.35,"No",0,33
"4312-KFRXN","Male",20,"Yes","No",72,2,"5G",0,1,0,"Occasional",24,25.4,"No",1,"Male",20,"Yes","No",72,2,"5G",0,1,0,"Occasional",24,25.4,"No",1,16
"4315-MURBD","Female",63,"No","No",12,1,"5G",1,3,3,"Occasional",1,98.9,"Yes",1,"Female",63,"No","No",12,1,"5G",1,3,3,"Occasional",1,98.9,"Yes",1,NA
"4317-VTEOA","Male",33,"No","No",1,1,"DSL",2,2,0,"Frequent",1,50.75,"Yes",0,"Male",33,"No","No",1,1,"DSL",2,2,0,"Frequent",1,50.75,"Yes",0,NA
"4318-RAJVY","Female",53,"No","No",10,1,"No",0,1,0,"Occasional",12,19.8,"No",0,"Female",53,"No","No",10,1,"No",0,1,0,"Occasional",12,19.8,"No",0,31
"4320-QMLLA","Male",58,"No","No",7,1,"5G",0,2,1,"Occasional",1,54.85,"No",0,"Male",58,"No","No",7,1,"5G",0,2,1,"Occasional",1,54.85,"No",0,15
"4322-RCYMT","Male",52,"No","No",68,2,"5G",2,3,2,"Occasional",12,75.8,"Yes",1,"Male",52,"No","No",68,2,"5G",2,3,2,"Occasional",12,75.8,"Yes",1,NA
"4323-ELYYB","Male",53,"No","No",13,1,"No",0,1,0,"Occasional",12,20,"No",0,"Male",53,"No","No",13,1,"No",0,1,0,"Occasional",12,20,"No",0,19
"4323-SADQS","Male",21,"Yes","Yes",7,1,"DSL",1,3,0,"Occasional",1,34.5,"Yes",0,"Male",21,"Yes","Yes",7,1,"DSL",1,3,0,"Occasional",1,34.5,"Yes",0,NA
"4324-AHJKS","Female",55,"No","No",5,1,"DSL",1,2,0,"Occasional",1,55.8,"No",0,"Female",55,"No","No",5,1,"DSL",1,2,0,"Occasional",1,55.8,"No",0,15
"4324-BZCKL","Female",24,"Yes","Yes",10,1,"No",2,2,0,"Occasional",1,55.55,"No",0,"Female",24,"Yes","Yes",10,1,"No",2,2,0,"Occasional",1,55.55,"No",0,31
"4328-VUFWD","Female",43,"No","No",39,1,"No",0,3,2,"Occasional",12,59.3,"No",0,"Female",43,"No","No",39,1,"No",0,3,2,"Occasional",12,59.3,"No",0,42
"4329-YPDDQ","Male",25,"No","No",20,1,"Fiber optic",3,3,3,"Occasional",1,108.2,"No",0,"Male",25,"No","No",20,1,"Fiber optic",3,3,3,"Occasional",1,108.2,"No",0,42
"4332-MUOEZ","Male",90,"Yes","Yes",20,1,"5G",1,3,2,"Occasional",12,94.3,"No",1,"Male",90,"Yes","Yes",20,1,"5G",1,3,2,"Occasional",12,94.3,"No",1,33
"4334-HOWRP","Male",75,"Yes","No",72,0,"DSL",3,3,3,"Occasional",24,64.95,"No",0,"Male",75,"Yes","No",72,0,"DSL",3,3,3,"Occasional",24,64.95,"No",0,27
"4335-BSMJS","Female",54,"No","No",62,2,"DSL",0,1,0,"Occasional",24,25.8,"No",1,"Female",54,"No","No",62,2,"DSL",0,1,0,"Occasional",24,25.8,"No",1,22
"4335-UPJSI","Female",22,"No","Yes",24,1,"5G",0,1,0,"Occasional",24,19.75,"No",0,"Female",22,"No","Yes",24,1,"5G",0,1,0,"Occasional",24,19.75,"No",0,4
"4338-EYCER","Male",59,"Yes","No",21,1,"DSL",0,2,1,"Occasional",1,54.6,"No",0,"Male",59,"Yes","No",21,1,"DSL",0,2,1,"Occasional",1,54.6,"No",0,43
"4342-HFXWS","Female",20,"Yes","Yes",48,1,"DSL",1,3,1,"Occasional",12,69.7,"No",0,"Female",20,"Yes","Yes",48,1,"DSL",1,3,1,"Occasional",12,69.7,"No",0,45
"4343-EJVQB","Male",56,"No","No",7,1,"Fiber optic",1,2,0,"Occasional",1,74.35,"No",0,"Male",56,"No","No",7,1,"Fiber optic",1,2,0,"Occasional",1,74.35,"No",0,21
"4351-QLCSU","Female",59,"No","No",1,1,"DSL",0,2,1,"Frequent",1,55,"Yes",0,"Female",59,"No","No",1,1,"DSL",0,2,1,"Occasional",1,55,"Yes",0,NA
"4353-HYOJD","Female",33,"Yes","Yes",27,1,"DSL",2,2,0,"Occasional",1,49.85,"No",0,"Female",33,"Yes","Yes",27,1,"DSL",2,2,0,"Occasional",1,49.85,"No",0,43
"4355-CVPVS","Female",40,"No","No",56,1,"Fiber optic",0,2,3,"Occasional",12,88.9,"No",0,"Female",40,"No","No",56,1,"Fiber optic",0,2,3,"Occasional",12,88.9,"No",0,14
"4355-HBJHH","Male",39,"Yes","Yes",67,2,"DSL",1,2,3,"Frequent",24,79.7,"Yes",0,"Male",39,"Yes","Yes",67,2,"DSL",1,2,3,"Frequent",24,79.7,"Yes",0,NA
"4359-INNWN","Female",20,"No","No",17,2,"No",0,1,0,"Occasional",12,20.05,"No",0,"Female",20,"No","No",17,2,"No",0,1,0,"Occasional",12,20.05,"No",0,18
"4360-PNRQB","Male",20,"No","No",18,2,"5G",0,2,0,"Occasional",1,75.6,"No",1,"Male",20,"No","No",18,2,"5G",0,2,0,"Occasional",1,75.6,"No",1,14
"4361-BKAXE","Female",62,"No","No",41,2,"DSL",3,3,3,"Occasional",1,114.5,"Yes",0,"Female",62,"No","No",41,2,"DSL",3,3,3,"Occasional",1,114.5,"Yes",0,NA
"4361-FEBGN","Male",21,"No","No",48,1,"No",0,1,0,"Occasional",24,20.15,"No",0,"Male",21,"No","No",48,1,"No",0,1,0,"Occasional",24,20.15,"No",0,25
"4365-MSDYN","Male",51,"No","No",8,1,"5G",0,1,0,"Occasional",1,19.55,"No",0,"Male",51,"No","No",8,1,"5G",0,1,0,"Occasional",1,19.55,"No",0,18
"4367-NHWMM","Female",55,"No","No",1,0,"DSL",0,2,0,"Occasional",1,24.9,"No",0,"Female",55,"No","No",1,0,"DSL",0,2,0,"Occasional",1,24.9,"No",0,24
"4367-NUYAO","Male",54,"No","No",0,2,"5G",0,1,0,"Occasional",24,25.75,"No",0,"Male",54,"No","No",0,2,"5G",0,1,0,"Occasional",24,25.75,"No",0,28
"4373-MAVJG","Female",34,"Yes","Yes",14,2,"5G",2,2,2,"Frequent",1,90.9,"Yes",0,"Female",34,"Yes","Yes",14,2,"5G",2,2,2,"Frequent",1,90.9,"Yes",0,NA
"4373-VVHQL","Male",54,"No","No",1,1,"5G",0,2,0,"Occasional",1,44.75,"No",0,"Male",54,"No","No",1,1,"5G",0,2,0,"Occasional",1,44.75,"No",0,27
"4374-YMUSQ","Male",38,"No","No",34,2,"5G",3,3,3,"Occasional",12,116.25,"No",1,"Male",38,"No","No",34,2,"5G",3,3,3,"Occasional",12,116.25,"No",1,15
"4376-KFVRS","Male",47,"No","No",72,2,"5G",3,3,3,"Occasional",24,114.05,"No",1,"Male",47,"No","No",72,2,"5G",3,3,3,"Occasional",24,114.05,"No",1,32
"4378-BZYFP","Male",54,"No","No",17,1,"5G",0,1,0,"Occasional",12,20.5,"No",1,"Male",54,"No","No",17,1,"5G",0,1,0,"Occasional",12,20.5,"No",1,11
"4381-MHQDC","Female",63,"No","No",47,2,"5G",1,3,0,"Occasional",24,65,"No",1,"Female",63,"No","No",47,2,"5G",1,3,0,"Occasional",24,65,"No",1,29
"4385-GZQXV","Female",75,"No","No",16,1,"5G",0,3,3,"Occasional",1,94.45,"Yes",1,"Female",75,"No","No",16,1,"5G",0,3,3,"Occasional",1,94.45,"Yes",1,NA
"4390-KYULV","Male",64,"No","No",3,1,"No",0,1,0,"Occasional",1,20.55,"Yes",0,"Male",64,"No","No",3,1,"No",0,1,0,"Occasional",1,20.55,"Yes",0,NA
"4391-RESHN","Male",46,"No","No",23,2,"Fiber optic",0,3,3,"Occasional",1,104.05,"Yes",0,"Male",46,"No","No",23,2,"Fiber optic",0,3,3,"Occasional",1,104.05,"Yes",0,NA
"4393-GEADV","Male",28,"Yes","Yes",70,2,"Fiber optic",3,3,3,"Occasional",24,114.75,"No",0,"Male",28,"Yes","Yes",70,2,"Fiber optic",3,3,3,"Occasional",24,114.75,"No",0,42
"4393-OBCRR","Female",20,"No","No",3,1,"No",0,1,0,"Occasional",12,20.25,"No",0,"Female",20,"No","No",3,1,"No",0,1,0,"Occasional",12,20.25,"No",0,11
"4393-RYCRE","Male",52,"No","No",44,1,"Fiber optic",3,2,3,"Occasional",12,106.05,"No",0,"Male",52,"No","No",44,1,"Fiber optic",3,2,3,"Occasional",12,106.05,"No",0,28
"4395-PZMSN","Male",86,"No","No",5,1,"Fiber optic",2,2,2,"Occasional",1,85.55,"No",0,"Male",86,"No","No",5,1,"Fiber optic",2,2,2,"Occasional",1,85.55,"No",0,35
"4396-KLSEH","Male",22,"No","No",4,1,"No",0,1,0,"Occasional",1,19.85,"No",0,"Male",22,"No","No",4,1,"No",0,1,0,"Occasional",1,19.85,"No",0,20
"4398-HSCJH","Female",33,"No","No",3,2,"DSL",0,3,1,"Occasional",1,63.6,"Yes",0,"Female",33,"No","No",3,2,"DSL",0,3,1,"Occasional",1,63.6,"Yes",0,NA
"4404-HIBDJ","Female",42,"No","No",25,1,"DSL",3,3,1,"Occasional",12,74.3,"Yes",0,"Female",42,"No","No",25,1,"DSL",3,3,1,"Occasional",12,74.3,"Yes",0,NA
"4412-YLTKF","Female",85,"No","No",27,2,"5G",0,2,0,"Frequent",1,78.05,"Yes",1,"Female",85,"No","No",27,2,"5G",0,2,0,"Frequent",1,78.05,"Yes",1,NA
"4415-WNGVR","Female",74,"Yes","No",12,1,"DSL",1,3,3,"Occasional",12,79.2,"No",0,"Female",74,"Yes","No",12,1,"DSL",1,3,3,"Occasional",12,79.2,"No",0,2
"4418-LZMSV","Male",25,"Yes","Yes",13,1,"5G",2,3,0,"Occasional",1,61.8,"No",0,"Male",25,"Yes","Yes",13,1,"5G",2,3,0,"Occasional",1,61.8,"No",0,42
"4419-UJMUS","Male",53,"Yes","Yes",69,2,"Fiber optic",0,3,3,"Occasional",24,99.35,"No",0,"Male",53,"Yes","Yes",69,2,"Fiber optic",0,3,3,"Occasional",24,99.35,"No",0,22
"4422-QVIJA","Female",41,"No","Yes",35,2,"5G",0,2,0,"Occasional",1,50.15,"No",0,"Female",41,"No","Yes",35,2,"5G",0,2,0,"Occasional",1,50.15,"No",0,14
"4423-JWZJN","Male",44,"Yes","Yes",64,2,"Fiber optic",0,2,2,"Occasional",12,90.25,"No",0,"Male",44,"Yes","Yes",64,2,"Fiber optic",0,2,2,"Occasional",12,90.25,"No",0,8
"4423-YLHDV","Female",48,"Yes","No",21,2,"5G",1,2,3,"Frequent",1,104.4,"Yes",0,"Female",48,"Yes","No",21,2,"5G",1,2,3,"Frequent",1,104.4,"Yes",0,NA
"4424-TKOPW","Male",85,"No","No",2,2,"Fiber optic",0,2,3,"Frequent",1,93.85,"Yes",0,"Male",85,"No","No",2,2,"Fiber optic",0,2,3,"Frequent",1,93.85,"Yes",0,NA
"4431-EDMIQ","Female",59,"Yes","Yes",7,1,"5G",3,3,1,"Occasional",1,75.7,"No",1,"Female",59,"Yes","Yes",7,1,"5G",3,3,1,"Occasional",1,75.7,"No",1,32
"4439-JMPMT","Female",21,"Yes","Yes",5,1,"Fiber optic",0,3,1,"Occasional",1,85.75,"Yes",0,"Female",21,"Yes","Yes",5,1,"Fiber optic",0,3,1,"Occasional",1,85.75,"Yes",0,NA
"4439-YRNVD","Female",52,"No","No",10,0,"DSL",2,3,0,"Occasional",1,36.25,"No",0,"Female",52,"No","No",10,0,"DSL",2,3,0,"Occasional",1,36.25,"No",0,6
"4443-EMBNA","Female",55,"No","No",71,2,"DSL",0,1,0,"Frequent",24,24.75,"No",1,"Female",55,"No","No",71,2,"DSL",0,1,0,"Occasional",24,24.75,"No",1,65
"4445-KWOKW","Female",53,"No","No",42,2,"5G",3,2,0,"Occasional",12,60.15,"No",0,"Female",53,"No","No",42,2,"5G",3,2,0,"Occasional",12,60.15,"No",0,35
"4445-ZJNMU","Male",39,"No","No",9,2,"5G",2,2,3,"Occasional",1,99.3,"No",1,"Male",39,"No","No",9,2,"5G",2,2,3,"Occasional",1,99.3,"No",1,61
"4446-BZKHU","Male",39,"Yes","No",61,1,"No",2,2,3,"Frequent",1,105.55,"Yes",0,"Male",39,"Yes","No",61,1,"No",2,2,3,"Frequent",1,105.55,"Yes",0,NA
"4450-YOOHP","Female",45,"No","No",39,0,"DSL",0,2,3,"Occasional",1,50.65,"No",0,"Female",45,"No","No",39,0,"DSL",0,2,3,"Occasional",1,50.65,"No",0,24
"4451-RWASJ","Male",61,"No","No",15,1,"No",0,1,0,"Occasional",12,19.5,"No",0,"Male",61,"No","No",15,1,"No",0,1,0,"Occasional",12,19.5,"No",0,26
"4452-ROHMO","Female",35,"No","No",15,1,"DSL",0,1,0,"Occasional",24,19.6,"No",0,"Female",35,"No","No",15,1,"DSL",0,1,0,"Occasional",24,19.6,"No",0,16
"4456-RHSNB","Female",53,"Yes","Yes",19,1,"DSL",0,2,0,"Occasional",1,49.6,"No",0,"Female",53,"Yes","Yes",19,1,"DSL",0,2,0,"Occasional",1,49.6,"No",0,44
"4458-KVRBJ","Male",19,"No","No",59,2,"No",0,1,0,"Occasional",24,25,"No",0,"Male",19,"No","No",59,2,"No",0,1,0,"Occasional",24,25,"No",0,24
"4459-BBGHE","Male",56,"No","Yes",30,0,"DSL",0,2,3,"Occasional",1,44.5,"No",0,"Male",56,"No","Yes",30,0,"DSL",0,2,3,"Occasional",1,44.5,"No",0,35
"4464-JCOLN","Male",19,"Yes","Yes",2,1,"5G",0,1,0,"Occasional",12,19.85,"Yes",1,"Male",19,"Yes","Yes",2,1,"5G",0,1,0,"Occasional",12,19.85,"Yes",1,NA
"4468-KAZHE","Female",90,"Yes","No",20,1,"5G",2,2,2,"Occasional",1,60,"No",0,"Female",90,"Yes","No",20,1,"5G",2,2,2,"Occasional",1,60,"No",0,27
"4468-YDOVK","Male",23,"No","Yes",5,1,"DSL",0,3,0,"Occasional",1,48.65,"No",0,"Male",23,"No","Yes",5,1,"DSL",0,3,0,"Occasional",1,48.65,"No",0,17
"4472-LVYGI","Female",28,"Yes","Yes",0,0,"DSL",1,3,1,"Occasional",24,52.55,"No",1,"Female",28,"Yes","Yes",0,0,"DSL",1,3,1,"Occasional",24,52.55,"No",1,11
"4472-VESGY","Female",62,"Yes","Yes",52,2,"5G",3,2,2,"Occasional",1,98.15,"No",0,"Female",62,"Yes","Yes",52,2,"5G",3,2,2,"Occasional",1,98.15,"No",0,7
"4475-NVTLU","Male",49,"No","No",45,1,"No",0,1,0,"Occasional",24,19.2,"No",0,"Male",49,"No","No",45,1,"No",0,1,0,"Occasional",24,19.2,"No",0,24
"4476-OSWTN","Male",89,"Yes","No",69,2,"Fiber optic",1,3,3,"Occasional",12,110.55,"No",0,"Male",89,"Yes","No",69,2,"Fiber optic",1,3,3,"Occasional",12,110.55,"No",0,25
"4480-MBMLB","Female",41,"No","No",36,2,"Fiber optic",2,2,3,"Occasional",12,104.8,"No",0,"Female",41,"No","No",36,2,"Fiber optic",2,2,3,"Occasional",12,104.8,"No",0,32
"4482-EWFMI","Female",31,"No","No",2,1,"5G",0,2,0,"Occasional",1,69.7,"No",1,"Female",31,"No","No",2,1,"5G",0,2,0,"Occasional",1,69.7,"No",1,45
"4482-FTFFX","Male",45,"No","No",5,1,"DSL",0,3,0,"Occasional",1,56.15,"No",0,"Male",45,"No","No",5,1,"DSL",0,3,0,"Occasional",1,56.15,"No",0,14
"4484-CGXFK","Female",22,"No","No",3,1,"No",0,2,2,"Frequent",1,55.3,"Yes",0,"Female",22,"No","No",3,1,"No",0,2,2,"Frequent",1,55.3,"Yes",0,NA
"4484-GLZOU","Female",57,"Yes","No",52,2,"5G",2,2,3,"Occasional",1,105.05,"Yes",1,"Female",57,"Yes","No",52,2,"5G",2,2,3,"Frequent",1,105.05,"Yes",1,NA
"4486-EFAEB","Male",43,"No","No",13,1,"No",0,1,0,"Occasional",1,20.4,"No",0,"Male",43,"No","No",13,1,"No",0,1,0,"Occasional",1,20.4,"No",0,39
"4488-KQFDT","Female",56,"No","No",61,2,"Fiber optic",2,2,3,"Occasional",12,103.95,"No",0,"Female",56,"No","No",61,2,"Fiber optic",2,2,3,"Occasional",12,103.95,"No",0,23
"4488-PSYCG","Male",60,"No","No",16,1,"No",0,1,0,"Occasional",1,20.25,"Yes",0,"Male",60,"No","No",16,1,"No",0,1,0,"Occasional",1,20.25,"Yes",0,NA
"4489-SNOJF","Female",23,"Yes","Yes",35,2,"DSL",1,3,1,"Occasional",1,72.25,"Yes",0,"Female",23,"Yes","Yes",35,2,"DSL",1,3,1,"Occasional",1,72.25,"Yes",0,NA
"4495-LHSSK","Female",63,"No","Yes",18,2,"DSL",1,2,0,"Occasional",1,57.65,"No",0,"Female",63,"No","Yes",18,2,"DSL",1,2,0,"Occasional",1,57.65,"No",0,35
"4501-EQDRN","Female",50,"No","No",1,1,"Fiber optic",0,2,0,"Frequent",1,69.7,"Yes",0,"Female",50,"No","No",1,1,"Fiber optic",0,2,0,"Occasional",1,69.7,"Yes",0,NA
"4501-UYKBC","Female",72,"No","No",46,2,"DSL",0,3,2,"Occasional",12,69.1,"No",0,"Female",72,"No","No",46,2,"DSL",0,3,2,"Occasional",12,69.1,"No",0,10
"4501-VCPFK","Male",22,"No","No",26,0,"DSL",0,3,0,"Occasional",1,35.75,"No",0,"Male",22,"No","No",26,0,"DSL",0,3,0,"Occasional",1,35.75,"No",0,27
"4504-YOULA","Female",59,"Yes","Yes",35,1,"No",3,2,0,"Occasional",1,59.45,"No",0,"Female",59,"Yes","Yes",35,1,"No",3,2,0,"Occasional",1,59.45,"No",0,10
"4505-EXZHB","Female",85,"No","No",6,1,"Fiber optic",0,2,0,"Frequent",1,74.4,"Yes",0,"Female",85,"No","No",6,1,"Fiber optic",0,2,0,"Frequent",1,74.4,"Yes",0,NA
"4508-OEBEY","Male",42,"Yes","No",31,1,"DSL",3,3,2,"Occasional",12,75.5,"No",0,"Male",42,"Yes","No",31,1,"DSL",3,3,2,"Occasional",12,75.5,"No",0,29
"4510-PYUSH","Female",66,"No","No",38,1,"5G",3,2,0,"Frequent",1,57.15,"Yes",0,"Female",66,"No","No",38,1,"5G",3,2,0,"Frequent",1,57.15,"Yes",0,NA
"4512-ZUIYL","Female",59,"No","No",2,1,"Fiber optic",0,2,0,"Frequent",1,70,"Yes",0,"Female",59,"No","No",2,1,"Fiber optic",0,2,0,"Frequent",1,70,"Yes",0,NA
"4513-CXYIX","Female",76,"Yes","No",71,2,"5G",1,2,0,"Occasional",24,80.7,"No",1,"Female",76,"Yes","No",71,2,"5G",1,2,0,"Occasional",24,80.7,"No",1,19
"4514-GFCFI","Female",78,"No","No",16,2,"5G",0,2,1,"Frequent",1,84.75,"Yes",0,"Female",78,"No","No",16,2,"5G",0,2,1,"Frequent",1,84.75,"Yes",0,NA
"4521-WFJAI","Male",63,"No","No",56,2,"No",0,1,0,"Occasional",24,25.95,"No",0,"Male",63,"No","No",56,2,"No",0,1,0,"Occasional",24,25.95,"No",0,37
"4521-YEEHE","Female",40,"Yes","No",18,2,"Fiber optic",0,3,1,"Occasional",1,88.85,"No",0,"Female",40,"Yes","No",18,2,"Fiber optic",0,3,1,"Occasional",1,88.85,"No",0,13
"4522-AKYLR","Female",79,"No","No",13,1,"5G",2,2,0,"Occasional",1,54.8,"No",1,"Female",79,"No","No",13,1,"5G",2,2,0,"Occasional",1,54.8,"No",1,51
"4526-EXKKN","Male",41,"No","No",40,1,"No",0,1,0,"Occasional",24,24.6,"No",0,"Male",41,"No","No",40,1,"No",0,1,0,"Occasional",24,24.6,"No",0,35
"4526-RMTLL","Male",45,"Yes","Yes",8,2,"DSL",3,3,2,"Occasional",24,76.15,"No",0,"Male",45,"Yes","Yes",8,2,"DSL",3,3,2,"Occasional",24,76.15,"No",0,18
"4529-CKBCL","Female",51,"No","No",2,1,"5G",0,2,1,"Frequent",1,80.2,"Yes",0,"Female",51,"No","No",2,1,"5G",0,2,1,"Frequent",1,80.2,"Yes",0,NA
"4530-NDRKU","Female",20,"Yes","Yes",42,1,"No",0,1,0,"Occasional",12,19.05,"No",0,"Female",20,"Yes","Yes",42,1,"No",0,1,0,"Occasional",12,19.05,"No",0,42
"4531-AUZNK","Female",55,"Yes","Yes",51,1,"DSL",1,3,1,"Occasional",12,95.15,"No",0,"Female",55,"Yes","Yes",51,1,"DSL",1,3,1,"Occasional",12,95.15,"No",0,42
"4536-PLEQY","Male",33,"Yes","No",12,1,"No",2,2,2,"Occasional",1,85.05,"No",0,"Male",33,"Yes","No",12,1,"No",2,2,2,"Occasional",1,85.05,"No",0,2
"4537-DKTAL","Female",52,"No","No",2,1,"DSL",0,2,0,"Occasional",1,45.55,"No",0,"Female",52,"No","No",2,1,"DSL",0,2,0,"Occasional",1,45.55,"No",0,38
"4538-WNTMJ","Female",20,"Yes","Yes",46,2,"5G",0,1,0,"Occasional",12,24.95,"No",0,"Female",20,"Yes","Yes",46,2,"5G",0,1,0,"Occasional",12,24.95,"No",0,26
"4541-RMRLG","Male",58,"No","No",7,1,"5G",0,1,0,"Occasional",1,19.25,"Yes",1,"Male",58,"No","No",7,1,"5G",0,1,0,"Occasional",1,19.25,"Yes",1,NA
"4544-RXFMG","Male",39,"Yes","Yes",8,1,"DSL",0,2,0,"Occasional",12,43.45,"No",0,"Male",39,"Yes","Yes",8,1,"DSL",0,2,0,"Occasional",12,43.45,"No",0,3
"4546-FOKWR","Female",42,"No","No",16,2,"5G",0,2,0,"Occasional",1,74.75,"No",0,"Female",42,"No","No",16,2,"5G",0,2,0,"Occasional",1,74.75,"No",0,18
"4547-FZJWE","Male",60,"Yes","Yes",55,1,"5G",1,2,2,"Occasional",12,59.45,"No",0,"Male",60,"Yes","Yes",55,1,"5G",1,2,2,"Occasional",12,59.45,"No",0,12
"4549-ZDQYY","Female",36,"No","No",52,1,"5G",1,3,0,"Occasional",12,57.95,"No",1,"Female",36,"No","No",52,1,"5G",1,3,0,"Occasional",12,57.95,"No",1,54
"4550-EVXNY","Female",54,"No","Yes",1,1,"Fiber optic",0,2,0,"Frequent",1,69.65,"Yes",0,"Female",54,"No","Yes",1,1,"Fiber optic",0,2,0,"Frequent",1,69.65,"Yes",0,NA
"4550-VBOFE","Male",71,"Yes","No",70,1,"No",2,2,3,"Frequent",1,102.95,"Yes",0,"Male",71,"Yes","No",70,1,"No",2,2,3,"Frequent",1,102.95,"Yes",0,NA
"4553-DVPZG","Female",45,"Yes","No",62,2,"Fiber optic",0,2,3,"Occasional",1,101.35,"No",0,"Female",45,"Yes","No",62,2,"Fiber optic",0,2,3,"Occasional",1,101.35,"No",0,0
"4554-YGZIH","Male",90,"Yes","No",49,2,"5G",2,2,2,"Occasional",1,90.05,"Yes",1,"Male",90,"Yes","No",49,2,"5G",2,2,2,"Frequent",1,90.05,"Yes",1,NA
"4558-CGYCZ","Male",57,"No","No",4,1,"No",0,1,0,"Occasional",1,19.75,"No",0,"Male",57,"No","No",4,1,"No",0,1,0,"Occasional",1,19.75,"No",0,27
"4558-FANTW","Female",32,"Yes","Yes",17,1,"Fiber optic",1,3,1,"Occasional",1,91.85,"Yes",0,"Female",32,"Yes","Yes",17,1,"Fiber optic",1,3,1,"Occasional",1,91.85,"Yes",0,NA
"4559-UWIHT","Male",51,"Yes","No",14,2,"5G",2,2,0,"Occasional",1,82.65,"No",0,"Male",51,"Yes","No",14,2,"5G",2,2,0,"Occasional",1,82.65,"No",0,38
"4566-GOLUK","Male",52,"No","No",47,2,"5G",0,3,3,"Occasional",1,107.35,"Yes",0,"Male",52,"No","No",47,2,"5G",0,3,3,"Occasional",1,107.35,"Yes",0,NA
"4566-NECEV","Male",42,"No","No",5,2,"Fiber optic",2,2,2,"Occasional",1,96.55,"No",0,"Male",42,"No","No",5,2,"Fiber optic",2,2,2,"Occasional",1,96.55,"No",0,36
"4568-KNYWR","Male",25,"No","No",52,1,"5G",3,2,1,"Occasional",24,63.25,"No",1,"Male",25,"No","No",52,1,"5G",3,2,1,"Occasional",24,63.25,"No",1,34
"4568-TTZRT","Male",41,"No","No",9,1,"No",0,1,0,"Occasional",1,20.4,"No",0,"Male",41,"No","No",9,1,"No",0,1,0,"Occasional",1,20.4,"No",0,37
"4570-QHXHL","Female",47,"No","No",9,1,"DSL",0,2,0,"Occasional",1,43.75,"No",0,"Female",47,"No","No",9,1,"DSL",0,2,0,"Occasional",1,43.75,"No",0,32
"4572-DVCGN","Female",63,"No","No",10,1,"5G",0,2,2,"Occasional",1,80.25,"Yes",1,"Female",63,"No","No",10,1,"5G",0,2,2,"Frequent",1,80.25,"Yes",1,NA
"4576-CSAJH","Male",62,"No","No",22,1,"DSL",2,3,0,"Occasional",12,55.15,"Yes",0,"Male",62,"No","No",22,1,"DSL",2,3,0,"Occasional",12,55.15,"Yes",0,NA
"4580-TMHJU","Female",56,"Yes","Yes",43,1,"5G",0,2,1,"Occasional",1,56.15,"Yes",1,"Female",56,"Yes","Yes",43,1,"5G",0,2,1,"Frequent",1,56.15,"Yes",1,NA
"4581-SSPWD","Female",49,"No","No",3,2,"Fiber optic",0,2,0,"Frequent",1,75.8,"Yes",0,"Female",49,"No","No",3,2,"Fiber optic",0,2,0,"Frequent",1,75.8,"Yes",0,NA
"4584-LBNMK","Male",21,"Yes","No",45,2,"No",0,1,0,"Occasional",12,24.7,"No",0,"Male",21,"Yes","No",45,2,"No",0,1,0,"Occasional",12,24.7,"No",0,28
"4585-HETAI","Female",40,"Yes","Yes",4,1,"No",0,2,0,"Frequent",1,73.75,"Yes",0,"Female",40,"Yes","Yes",4,1,"No",0,2,0,"Frequent",1,73.75,"Yes",0,NA
"4587-NUKOX","Female",30,"No","No",3,1,"DSL",3,2,0,"Frequent",1,79.1,"Yes",0,"Female",30,"No","No",3,1,"DSL",3,2,0,"Frequent",1,79.1,"Yes",0,NA
"4589-IUAJB","Male",22,"Yes","No",70,2,"No",0,1,0,"Occasional",24,24.25,"No",0,"Male",22,"Yes","No",70,2,"No",0,1,0,"Occasional",24,24.25,"No",0,15
"4597-ELFTS","Male",21,"No","No",56,2,"No",0,1,0,"Occasional",12,24.9,"Yes",0,"Male",21,"No","No",56,2,"No",0,1,0,"Occasional",12,24.9,"Yes",0,NA
"4598-XLKNJ","Female",68,"Yes","No",25,1,"5G",2,2,3,"Frequent",1,98.5,"Yes",1,"Female",68,"Yes","No",25,1,"5G",2,2,3,"Frequent",1,98.5,"Yes",1,NA
"4598-ZADCK","Female",46,"No","No",53,0,"5G",3,3,1,"Occasional",12,53.6,"No",0,"Female",46,"No","No",53,0,"5G",3,3,1,"Occasional",12,53.6,"No",0,31
"4603-JANFB","Male",40,"No","No",1,1,"Fiber optic",0,2,0,"Frequent",1,69.85,"Yes",0,"Male",40,"No","No",1,1,"Fiber optic",0,2,0,"Frequent",1,69.85,"Yes",0,NA
"4608-LCIMN","Male",30,"Yes","Yes",8,1,"DSL",0,2,0,"Occasional",1,44.65,"No",0,"Male",30,"Yes","Yes",8,1,"DSL",0,2,0,"Occasional",1,44.65,"No",0,12
"4609-KNNWG","Female",40,"No","No",27,1,"No",0,1,0,"Occasional",24,19.9,"No",0,"Female",40,"No","No",27,1,"No",0,1,0,"Occasional",24,19.9,"No",0,42
"4611-ANLQC","Female",51,"Yes","No",60,1,"No",3,2,2,"Occasional",12,50.05,"No",0,"Female",51,"Yes","No",60,1,"No",3,2,2,"Occasional",12,50.05,"No",0,42
"4612-SSVHJ","Female",75,"No","No",20,1,"5G",0,2,2,"Occasional",1,81.45,"No",1,"Female",75,"No","No",20,1,"5G",0,2,2,"Occasional",1,81.45,"No",1,15
"4614-NUVZD","Female",29,"No","No",1,1,"Fiber optic",0,2,2,"Frequent",1,81.1,"Yes",0,"Female",29,"No","No",1,1,"Fiber optic",0,2,2,"Frequent",1,81.1,"Yes",0,NA
"4615-PIVVU","Female",48,"No","No",42,1,"DSL",0,3,2,"Occasional",24,66.5,"No",0,"Female",48,"No","No",42,1,"DSL",0,3,2,"Occasional",24,66.5,"No",0,36
"4616-EWBNJ","Female",64,"No","No",16,1,"No",0,1,0,"Occasional",12,20.1,"No",0,"Female",64,"No","No",16,1,"No",0,1,0,"Occasional",12,20.1,"No",0,34
"4616-ULAOA","Female",30,"Yes","Yes",65,2,"Fiber optic",2,3,3,"Occasional",24,110.8,"No",0,"Female",30,"Yes","Yes",65,2,"Fiber optic",2,3,3,"Occasional",24,110.8,"No",0,43
"4619-EVPHY","Female",81,"Yes","No",20,1,"Fiber optic",0,2,3,"Occasional",12,91,"No",0,"Female",81,"Yes","No",20,1,"Fiber optic",0,2,3,"Occasional",12,91,"No",0,21
"4622-YNKIJ","Male",25,"No","No",33,1,"5G",1,3,1,"Occasional",24,88.95,"No",1,"Male",25,"No","No",33,1,"5G",1,3,1,"Occasional",24,88.95,"No",1,45
"4623-ZKHLY","Male",65,"No","No",22,1,"5G",0,1,0,"Occasional",1,20.45,"No",0,"Male",65,"No","No",22,1,"5G",0,1,0,"Occasional",1,20.45,"No",0,37
"4625-LAMOB","Male",48,"No","No",44,1,"5G",0,1,0,"Occasional",24,20.4,"No",1,"Male",48,"No","No",44,1,"5G",0,1,0,"Occasional",24,20.4,"No",1,4
"4626-OZDTJ","Female",37,"Yes","No",51,2,"DSL",2,3,3,"Occasional",12,78.65,"No",0,"Female",37,"Yes","No",51,2,"DSL",2,3,3,"Occasional",12,78.65,"No",0,30
"4628-CTTLA","Male",60,"No","No",57,0,"DSL",2,2,1,"Frequent",1,39.3,"Yes",0,"Male",60,"No","No",57,0,"DSL",2,2,1,"Frequent",1,39.3,"Yes",0,NA
"4628-WQCQQ","Male",22,"No","Yes",35,1,"Fiber optic",0,2,1,"Frequent",12,85.15,"Yes",0,"Male",22,"No","Yes",35,1,"Fiber optic",0,2,1,"Frequent",12,85.15,"Yes",0,NA
"4629-NRXKX","Female",25,"Yes","Yes",2,1,"5G",0,2,0,"Frequent",1,70.4,"Yes",1,"Female",25,"Yes","Yes",2,1,"5G",0,2,0,"Frequent",1,70.4,"Yes",1,NA
"4631-OACRM","Male",73,"No","No",15,1,"Fiber optic",0,2,2,"Frequent",1,79.4,"Yes",0,"Male",73,"No","No",15,1,"Fiber optic",0,2,2,"Frequent",1,79.4,"Yes",0,NA
"4632-PAOYU","Male",51,"No","No",22,1,"No",0,1,0,"Occasional",12,19.95,"No",0,"Male",51,"No","No",22,1,"No",0,1,0,"Occasional",12,19.95,"No",0,20
"4632-XJMEX","Male",25,"No","Yes",53,1,"DSL",3,3,0,"Occasional",12,62.85,"No",0,"Male",25,"No","Yes",53,1,"DSL",3,3,0,"Occasional",12,62.85,"No",0,36
"4634-JLRJT","Female",48,"No","No",1,1,"No",0,1,0,"Occasional",1,20.35,"No",0,"Female",48,"No","No",1,1,"No",0,1,0,"Occasional",1,20.35,"No",0,12
"4635-EJYPD","Male",62,"No","No",32,1,"No",0,1,0,"Occasional",24,18.95,"No",0,"Male",62,"No","No",32,1,"No",0,1,0,"Occasional",24,18.95,"No",0,0
"4636-JGAAI","Male",26,"Yes","No",34,2,"Fiber optic",2,2,2,"Occasional",1,88.85,"No",0,"Male",26,"Yes","No",34,2,"Fiber optic",2,2,2,"Occasional",1,88.85,"No",0,24
"4636-OLWOE","Male",28,"No","Yes",54,1,"DSL",2,3,0,"Occasional",12,61,"No",0,"Male",28,"No","Yes",54,1,"DSL",2,3,0,"Occasional",12,61,"No",0,22
"4636-QRJKY","Female",31,"Yes","Yes",6,2,"5G",0,3,0,"Occasional",1,80.5,"Yes",1,"Female",31,"Yes","Yes",6,2,"5G",0,3,0,"Occasional",1,80.5,"Yes",1,NA
"4636-TVXVG","Male",22,"Yes","Yes",62,1,"No",0,1,0,"Occasional",12,19.95,"No",0,"Male",22,"Yes","Yes",62,1,"No",0,1,0,"Occasional",12,19.95,"No",0,29
"4640-UHDOS","Female",21,"Yes","Yes",13,1,"DSL",0,2,2,"Frequent",1,55.95,"Yes",1,"Female",21,"Yes","Yes",13,1,"DSL",0,2,2,"Frequent",1,55.95,"Yes",1,NA
"4644-OBGFZ","Male",20,"Yes","Yes",55,1,"No",0,1,0,"Occasional",12,19.5,"No",0,"Male",20,"Yes","Yes",55,1,"No",0,1,0,"Occasional",12,19.5,"No",0,20
"4644-PIZRT","Male",43,"Yes","Yes",17,1,"No",1,2,1,"Occasional",12,70.35,"No",0,"Male",43,"Yes","Yes",17,1,"No",1,2,1,"Occasional",12,70.35,"No",0,41
"4648-YPBTM","Male",34,"No","No",53,2,"5G",2,3,2,"Occasional",24,73.9,"No",1,"Male",34,"No","No",53,2,"5G",2,3,2,"Occasional",24,73.9,"No",1,61
"4652-ODEVH","Male",20,"Yes","Yes",45,2,"5G",0,1,0,"Occasional",24,24.45,"No",0,"Male",20,"Yes","Yes",45,2,"5G",0,1,0,"Occasional",24,24.45,"No",0,11
"4654-DLAMQ","Female",88,"Yes","No",64,1,"5G",3,2,2,"Occasional",12,97,"No",1,"Female",88,"Yes","No",64,1,"5G",3,2,2,"Occasional",12,97,"No",1,37
"4654-GGUII","Female",60,"No","No",18,0,"DSL",3,3,0,"Occasional",12,40.2,"No",0,"Female",60,"No","No",18,0,"DSL",3,3,0,"Occasional",12,40.2,"No",0,15
"4657-FWVFY","Female",60,"No","No",40,2,"Fiber optic",2,2,1,"Occasional",1,96.35,"No",0,"Female",60,"No","No",40,2,"Fiber optic",2,2,1,"Occasional",1,96.35,"No",0,0
"4658-HCOHW","Female",63,"Yes","Yes",21,1,"Fiber optic",2,3,3,"Occasional",1,102.8,"Yes",0,"Female",63,"Yes","Yes",21,1,"Fiber optic",2,3,3,"Occasional",1,102.8,"Yes",0,NA
"4659-NZRUF","Female",57,"No","No",19,1,"No",3,2,2,"Frequent",1,95.15,"Yes",0,"Female",57,"No","No",19,1,"No",3,2,2,"Frequent",1,95.15,"Yes",0,NA
"4660-IRIBM","Male",21,"Yes","Yes",18,1,"5G",1,2,1,"Occasional",1,87.9,"No",0,"Male",21,"Yes","Yes",18,1,"5G",1,2,1,"Occasional",1,87.9,"No",0,19
"4661-NJEUX","Male",22,"No","No",1,1,"5G",0,1,0,"Occasional",1,20.05,"No",1,"Male",22,"No","No",1,1,"5G",0,1,0,"Occasional",1,20.05,"No",1,13
"4662-EKDPQ","Male",38,"No","No",2,2,"DSL",0,2,2,"Frequent",1,62.05,"Yes",0,"Male",38,"No","No",2,2,"DSL",0,2,2,"Occasional",1,62.05,"Yes",0,NA
"4664-NJCMS","Female",41,"Yes","No",33,0,"DSL",1,3,3,"Occasional",24,59.55,"No",0,"Female",41,"Yes","No",33,0,"DSL",1,3,3,"Occasional",24,59.55,"No",0,18
"4667-QONEA","Female",82,"Yes","Yes",60,1,"5G",3,3,2,"Occasional",12,74.85,"No",1,"Female",82,"Yes","Yes",60,1,"5G",3,3,2,"Occasional",12,74.85,"No",1,70
"4670-TABXH","Male",64,"Yes","No",72,2,"Fiber optic",2,3,3,"Occasional",24,109.75,"No",0,"Male",64,"Yes","No",72,2,"Fiber optic",2,3,3,"Occasional",24,109.75,"No",0,14
"4671-LXRDQ","Male",20,"No","No",2,1,"DSL",0,2,0,"Frequent",1,45,"Yes",0,"Male",20,"No","No",2,1,"DSL",0,2,0,"Frequent",1,45,"Yes",0,NA
"4671-VJLCL","Female",52,"No","No",63,2,"5G",3,3,1,"Occasional",24,79.85,"No",1,"Female",52,"No","No",63,2,"5G",3,3,1,"Occasional",24,79.85,"No",1,60
"4672-FOTSD","Male",54,"No","No",12,2,"5G",3,3,0,"Occasional",1,67.25,"No",0,"Male",54,"No","No",12,2,"5G",3,3,0,"Occasional",1,67.25,"No",0,28
"4676-MQUEA","Male",84,"Yes","No",50,2,"DSL",3,2,1,"Occasional",12,101.9,"No",1,"Male",84,"Yes","No",50,2,"DSL",3,2,1,"Occasional",12,101.9,"No",1,25
"4678-DVQEO","Female",21,"No","No",1,1,"5G",0,3,0,"Occasional",1,52.2,"Yes",1,"Female",21,"No","No",1,1,"5G",0,3,0,"Occasional",1,52.2,"Yes",1,NA
"4685-ERGHK","Male",47,"No","No",57,2,"Fiber optic",0,2,1,"Occasional",12,86.9,"No",0,"Male",47,"No","No",57,2,"Fiber optic",0,2,1,"Occasional",12,86.9,"No",0,4
"4686-GEFRM","Male",48,"Yes","No",70,2,"DSL",2,3,2,"Occasional",24,98.7,"No",1,"Male",48,"Yes","No",70,2,"DSL",2,3,2,"Occasional",24,98.7,"No",1,45
"4690-LLKUA","Male",85,"No","No",17,1,"5G",0,2,0,"Frequent",1,45.05,"Yes",0,"Male",85,"No","No",17,1,"5G",0,2,0,"Frequent",1,45.05,"Yes",0,NA
"4690-PKDQG","Female",69,"Yes","No",42,2,"Fiber optic",2,2,1,"Occasional",1,95.55,"No",0,"Female",69,"Yes","No",42,2,"Fiber optic",2,2,1,"Occasional",1,95.55,"No",0,45
"4694-PHWFW","Female",40,"No","No",8,1,"5G",0,1,0,"Occasional",1,19.95,"No",1,"Female",40,"No","No",8,1,"5G",0,1,0,"Occasional",1,19.95,"No",1,12
"4695-VADHF","Male",49,"Yes","Yes",18,1,"5G",0,2,2,"Occasional",1,57.45,"Yes",0,"Male",49,"Yes","Yes",18,1,"5G",0,2,2,"Frequent",1,57.45,"Yes",0,55
"4695-WJZUE","Female",73,"No","No",2,2,"5G",0,2,2,"Frequent",1,88.55,"Yes",0,"Female",73,"No","No",2,2,"5G",0,2,2,"Frequent",1,88.55,"Yes",0,NA
"4697-LUPSU","Male",38,"No","No",2,1,"5G",0,1,0,"Occasional",12,20.2,"No",1,"Male",38,"No","No",2,1,"5G",0,1,0,"Occasional",12,20.2,"No",1,9
"4700-UBQMV","Male",32,"Yes","Yes",21,2,"DSL",1,2,3,"Occasional",12,75.9,"No",0,"Male",32,"Yes","Yes",21,2,"DSL",1,2,3,"Occasional",12,75.9,"No",0,37
"4701-LKOZD","Female",61,"No","No",70,2,"DSL",3,3,3,"Occasional",24,89.75,"No",0,"Female",61,"No","No",70,2,"DSL",3,3,3,"Occasional",24,89.75,"No",0,24
"4702-IOQDC","Female",56,"No","No",1,1,"Fiber optic",0,2,0,"Frequent",1,70.1,"Yes",0,"Female",56,"No","No",1,1,"Fiber optic",0,2,0,"Frequent",1,70.1,"Yes",0,NA
"4703-MQYKT","Male",20,"No","No",21,1,"DSL",0,1,0,"Occasional",24,19.6,"No",0,"Male",20,"No","No",21,1,"DSL",0,1,0,"Occasional",24,19.6,"No",0,22
"4704-ERYFC","Female",32,"Yes","No",22,1,"5G",0,2,0,"Frequent",1,69.25,"Yes",0,"Female",32,"Yes","No",22,1,"5G",0,2,0,"Frequent",1,69.25,"Yes",0,NA
"4706-DGAHW","Male",74,"No","No",1,1,"5G",0,2,0,"Occasional",1,45.2,"No",0,"Male",74,"No","No",1,1,"5G",0,2,0,"Occasional",1,45.2,"No",0,33
"4707-MAXGU","Male",35,"No","No",72,2,"No",0,1,0,"Occasional",24,25.85,"No",0,"Male",35,"No","No",72,2,"No",0,1,0,"Occasional",24,25.85,"No",0,33
"4707-YNOQA","Female",21,"Yes","Yes",34,2,"No",0,1,0,"Occasional",12,25.6,"No",0,"Female",21,"Yes","Yes",34,2,"No",0,1,0,"Occasional",12,25.6,"No",0,24
"4709-LKHYG","Female",59,"No","No",29,1,"5G",0,1,0,"Frequent",12,20,"No",1,"Female",59,"No","No",29,1,"5G",0,1,0,"Occasional",12,20,"No",1,59
"4710-FDUIZ","Male",22,"Yes","No",56,2,"5G",2,2,3,"Occasional",12,100.3,"Yes",1,"Male",22,"Yes","No",56,2,"5G",2,2,3,"Frequent",12,100.3,"Yes",1,NA
"4710-NKCAW","Male",35,"Yes","Yes",5,2,"DSL",3,3,0,"Occasional",1,64.4,"No",0,"Male",35,"Yes","Yes",5,2,"DSL",3,3,0,"Occasional",1,64.4,"No",0,33
"4712-AUQZO","Male",44,"No","No",18,0,"DSL",1,2,0,"Occasional",1,33.6,"No",0,"Male",44,"No","No",18,0,"DSL",1,2,0,"Occasional",1,33.6,"No",0,17
"4713-ZBURT","Male",39,"No","No",45,2,"5G",0,2,3,"Occasional",24,99.7,"No",1,"Male",39,"No","No",45,2,"5G",0,2,3,"Occasional",24,99.7,"No",1,1
"4716-HHKQH","Male",90,"Yes","No",20,2,"5G",2,3,3,"Occasional",1,107.05,"No",1,"Male",90,"Yes","No",20,2,"5G",2,3,3,"Occasional",1,107.05,"No",1,64
"4716-MRVEN","Female",42,"No","No",29,1,"No",0,1,0,"Occasional",12,20,"No",0,"Female",42,"No","No",29,1,"No",0,1,0,"Occasional",12,20,"No",0,7
"4717-GHADL","Female",51,"No","No",50,1,"No",2,3,3,"Occasional",24,79.6,"No",0,"Female",51,"No","No",50,1,"No",2,3,3,"Occasional",24,79.6,"No",0,29
"4718-DHSMV","Female",21,"No","No",11,0,"5G",0,2,1,"Occasional",1,35.8,"No",1,"Female",21,"No","No",11,0,"5G",0,2,1,"Occasional",1,35.8,"No",1,42
"4718-WXBGI","Male",62,"Yes","Yes",72,2,"DSL",3,3,3,"Occasional",24,91.95,"No",0,"Male",62,"Yes","Yes",72,2,"DSL",3,3,3,"Occasional",24,91.95,"No",0,26
"4719-UMSIY","Male",49,"No","No",6,1,"5G",0,1,0,"Occasional",1,19.65,"No",1,"Male",49,"No","No",6,1,"5G",0,1,0,"Occasional",1,19.65,"No",1,35
"4723-BEGSG","Male",62,"Yes","No",72,2,"5G",1,3,3,"Occasional",24,86.65,"No",1,"Male",62,"Yes","No",72,2,"5G",1,3,3,"Occasional",24,86.65,"No",1,43
"4724-WXVWF","Male",47,"No","No",48,2,"Fiber optic",1,3,2,"Occasional",1,95.4,"No",0,"Male",47,"No","No",48,2,"Fiber optic",1,3,2,"Occasional",1,95.4,"No",0,29
"4726-DLWQN","Male",82,"No","No",50,2,"DSL",3,2,1,"Occasional",1,70.35,"No",0,"Male",82,"No","No",50,2,"DSL",3,2,1,"Occasional",1,70.35,"No",0,34
"4729-XKASR","Male",49,"No","No",1,0,"DSL",0,2,0,"Frequent",1,24.75,"Yes",0,"Male",49,"No","No",1,0,"DSL",0,2,0,"Frequent",1,24.75,"Yes",0,NA
"4730-AWNAU","Male",22,"Yes","Yes",36,0,"5G",1,3,3,"Occasional",12,60.7,"No",0,"Male",22,"Yes","Yes",36,0,"5G",1,3,3,"Occasional",12,60.7,"No",0,30
"4732-RRJZC","Male",61,"No","No",7,1,"No",0,1,0,"Occasional",1,20.25,"No",0,"Male",61,"No","No",7,1,"No",0,1,0,"Occasional",1,20.25,"No",0,45
"4735-ASGMA","Male",22,"No","No",26,2,"Fiber optic",0,2,3,"Frequent",1,98.35,"Yes",0,"Male",22,"No","No",26,2,"Fiber optic",0,2,3,"Frequent",1,98.35,"Yes",0,NA
"4735-BJKOU","Female",21,"No","No",40,1,"5G",0,1,0,"Occasional",24,20.15,"No",0,"Female",21,"No","No",40,1,"5G",0,1,0,"Occasional",24,20.15,"No",0,34
"4737-HOBAX","Male",52,"Yes","No",63,2,"DSL",0,3,3,"Occasional",24,79.8,"No",0,"Male",52,"Yes","No",63,2,"DSL",0,3,3,"Occasional",24,79.8,"No",0,35
"4742-DRORA","Male",44,"Yes","Yes",60,2,"5G",1,2,1,"Occasional",12,95.4,"No",1,"Male",44,"Yes","Yes",60,2,"5G",1,2,1,"Occasional",12,95.4,"No",1,9
"4745-LSPLO","Male",55,"No","No",1,1,"No",0,1,0,"Occasional",1,20.5,"Yes",0,"Male",55,"No","No",1,1,"No",0,1,0,"Occasional",1,20.5,"Yes",0,NA
"4747-LCAQL","Male",29,"No","No",25,1,"DSL",3,3,3,"Occasional",1,79,"No",0,"Male",29,"No","No",25,1,"DSL",3,3,3,"Occasional",1,79,"No",0,43
"4749-OJKQU","Female",45,"No","No",4,2,"Fiber optic",0,2,0,"Occasional",1,75.65,"No",0,"Female",45,"No","No",4,2,"Fiber optic",0,2,0,"Occasional",1,75.65,"No",0,17
"4749-VFKVB","Female",28,"No","No",1,1,"No",0,2,0,"Frequent",1,50.1,"Yes",0,"Female",28,"No","No",1,1,"No",0,2,0,"Frequent",1,50.1,"Yes",0,NA
"4750-ZRXIU","Female",82,"No","No",4,2,"5G",0,2,2,"Occasional",1,84.6,"Yes",1,"Female",82,"No","No",4,2,"5G",0,2,2,"Frequent",1,84.6,"Yes",1,NA
"4753-PADAS","Female",21,"Yes","No",67,2,"Fiber optic",2,2,3,"Occasional",12,105.7,"No",0,"Female",21,"Yes","No",67,2,"Fiber optic",2,2,3,"Occasional",12,105.7,"No",0,14
"4759-PXTAN","Female",53,"Yes","No",59,2,"DSL",2,3,3,"Occasional",12,80.1,"No",0,"Female",53,"Yes","No",59,2,"DSL",2,3,3,"Occasional",12,80.1,"No",0,4
"4760-XOHVN","Female",21,"Yes","Yes",1,1,"No",0,1,0,"Occasional",1,19.45,"Yes",0,"Female",21,"Yes","Yes",1,1,"No",0,1,0,"Occasional",1,19.45,"Yes",0,NA
"4763-PGDPO","Female",54,"No","No",4,1,"5G",0,2,0,"Frequent",1,70.4,"Yes",0,"Female",54,"No","No",4,1,"5G",0,2,0,"Frequent",1,70.4,"Yes",0,NA
"4765-OXPPD","Female",61,"Yes","Yes",9,1,"5G",3,3,0,"Occasional",1,65,"Yes",1,"Female",61,"Yes","Yes",9,1,"5G",3,3,0,"Occasional",1,65,"Yes",1,NA
"4767-HZZHQ","Male",25,"Yes","Yes",30,1,"5G",2,2,0,"Occasional",1,82.05,"No",1,"Male",25,"Yes","Yes",30,1,"5G",2,2,0,"Occasional",1,82.05,"No",1,61
"4770-UEZOX","Male",63,"No","No",2,1,"No",2,2,0,"Occasional",1,74.75,"No",0,"Male",63,"No","No",2,1,"No",2,2,0,"Occasional",1,74.75,"No",0,21
"4774-HHGGS","Male",20,"Yes","No",30,1,"No",0,1,0,"Occasional",24,19.05,"No",0,"Male",20,"Yes","No",30,1,"No",0,1,0,"Occasional",24,19.05,"No",0,34
"4779-ZGICK","Male",22,"Yes","Yes",48,2,"No",0,1,0,"Occasional",24,23.55,"No",0,"Male",22,"Yes","Yes",48,2,"No",0,1,0,"Occasional",24,23.55,"No",0,22
"4781-ZXYGU","Male",60,"No","No",1,1,"No",0,1,0,"Occasional",1,20.15,"No",0,"Male",60,"No","No",1,1,"No",0,1,0,"Occasional",1,20.15,"No",0,29
"4782-OSFXZ","Female",84,"Yes","No",71,2,"5G",3,3,2,"Occasional",24,82.7,"No",0,"Female",84,"Yes","No",71,2,"5G",3,3,2,"Occasional",24,82.7,"No",0,37
"4785-FCIFB","Female",36,"No","No",61,2,"5G",0,1,0,"Occasional",24,24.4,"No",1,"Female",36,"No","No",61,2,"5G",0,1,0,"Occasional",24,24.4,"No",1,21
"4785-NKHCX","Male",70,"No","No",5,1,"5G",0,1,0,"Occasional",1,20.05,"No",1,"Male",70,"No","No",5,1,"5G",0,1,0,"Occasional",1,20.05,"No",1,11
"4785-QRJHC","Male",71,"Yes","No",46,0,"DSL",2,3,3,"Occasional",12,59.9,"Yes",0,"Male",71,"Yes","No",46,0,"DSL",2,3,3,"Occasional",12,59.9,"Yes",0,NA
"4786-UKSNZ","Male",59,"No","No",1,1,"No",0,1,0,"Occasional",1,20.2,"Yes",0,"Male",59,"No","No",1,1,"No",0,1,0,"Occasional",1,20.2,"Yes",0,NA
"4791-QRGMF","Male",63,"Yes","No",59,2,"5G",0,2,3,"Frequent",12,99.5,"Yes",0,"Male",63,"Yes","No",59,2,"5G",0,2,3,"Frequent",12,99.5,"Yes",0,NA
"4795-KTRTH","Female",85,"Yes","No",5,2,"DSL",2,2,0,"Frequent",1,81,"Yes",0,"Female",85,"Yes","No",5,2,"DSL",2,2,0,"Frequent",1,81,"Yes",0,NA
"4795-UXVCJ","Male",53,"No","No",26,1,"5G",0,1,0,"Occasional",12,19.8,"No",1,"Male",53,"No","No",26,1,"5G",0,1,0,"Occasional",12,19.8,"No",1,0
"4795-WRNVT","Female",38,"No","No",40,1,"DSL",3,2,1,"Occasional",1,65.1,"No",0,"Female",38,"No","No",40,1,"DSL",3,2,1,"Occasional",1,65.1,"No",0,30
"4797-AXPXK","Female",42,"No","Yes",1,1,"DSL",3,3,0,"Occasional",1,60,"Yes",0,"Female",42,"No","Yes",1,1,"DSL",3,3,0,"Occasional",1,60,"Yes",0,NA
"4797-MIWUM","Male",49,"No","No",7,1,"No",0,1,0,"Occasional",1,20.25,"No",0,"Male",49,"No","No",7,1,"No",0,1,0,"Occasional",1,20.25,"No",0,42
"4800-CZMPC","Female",22,"Yes","Yes",48,2,"5G",3,2,3,"Frequent",12,103.25,"Yes",0,"Female",22,"Yes","Yes",48,2,"5G",3,2,3,"Frequent",12,103.25,"Yes",0,NA
"4800-VHZKI","Female",19,"No","No",1,1,"5G",0,1,0,"Occasional",1,19.9,"Yes",1,"Female",19,"No","No",1,1,"5G",0,1,0,"Occasional",1,19.9,"Yes",1,NA
"4801-JZAZL","Female",44,"No","No",11,0,"DSL",1,2,0,"Occasional",1,29.6,"No",0,"Female",44,"No","No",11,0,"DSL",1,2,0,"Occasional",1,29.6,"No",0,30
"4801-KFYKL","Male",60,"No","No",8,1,"No",0,1,0,"Occasional",1,19.45,"No",0,"Male",60,"No","No",8,1,"No",0,1,0,"Occasional",1,19.45,"No",0,15
"4804-NCPET","Male",52,"No","No",19,1,"No",0,1,0,"Occasional",24,20.2,"No",0,"Male",52,"No","No",19,1,"No",0,1,0,"Occasional",24,20.2,"No",0,25
"4806-DXQCE","Female",81,"Yes","No",70,1,"No",3,3,3,"Occasional",24,113.65,"No",0,"Female",81,"Yes","No",70,1,"No",3,3,3,"Occasional",24,113.65,"No",0,2
"4806-HIPDW","Female",46,"Yes","No",1,1,"Fiber optic",0,2,0,"Frequent",1,68.95,"Yes",0,"Female",46,"Yes","No",1,1,"Fiber optic",0,2,0,"Frequent",1,68.95,"Yes",0,NA
"4806-KEXQR","Male",37,"No","No",4,1,"Fiber optic",0,2,2,"Frequent",1,79.9,"Yes",0,"Male",37,"No","No",4,1,"Fiber optic",0,2,2,"Frequent",1,79.9,"Yes",0,NA
"4807-IZYOZ","Female",40,"No","No",51,1,"No",0,1,0,"Occasional",24,20.65,"No",0,"Female",40,"No","No",51,1,"No",0,1,0,"Occasional",24,20.65,"No",0,31
"4808-YNLEU","Female",20,"Yes","No",35,1,"DSL",1,2,1,"Frequent",12,62.15,"No",1,"Female",20,"Yes","No",35,1,"DSL",1,2,1,"Occasional",12,62.15,"No",1,63
"4811-JBUVU","Male",37,"No","No",30,2,"DSL",0,3,2,"Frequent",1,89.9,"No",1,"Male",37,"No","No",30,2,"DSL",0,3,2,"Occasional",1,89.9,"No",1,53
"4813-HQMGZ","Female",24,"Yes","No",8,2,"5G",0,3,2,"Occasional",1,90.25,"No",0,"Female",24,"Yes","No",8,2,"5G",0,3,2,"Occasional",1,90.25,"No",0,15
"4815-GBTCD","Female",62,"No","No",4,0,"DSL",0,2,0,"Occasional",1,25.15,"No",0,"Female",62,"No","No",4,0,"DSL",0,2,0,"Occasional",1,25.15,"No",0,10
"4815-TUMEQ","Female",64,"No","No",10,1,"No",0,1,0,"Occasional",12,19.3,"No",0,"Female",64,"No","No",10,1,"No",0,1,0,"Occasional",12,19.3,"No",0,9
"4815-YOSUK","Male",55,"Yes","Yes",72,2,"5G",3,3,2,"Occasional",12,104.9,"No",0,"Male",55,"Yes","Yes",72,2,"5G",3,3,2,"Occasional",12,104.9,"No",0,17
"4817-VYYWS","Female",23,"No","No",30,2,"Fiber optic",2,2,3,"Frequent",1,100.2,"Yes",0,"Female",23,"No","No",30,2,"Fiber optic",2,2,3,"Frequent",1,100.2,"Yes",0,NA
"4818-DRBQT","Male",21,"Yes","No",29,2,"Fiber optic",2,2,0,"Frequent",1,80.15,"Yes",0,"Male",21,"Yes","No",29,2,"Fiber optic",2,2,0,"Frequent",1,80.15,"Yes",0,NA
"4818-QIUFN","Female",84,"No","No",20,2,"Fiber optic",1,2,0,"Frequent",1,79.15,"Yes",0,"Female",84,"No","No",20,2,"Fiber optic",1,2,0,"Frequent",1,79.15,"Yes",0,NA
"4819-HJPIW","Male",22,"No","No",18,0,"DSL",0,2,0,"Occasional",1,25.15,"No",0,"Male",22,"No","No",18,0,"DSL",0,2,0,"Occasional",1,25.15,"No",0,14
"4821-WQOYN","Female",56,"No","No",72,1,"5G",0,1,0,"Occasional",24,20.1,"No",0,"Female",56,"No","No",72,1,"5G",0,1,0,"Occasional",24,20.1,"No",0,20
"4822-RVYBB","Male",69,"No","No",8,2,"5G",0,2,3,"Occasional",1,100.6,"Yes",0,"Male",69,"No","No",8,2,"5G",0,2,3,"Frequent",1,100.6,"Yes",0,NA
"4824-GUCBY","Female",89,"No","No",22,1,"5G",3,2,0,"Occasional",1,81.7,"No",1,"Female",89,"No","No",22,1,"5G",3,2,0,"Occasional",1,81.7,"No",1,15
"4825-FUREZ","Male",49,"No","No",42,1,"No",0,1,0,"Occasional",24,20.25,"No",0,"Male",49,"No","No",42,1,"No",0,1,0,"Occasional",24,20.25,"No",0,45
"4826-DXMUP","Male",60,"No","Yes",35,1,"No",0,3,3,"Occasional",12,72.1,"No",0,"Male",60,"No","Yes",35,1,"No",0,3,3,"Occasional",12,72.1,"No",0,43
"4826-TZEVA","Female",31,"No","No",40,1,"Fiber optic",2,2,0,"Occasional",1,74.8,"No",0,"Female",31,"No","No",40,1,"Fiber optic",2,2,0,"Occasional",1,74.8,"No",0,4
"4827-LTQRJ","Female",87,"Yes","Yes",66,2,"No",3,3,3,"Occasional",12,110.6,"No",0,"Female",87,"Yes","Yes",66,2,"No",3,3,3,"Occasional",12,110.6,"No",0,10
"4827-USJHP","Male",54,"No","No",20,1,"5G",2,2,0,"Occasional",1,51.8,"No",1,"Male",54,"No","No",20,1,"5G",2,2,0,"Occasional",1,51.8,"No",1,57
"4829-AUOAX","Female",37,"No","No",46,2,"DSL",0,2,3,"Frequent",1,96.05,"Yes",0,"Female",37,"No","No",46,2,"DSL",0,2,3,"Frequent",1,96.05,"Yes",0,NA
"4829-ZLJTK","Female",85,"Yes","No",72,2,"5G",3,2,3,"Occasional",24,112.4,"No",0,"Female",85,"Yes","No",72,2,"5G",3,2,3,"Occasional",24,112.4,"No",0,13
"4833-QTJNO","Male",78,"Yes","No",67,2,"Fiber optic",3,2,0,"Occasional",1,83.85,"No",0,"Male",78,"Yes","No",67,2,"Fiber optic",3,2,0,"Occasional",1,83.85,"No",0,1
"4835-YSJMR","Male",35,"No","No",39,1,"5G",0,3,0,"Occasional",24,49.8,"No",0,"Male",35,"No","No",39,1,"5G",0,3,0,"Occasional",24,49.8,"No",0,31
"4837-PZTIC","Female",61,"No","No",47,1,"No",1,3,0,"Occasional",24,41.9,"No",0,"Female",61,"No","No",47,1,"No",1,3,0,"Occasional",24,41.9,"No",0,10
"4840-ORQXB","Female",68,"No","No",56,2,"Fiber optic",2,2,3,"Occasional",1,104.75,"No",0,"Female",68,"No","No",56,2,"Fiber optic",2,2,3,"Occasional",1,104.75,"No",0,32
"4846-WHAFZ","Female",86,"Yes","No",37,2,"5G",0,2,0,"Frequent",1,76.5,"Yes",1,"Female",86,"Yes","No",37,2,"5G",0,2,0,"Frequent",1,76.5,"Yes",1,NA
"4847-TAJYI","Female",80,"No","No",6,1,"DSL",0,2,3,"Occasional",1,89.35,"No",1,"Female",80,"No","No",6,1,"DSL",0,2,3,"Occasional",1,89.35,"No",1,68
"4849-PYRLQ","Female",76,"No","No",56,2,"5G",1,3,2,"Occasional",24,73.25,"No",1,"Female",76,"No","No",56,2,"5G",1,3,2,"Occasional",24,73.25,"No",1,11
"4851-BQDNX","Male",42,"Yes","Yes",40,1,"5G",0,2,1,"Occasional",12,85.05,"No",1,"Male",42,"Yes","Yes",40,1,"5G",0,2,1,"Occasional",12,85.05,"No",1,8
"4853-OITSN","Male",52,"No","No",5,2,"Fiber optic",1,2,2,"Occasional",1,89.15,"No",0,"Male",52,"No","No",5,2,"Fiber optic",1,2,2,"Occasional",1,89.15,"No",0,21
"4853-RULSV","Male",37,"No","No",70,2,"DSL",1,3,3,"Occasional",24,104,"Yes",1,"Male",37,"No","No",70,2,"DSL",1,3,3,"Occasional",24,104,"Yes",1,NA
"4854-SSLTN","Male",63,"Yes","Yes",2,1,"No",3,3,0,"Occasional",24,59.5,"No",0,"Male",63,"Yes","Yes",2,1,"No",3,3,0,"Occasional",24,59.5,"No",0,22
"4855-SNKMY","Female",28,"No","No",1,1,"DSL",0,2,0,"Frequent",1,44.1,"Yes",0,"Female",28,"No","No",1,1,"DSL",0,2,0,"Frequent",1,44.1,"Yes",0,NA
"4859-ZSRDZ","Female",62,"Yes","Yes",58,0,"5G",0,3,3,"Occasional",24,55.5,"No",0,"Female",62,"Yes","Yes",58,0,"5G",0,3,3,"Occasional",24,55.5,"No",0,9
"4860-IJUDE","Male",63,"No","No",13,1,"Fiber optic",1,2,0,"Occasional",1,73.75,"No",0,"Male",63,"No","No",13,1,"Fiber optic",1,2,0,"Occasional",1,73.75,"No",0,16
"4868-AADLV","Male",65,"Yes","Yes",66,2,"Fiber optic",3,3,3,"Occasional",12,116.25,"No",0,"Male",65,"Yes","Yes",66,2,"Fiber optic",3,3,3,"Occasional",12,116.25,"No",0,2
"4871-JTKJF","Female",77,"No","No",1,1,"Fiber optic",0,2,0,"Frequent",1,69.65,"Yes",0,"Female",77,"No","No",1,1,"Fiber optic",0,2,0,"Frequent",1,69.65,"Yes",0,NA
"4872-VXRIL","Male",41,"No","No",56,2,"DSL",3,3,0,"Occasional",12,64.65,"No",0,"Male",41,"No","No",56,2,"DSL",3,3,0,"Occasional",12,64.65,"No",0,29
"4881-JVQOD","Male",66,"Yes","Yes",10,0,"5G",0,2,2,"Occasional",1,34.55,"No",1,"Male",66,"Yes","Yes",10,0,"5G",0,2,2,"Occasional",1,34.55,"No",1,15
"4883-KCPZJ","Female",54,"No","No",22,2,"5G",0,1,0,"Occasional",24,25.25,"No",1,"Female",54,"No","No",22,2,"5G",0,1,0,"Occasional",24,25.25,"No",1,2
"4883-QICIH","Male",34,"Yes","Yes",32,1,"5G",0,2,0,"Occasional",1,69.75,"Yes",0,"Male",34,"Yes","Yes",32,1,"5G",0,2,0,"Frequent",1,69.75,"Yes",0,NA
"4884-LEVMQ","Male",39,"No","No",39,1,"No",0,1,0,"Occasional",24,20.45,"No",0,"Male",39,"No","No",39,1,"No",0,1,0,"Occasional",24,20.45,"No",0,3
"4884-TVUQF","Female",71,"No","No",57,2,"Fiber optic",1,3,2,"Occasional",24,101.3,"No",0,"Female",71,"No","No",57,2,"Fiber optic",1,3,2,"Occasional",24,101.3,"No",0,1
"4884-ZTHVF","Female",79,"No","No",8,1,"Fiber optic",2,2,1,"Occasional",1,87.1,"No",0,"Female",79,"No","No",8,1,"Fiber optic",2,2,1,"Occasional",1,87.1,"No",0,23
"4890-VMUAV","Male",47,"No","No",63,2,"DSL",3,3,0,"Occasional",12,71.5,"No",0,"Male",47,"No","No",63,2,"DSL",3,3,0,"Occasional",12,71.5,"No",0,43
"4891-NLUBA","Female",23,"Yes","Yes",61,0,"DSL",2,3,3,"Occasional",24,61.45,"No",0,"Female",23,"Yes","Yes",61,0,"DSL",2,3,3,"Occasional",24,61.45,"No",0,7
"4892-VLANZ","Male",22,"No","No",1,1,"No",0,1,0,"Occasional",1,19.8,"Yes",0,"Male",22,"No","No",1,1,"No",0,1,0,"Occasional",1,19.8,"Yes",0,NA
"4893-GYUJU","Female",46,"No","No",50,1,"No",0,1,0,"Occasional",12,19.35,"No",0,"Female",46,"No","No",50,1,"No",0,1,0,"Occasional",12,19.35,"No",0,27
"4895-TMWIR","Male",86,"Yes","No",11,1,"5G",0,1,0,"Occasional",1,19.95,"Yes",1,"Male",86,"Yes","No",11,1,"5G",0,1,0,"Occasional",1,19.95,"Yes",1,NA
"4897-QSUYC","Female",20,"No","No",1,1,"5G",0,1,0,"Occasional",1,20.15,"Yes",0,"Female",20,"No","No",1,1,"5G",0,1,0,"Occasional",1,20.15,"Yes",0,NA
"4900-MSOMT","Female",44,"Yes","Yes",72,1,"No",3,3,1,"Occasional",24,80.2,"No",0,"Female",44,"Yes","Yes",72,1,"No",3,3,1,"Occasional",24,80.2,"No",0,28
"4902-OHLSK","Female",87,"No","No",29,2,"Fiber optic",0,3,3,"Occasional",1,98.65,"Yes",0,"Female",87,"No","No",29,2,"Fiber optic",0,3,3,"Occasional",1,98.65,"Yes",0,NA
"4903-CNOZC","Male",61,"No","No",29,2,"DSL",2,2,2,"Occasional",12,70.9,"No",0,"Male",61,"No","No",29,2,"DSL",2,2,2,"Occasional",12,70.9,"No",0,44
"4906-ZHGPK","Male",38,"No","No",54,2,"5G",2,3,1,"Occasional",12,70.7,"No",0,"Male",38,"No","No",54,2,"5G",2,3,1,"Occasional",12,70.7,"No",0,6
"4908-XAXAY","Female",72,"No","No",49,1,"5G",2,2,2,"Occasional",12,89.85,"No",1,"Female",72,"No","No",49,1,"5G",2,2,2,"Occasional",12,89.85,"No",1,1
"4909-JOUPP","Male",77,"Yes","No",72,2,"Fiber optic",2,3,3,"Occasional",24,109.7,"No",0,"Male",77,"Yes","No",72,2,"Fiber optic",2,3,3,"Occasional",24,109.7,"No",0,33
"4910-AQFFX","Male",43,"Yes","Yes",9,2,"Fiber optic",0,2,0,"Frequent",1,79.35,"Yes",0,"Male",43,"Yes","Yes",9,2,"Fiber optic",0,2,0,"Frequent",1,79.35,"Yes",0,NA
"4910-GMJOT","Female",52,"No","No",1,1,"No",0,2,3,"Frequent",1,94.6,"Yes",0,"Female",52,"No","No",1,1,"No",0,2,3,"Frequent",1,94.6,"Yes",0,NA
"4911-BANWH","Female",42,"No","Yes",31,2,"5G",0,2,1,"Frequent",1,86.55,"Yes",0,"Female",42,"No","Yes",31,2,"5G",0,2,1,"Frequent",1,86.55,"Yes",0,NA
"4913-EHYUI","Male",88,"Yes","Yes",56,2,"5G",1,2,3,"Occasional",12,104.55,"Yes",1,"Male",88,"Yes","Yes",56,2,"5G",1,2,3,"Frequent",12,104.55,"Yes",1,NA
"4915-BFSXL","Male",33,"Yes","Yes",70,2,"DSL",1,2,1,"Occasional",24,68.95,"No",0,"Male",33,"Yes","Yes",70,2,"DSL",1,2,1,"Occasional",24,68.95,"No",0,15
"4918-FYJNT","Female",86,"Yes","No",55,2,"5G",2,3,0,"Occasional",1,90.45,"No",0,"Female",86,"Yes","No",55,2,"5G",2,3,0,"Occasional",1,90.45,"No",0,7
"4918-QLLIW","Male",39,"No","No",3,1,"No",0,2,1,"Frequent",1,53.4,"Yes",0,"Male",39,"No","No",3,1,"No",0,2,1,"Frequent",1,53.4,"Yes",0,NA
"4919-IKATY","Male",28,"Yes","Yes",5,2,"Fiber optic",1,2,0,"Frequent",1,84.5,"Yes",0,"Male",28,"Yes","Yes",5,2,"Fiber optic",1,2,0,"Frequent",1,84.5,"Yes",0,NA
"4919-MOAVT","Male",26,"No","Yes",3,1,"Fiber optic",0,2,0,"Frequent",1,69.65,"Yes",0,"Male",26,"No","Yes",3,1,"Fiber optic",0,2,0,"Occasional",1,69.65,"Yes",0,NA
"4923-ADWXJ","Female",27,"No","No",25,1,"DSL",2,3,2,"Occasional",1,65.8,"No",0,"Female",27,"No","No",25,1,"DSL",2,3,2,"Occasional",1,65.8,"No",0,34
"4925-LMHOK","Male",49,"No","No",15,2,"DSL",2,3,0,"Occasional",1,58.6,"Yes",0,"Male",49,"No","No",15,2,"DSL",2,3,0,"Occasional",1,58.6,"Yes",0,NA
"4926-UMJZD","Female",19,"Yes","No",31,1,"DSL",0,3,0,"Occasional",1,49.2,"No",0,"Female",19,"Yes","No",31,1,"DSL",0,3,0,"Occasional",1,49.2,"No",0,9
"4927-WWOOZ","Male",53,"Yes","No",2,1,"No",0,2,1,"Occasional",1,91.45,"No",0,"Male",53,"Yes","No",2,1,"No",0,2,1,"Occasional",1,91.45,"No",0,22
"4929-BSTRX","Female",51,"No","No",1,1,"DSL",0,2,1,"Frequent",1,53.55,"Yes",0,"Female",51,"No","No",1,1,"DSL",0,2,1,"Frequent",1,53.55,"Yes",0,NA
"4929-ROART","Male",57,"No","No",18,2,"DSL",1,2,0,"Occasional",1,56.25,"No",0,"Male",57,"No","No",18,2,"DSL",1,2,0,"Occasional",1,56.25,"No",0,16
"4929-XIHVW","Male",79,"Yes","No",2,1,"5G",0,2,3,"Occasional",1,95.5,"No",1,"Male",79,"Yes","No",2,1,"5G",0,2,3,"Occasional",1,95.5,"No",1,60
"4933-IKULF","Female",72,"No","No",17,1,"5G",0,1,0,"Occasional",12,20.65,"No",1,"Female",72,"No","No",17,1,"5G",0,1,0,"Occasional",12,20.65,"No",1,15
"4936-YPJNK","Female",19,"No","No",10,1,"No",0,1,0,"Occasional",1,19.9,"No",0,"Female",19,"No","No",10,1,"No",0,1,0,"Occasional",1,19.9,"No",0,44
"4937-QPZPO","Male",57,"Yes","Yes",61,2,"Fiber optic",0,2,3,"Occasional",12,99.9,"No",0,"Male",57,"Yes","Yes",61,2,"Fiber optic",0,2,3,"Occasional",12,99.9,"No",0,36
"4940-KHCWD","Female",21,"Yes","No",60,0,"DSL",3,3,0,"Occasional",24,37.7,"No",0,"Female",21,"Yes","No",60,0,"DSL",3,3,0,"Occasional",24,37.7,"No",0,24
"4942-VZZOM","Male",27,"Yes","No",64,2,"DSL",1,2,1,"Occasional",12,66.15,"No",0,"Male",27,"Yes","No",64,2,"DSL",1,2,1,"Occasional",12,66.15,"No",0,0
"4945-RVMTE","Female",20,"No","No",28,1,"DSL",0,2,1,"Occasional",1,59.55,"No",0,"Female",20,"No","No",28,1,"DSL",0,2,1,"Occasional",1,59.55,"No",0,3
"4947-DSMXK","Male",40,"Yes","Yes",34,2,"5G",2,2,3,"Occasional",1,97.7,"No",0,"Male",40,"Yes","Yes",34,2,"5G",2,2,3,"Occasional",1,97.7,"No",0,43
"4948-WBBKL","Female",85,"No","No",36,2,"Fiber optic",0,2,0,"Occasional",1,74.9,"No",0,"Female",85,"No","No",36,2,"Fiber optic",0,2,0,"Occasional",1,74.9,"No",0,21
"4950-HKQTE","Female",19,"No","No",22,2,"5G",0,1,0,"Occasional",24,26.25,"No",1,"Female",19,"No","No",22,2,"5G",0,1,0,"Occasional",24,26.25,"No",1,41
"4952-YSOGZ","Female",57,"Yes","Yes",4,2,"5G",0,2,2,"Occasional",1,85.95,"Yes",1,"Female",57,"Yes","Yes",4,2,"5G",0,2,2,"Frequent",1,85.95,"Yes",1,NA
"4957-SREEC","Male",44,"No","No",70,1,"No",0,1,0,"Occasional",24,20.35,"No",0,"Male",44,"No","No",70,1,"No",0,1,0,"Occasional",24,20.35,"No",0,6
"4957-TIALW","Female",43,"No","Yes",15,1,"5G",3,3,0,"Occasional",12,65.6,"No",0,"Female",43,"No","Yes",15,1,"5G",3,3,0,"Occasional",12,65.6,"No",0,2
"4957-TREIR","Male",49,"No","No",3,1,"5G",1,3,1,"Occasional",1,64.4,"No",1,"Male",49,"No","No",3,1,"5G",1,3,1,"Occasional",1,64.4,"No",1,20
"4958-GZWIY","Male",43,"Yes","Yes",7,1,"5G",0,2,0,"Frequent",1,48.7,"Yes",0,"Male",43,"Yes","Yes",7,1,"5G",0,2,0,"Frequent",1,48.7,"Yes",0,NA
"4958-XCBDQ","Male",70,"No","No",35,2,"Fiber optic",0,2,3,"Frequent",1,101.4,"Yes",0,"Male",70,"No","No",35,2,"Fiber optic",0,2,3,"Frequent",1,101.4,"Yes",0,NA
"4959-JOSRX","Female",43,"Yes","No",2,1,"5G",0,2,0,"Frequent",1,44.6,"Yes",1,"Female",43,"Yes","No",2,1,"5G",0,2,0,"Frequent",1,44.6,"Yes",1,NA
"4967-WPNCF","Male",40,"No","No",72,0,"5G",3,3,3,"Occasional",24,63.7,"No",0,"Male",40,"No","No",72,0,"5G",3,3,3,"Occasional",24,63.7,"No",0,1
"4971-PUYQO","Female",53,"No","No",27,2,"Fiber optic",0,2,3,"Frequent",1,94.55,"Yes",0,"Female",53,"No","No",27,2,"Fiber optic",0,2,3,"Frequent",1,94.55,"Yes",0,NA
"4973-RLZVI","Female",48,"No","No",30,1,"DSL",3,3,1,"Occasional",12,74.65,"No",0,"Female",48,"No","No",30,1,"DSL",3,3,1,"Occasional",12,74.65,"No",0,0
"4976-LNFVV","Male",78,"Yes","No",19,0,"DSL",2,2,0,"Occasional",1,34.3,"No",0,"Male",78,"Yes","No",19,0,"DSL",2,2,0,"Occasional",1,34.3,"No",0,31
"4979-HPRFL","Male",44,"No","No",56,2,"No",0,1,0,"Occasional",24,24.15,"No",0,"Male",44,"No","No",56,2,"No",0,1,0,"Occasional",24,24.15,"No",0,26
"4980-URKXC","Male",40,"No","No",36,1,"5G",0,1,0,"Occasional",12,20.85,"No",1,"Male",40,"No","No",36,1,"5G",0,1,0,"Occasional",12,20.85,"No",1,28
"4981-FLTMF","Female",20,"Yes","Yes",57,2,"5G",3,3,0,"Occasional",1,65.2,"No",0,"Female",20,"Yes","Yes",57,2,"5G",3,3,0,"Occasional",1,65.2,"No",0,5
"4983-CCWMC","Male",63,"No","No",3,1,"Fiber optic",0,2,0,"Occasional",1,69.6,"No",0,"Male",63,"No","No",3,1,"Fiber optic",0,2,0,"Occasional",1,69.6,"No",0,25
"4983-CLMLV","Female",44,"No","No",52,2,"5G",2,3,3,"Occasional",1,102.7,"No",1,"Female",44,"No","No",52,2,"5G",2,3,3,"Occasional",1,102.7,"No",1,28
"4987-GQWPO","Male",57,"No","No",17,0,"DSL",0,2,0,"Occasional",1,25.1,"No",0,"Male",57,"No","No",17,0,"DSL",0,2,0,"Occasional",1,25.1,"No",0,22
"4988-IQIGL","Male",84,"No","No",1,2,"Fiber optic",0,2,0,"Frequent",1,75.35,"Yes",0,"Male",84,"No","No",1,2,"Fiber optic",0,2,0,"Frequent",1,75.35,"Yes",0,NA
"4989-LIXVT","Male",88,"No","No",68,2,"Fiber optic",2,2,2,"Occasional",1,95.9,"No",0,"Male",88,"No","No",68,2,"Fiber optic",2,2,2,"Occasional",1,95.9,"No",0,34
"4990-ALDGW","Male",64,"No","No",57,1,"No",0,1,0,"Occasional",24,20.75,"No",0,"Male",64,"No","No",57,1,"No",0,1,0,"Occasional",24,20.75,"No",0,19
"4992-LTJNE","Male",44,"Yes","Yes",72,2,"5G",1,2,0,"Occasional",24,55.3,"No",1,"Male",44,"Yes","Yes",72,2,"5G",1,2,0,"Occasional",24,55.3,"No",1,39
"4993-JCRGJ","Male",62,"No","No",26,2,"Fiber optic",0,3,0,"Occasional",1,84.3,"No",0,"Male",62,"No","No",26,2,"Fiber optic",0,3,0,"Occasional",1,84.3,"No",0,38
"4994-OBRSZ","Male",52,"No","Yes",14,1,"DSL",3,3,2,"Occasional",24,76.1,"No",0,"Male",52,"No","Yes",14,1,"DSL",3,3,2,"Occasional",24,76.1,"No",0,16
"4998-IKFSE","Female",19,"No","No",30,2,"Fiber optic",0,2,3,"Occasional",1,100.45,"No",0,"Female",19,"No","No",30,2,"Fiber optic",0,2,3,"Occasional",1,100.45,"No",0,3
"4999-IEZLT","Male",20,"No","No",66,0,"5G",0,3,0,"Occasional",12,29.45,"No",0,NA,NA,NA,NA,NA,NA,NA,NA,NA,NA,NA,NA,NA,NA,NA,NA
"5002-GCQFH","Male",46,"No","No",49,2,"5G",3,2,1,"Occasional",1,93.85,"No",1,"Male",46,"No","No",49,2,"5G",3,2,1,"Occasional",1,93.85,"No",1,37
"5003-OKNNK","Female",47,"No","No",15,1,"No",0,1,0,"Occasional",12,20.35,"No",0,"Female",47,"No","No",15,1,"No",0,1,0,"Occasional",12,20.35,"No",0,4
"5003-XZWWO","Male",52,"Yes","No",71,2,"5G",2,3,3,"Occasional",24,84.2,"No",0,"Male",52,"Yes","No",71,2,"5G",2,3,3,"Occasional",24,84.2,"No",0,34
"5006-MXVRN","Female",56,"No","No",39,1,"No",0,1,0,"Occasional",24,20.7,"No",0,"Female",56,"No","No",39,1,"No",0,1,0,"Occasional",24,20.7,"No",0,28
"5012-YSPJJ","Male",50,"Yes","Yes",31,1,"DSL",0,3,0,"Occasional",1,54.35,"No",0,"Male",50,"Yes","Yes",31,1,"DSL",0,3,0,"Occasional",1,54.35,"No",0,33
"5013-SBUIH","Female",30,"No","No",50,1,"No",3,3,3,"Occasional",24,109.65,"Yes",0,"Female",30,"No","No",50,1,"No",3,3,3,"Occasional",24,109.65,"Yes",0,NA
"5014-GSOUQ","Male",43,"No","No",13,1,"5G",0,1,0,"Occasional",24,19.95,"No",0,"Male",43,"No","No",13,1,"5G",0,1,0,"Occasional",24,19.95,"No",0,31
"5016-IBERQ","Male",63,"Yes","No",23,2,"5G",2,2,0,"Occasional",1,84.25,"No",1,"Male",63,"Yes","No",23,2,"5G",2,2,0,"Occasional",1,84.25,"No",1,29
"5016-LIPDW","Male",60,"No","No",57,1,"No",0,1,0,"Occasional",12,19.4,"No",0,"Male",60,"No","No",57,1,"No",0,1,0,"Occasional",12,19.4,"No",0,1
"5018-GWURO","Female",55,"Yes","No",56,2,"Fiber optic",0,2,1,"Occasional",1,85.6,"No",0,"Female",55,"Yes","No",56,2,"Fiber optic",0,2,1,"Occasional",1,85.6,"No",0,21
"5018-HEKFO","Female",63,"No","No",10,2,"No",0,1,0,"Occasional",1,24.5,"No",0,"Female",63,"No","No",10,2,"No",0,1,0,"Occasional",1,24.5,"No",0,35
"5018-LXQQG","Female",53,"No","No",30,1,"DSL",1,3,2,"Occasional",1,66.3,"No",0,"Female",53,"No","No",30,1,"DSL",1,3,2,"Occasional",1,66.3,"No",0,39
"5019-GQVCR","Male",82,"No","No",43,2,"Fiber optic",0,2,1,"Occasional",1,84.85,"No",0,"Male",82,"No","No",43,2,"Fiber optic",0,2,1,"Occasional",1,84.85,"No",0,22
"5020-ZSTTY","Female",77,"No","No",54,2,"5G",3,3,3,"Occasional",12,82.45,"Yes",1,"Female",77,"No","No",54,2,"5G",3,3,3,"Occasional",12,82.45,"Yes",1,NA
"5022-KVDQT","Male",34,"No","No",27,2,"Fiber optic",0,2,0,"Occasional",1,81.3,"No",0,"Male",34,"No","No",27,2,"Fiber optic",0,2,0,"Occasional",1,81.3,"No",0,8
"5025-GOOKI","Female",58,"No","No",20,1,"No",0,1,0,"Occasional",1,18.9,"No",0,"Female",58,"No","No",20,1,"No",0,1,0,"Occasional",1,18.9,"No",0,18
"5027-YOCXN","Male",25,"Yes","Yes",51,2,"5G",3,3,3,"Occasional",12,110.05,"No",1,"Male",25,"Yes","Yes",51,2,"5G",3,3,3,"Occasional",12,110.05,"No",1,42
"5028-HTLJB","Male",74,"No","No",1,1,"No",0,1,0,"Occasional",1,20.05,"Yes",0,"Male",74,"No","No",1,1,"No",0,1,0,"Occasional",1,20.05,"Yes",0,NA
"5032-MIYKT","Female",60,"No","No",1,1,"Fiber optic",0,2,0,"Occasional",1,70.7,"No",0,"Female",60,"No","No",1,1,"Fiber optic",0,2,0,"Occasional",1,70.7,"No",0,35
"5035-BVCXS","Male",46,"No","No",11,1,"5G",2,2,0,"Occasional",1,75.9,"No",0,"Male",46,"No","No",11,1,"5G",2,2,0,"Occasional",1,75.9,"No",0,8
"5038-ETMLM","Female",54,"Yes","No",72,1,"No",3,3,3,"Occasional",24,113.65,"No",0,"Female",54,"Yes","No",72,1,"No",3,3,3,"Occasional",24,113.65,"No",0,25
"5039-LZRQT","Female",19,"No","No",13,1,"5G",0,1,0,"Occasional",12,20.2,"No",0,"Female",19,"No","No",13,1,"5G",0,1,0,"Occasional",12,20.2,"No",0,12
"5043-TRZWM","Female",60,"No","No",1,1,"No",0,2,0,"Occasional",1,75.55,"No",0,"Female",60,"No","No",1,1,"No",0,2,0,"Occasional",1,75.55,"No",0,16
"5044-LRQAQ","Female",64,"Yes","No",7,1,"Fiber optic",0,2,0,"Occasional",1,69.2,"No",0,"Female",64,"Yes","No",7,1,"Fiber optic",0,2,0,"Occasional",1,69.2,"No",0,21
"5044-XDPYX","Female",37,"No","No",51,1,"No",0,1,0,"Occasional",24,25.5,"No",0,"Female",37,"No","No",51,1,"No",0,1,0,"Occasional",24,25.5,"No",0,14
"5046-NUHWD","Female",67,"Yes","No",29,0,"5G",1,2,2,"Occasional",1,45,"No",1,"Female",67,"Yes","No",29,0,"5G",1,2,2,"Occasional",1,45,"No",1,60
"5047-LHVLY","Male",67,"No","Yes",1,1,"DSL",0,2,0,"Frequent",1,50.15,"Yes",0,"Male",67,"No","Yes",1,1,"DSL",0,2,0,"Frequent",1,50.15,"Yes",0,NA
"5055-BRMNE","Female",24,"Yes","Yes",67,2,"Fiber optic",1,3,3,"Occasional",24,106.7,"No",0,"Female",24,"Yes","Yes",67,2,"Fiber optic",1,3,3,"Occasional",24,106.7,"No",0,5
"5055-MGMGF","Female",56,"Yes","No",65,2,"Fiber optic",1,2,3,"Occasional",1,105.05,"No",0,"Female",56,"Yes","No",65,2,"Fiber optic",1,2,3,"Occasional",1,105.05,"No",0,20
"5056-FIMPT","Female",42,"No","No",43,2,"No",3,3,3,"Occasional",12,106,"No",0,"Female",42,"No","No",43,2,"No",3,3,3,"Occasional",12,106,"No",0,19
"5060-TQUQN","Male",61,"Yes","Yes",30,2,"Fiber optic",2,3,0,"Occasional",1,83.55,"No",0,"Male",61,"Yes","Yes",30,2,"Fiber optic",2,3,0,"Occasional",1,83.55,"No",0,38
"5061-PBXFW","Female",64,"Yes","Yes",32,1,"DSL",3,3,0,"Occasional",1,61.4,"No",0,"Female",64,"Yes","Yes",32,1,"DSL",3,3,0,"Occasional",1,61.4,"No",0,7
"5063-IUOKK","Male",56,"No","No",13,1,"No",0,1,0,"Occasional",24,19.75,"No",0,"Male",56,"No","No",13,1,"No",0,1,0,"Occasional",24,19.75,"No",0,31
"5066-GFJMM","Female",20,"Yes","No",3,1,"No",0,1,0,"Occasional",1,19.9,"No",0,"Female",20,"Yes","No",3,1,"No",0,1,0,"Occasional",1,19.9,"No",0,41
"5067-XJQFU","Male",88,"Yes","Yes",66,2,"5G",2,3,3,"Occasional",12,108.45,"No",1,"Male",88,"Yes","Yes",66,2,"5G",2,3,3,"Occasional",12,108.45,"No",1,52
"5071-FBJFS","Female",46,"Yes","Yes",4,1,"5G",1,2,0,"Occasional",1,50.3,"No",0,"Female",46,"Yes","Yes",4,1,"5G",1,2,0,"Occasional",1,50.3,"No",0,34
"5073-RZGBK","Female",65,"No","No",50,2,"DSL",3,3,2,"Occasional",12,80.05,"No",0,"Female",65,"No","No",50,2,"DSL",3,3,2,"Occasional",12,80.05,"No",0,33
"5073-WXOYN","Female",52,"No","No",60,0,"DSL",2,2,3,"Occasional",1,50.8,"Yes",1,"Female",52,"No","No",60,0,"DSL",2,2,3,"Frequent",1,50.8,"Yes",1,NA
"5074-FBGHB","Male",61,"No","No",64,1,"No",0,3,3,"Occasional",12,104.65,"No",0,"Male",61,"No","No",64,1,"No",0,3,3,"Occasional",12,104.65,"No",0,38
"5075-JSDKI","Female",22,"No","No",59,2,"No",0,1,0,"Occasional",24,24.45,"No",0,"Female",22,"No","No",59,2,"No",0,1,0,"Occasional",24,24.45,"No",0,3
"5076-YVXCM","Male",31,"No","No",51,2,"5G",0,2,2,"Occasional",1,83.4,"No",1,"Male",31,"No","No",51,2,"5G",0,2,2,"Occasional",1,83.4,"No",1,40
"5087-SUURX","Female",45,"No","No",18,0,"DSL",0,2,1,"Frequent",1,39.05,"Yes",0,"Female",45,"No","No",18,0,"DSL",0,2,1,"Frequent",1,39.05,"Yes",0,NA
"5088-QZLRL","Male",21,"No","No",1,1,"No",0,1,0,"Occasional",1,20.65,"No",0,"Male",21,"No","No",1,1,"No",0,1,0,"Occasional",1,20.65,"No",0,18
"5089-IFSDP","Female",31,"Yes","No",58,2,"Fiber optic",3,2,3,"Frequent",24,109.45,"Yes",0,"Female",31,"Yes","No",58,2,"Fiber optic",3,2,3,"Frequent",24,109.45,"Yes",0,NA
"5090-EMGTC","Female",59,"Yes","No",59,1,"Fiber optic",2,3,3,"Occasional",24,100.05,"No",0,"Female",59,"Yes","No",59,1,"Fiber optic",2,3,3,"Occasional",24,100.05,"No",0,20
"5091-HFAZW","Female",64,"No","No",2,1,"5G",3,2,1,"Occasional",1,91.15,"No",0,"Female",64,"No","No",2,1,"5G",3,2,1,"Occasional",1,91.15,"No",0,37
"5092-STPKP","Female",50,"No","No",24,1,"DSL",1,3,0,"Occasional",1,56.35,"No",0,"Female",50,"No","No",24,1,"DSL",1,3,0,"Occasional",1,56.35,"No",0,20
"5095-ETBRJ","Female",36,"No","No",55,1,"5G",3,3,0,"Occasional",24,56.8,"No",0,"Female",36,"No","No",55,1,"5G",3,3,0,"Occasional",24,56.8,"No",0,5
"5099-BAILX","Male",79,"Yes","Yes",43,2,"5G",2,3,3,"Occasional",1,110.75,"Yes",1,"Male",79,"Yes","Yes",43,2,"5G",2,3,3,"Occasional",1,110.75,"Yes",1,NA
"5108-ADXWO","Male",21,"No","No",11,1,"Fiber optic",1,2,0,"Frequent",1,73.5,"Yes",0,"Male",21,"No","No",11,1,"Fiber optic",1,2,0,"Frequent",1,73.5,"Yes",0,NA
"5115-GZDEL","Male",20,"No","Yes",72,0,"DSL",3,3,3,"Occasional",24,67.2,"No",0,"Male",20,"No","Yes",72,0,"DSL",3,3,3,"Occasional",24,67.2,"No",0,24
"5117-IFGPS","Male",85,"Yes","No",29,2,"Fiber optic",0,2,2,"Occasional",1,84.3,"No",0,"Male",85,"Yes","No",29,2,"Fiber optic",0,2,2,"Occasional",1,84.3,"No",0,42
"5117-ZSMHQ","Female",38,"Yes","Yes",71,1,"No",3,3,3,"Occasional",24,89.9,"No",0,"Female",38,"Yes","Yes",71,1,"No",3,3,3,"Occasional",24,89.9,"No",0,2
"5118-MUEYH","Female",28,"Yes","No",48,2,"Fiber optic",2,3,3,"Occasional",1,105.1,"No",0,"Female",28,"Yes","No",48,2,"Fiber optic",2,3,3,"Occasional",1,105.1,"No",0,4
"5119-NZPTV","Male",86,"Yes","No",2,1,"Fiber optic",0,2,0,"Occasional",1,70.1,"No",0,"Male",86,"Yes","No",2,1,"Fiber optic",0,2,0,"Occasional",1,70.1,"No",0,0
"5120-ZBLAI","Female",60,"Yes","No",50,2,"DSL",0,2,3,"Occasional",12,75.7,"No",0,"Female",60,"Yes","No",50,2,"DSL",0,2,3,"Occasional",12,75.7,"No",0,42
"5122-CYFXA","Female",53,"No","No",3,1,"DSL",2,3,3,"Occasional",1,75.3,"No",1,"Female",53,"No","No",3,1,"DSL",2,3,3,"Occasional",1,75.3,"No",1,42
"5124-EOGYE","Male",62,"No","No",31,1,"No",0,1,0,"Occasional",24,20.45,"No",0,"Male",62,"No","No",31,1,"No",0,1,0,"Occasional",24,20.45,"No",0,28
"5125-CNDSP","Male",25,"No","Yes",63,0,"5G",3,3,0,"Occasional",12,40.6,"No",1,"Male",25,"No","Yes",63,0,"5G",3,3,0,"Occasional",12,40.6,"No",1,22
"5127-BZENZ","Female",61,"Yes","Yes",56,2,"5G",1,2,1,"Occasional",12,65.2,"No",0,"Female",61,"Yes","Yes",56,2,"5G",1,2,1,"Occasional",12,65.2,"No",0,43
"5129-HHMZC","Female",56,"Yes","No",43,2,"5G",3,3,3,"Occasional",24,86.45,"No",0,"Female",56,"Yes","No",43,2,"5G",3,3,3,"Occasional",24,86.45,"No",0,3
"5129-JLPIS","Male",20,"No","No",25,1,"5G",1,3,3,"Occasional",1,105.5,"No",1,"Male",20,"No","No",25,1,"5G",1,3,3,"Occasional",1,105.5,"No",1,53
"5130-IEKQT","Male",86,"No","No",25,1,"No",2,2,3,"Frequent",1,105.95,"Yes",0,"Male",86,"No","No",25,1,"No",2,2,3,"Frequent",1,105.95,"Yes",0,NA
"5130-YPIRV","Female",26,"Yes","No",62,1,"DSL",3,2,1,"Occasional",24,72,"No",0,"Female",26,"Yes","No",62,1,"DSL",3,2,1,"Occasional",24,72,"No",0,1
"5131-PONJI","Male",51,"Yes","Yes",49,1,"No",2,2,1,"Occasional",1,90.4,"No",0,"Male",51,"Yes","Yes",49,1,"No",2,2,1,"Occasional",1,90.4,"No",0,13
"5133-VRSAB","Male",52,"No","No",8,1,"No",1,2,0,"Occasional",1,29.35,"No",0,"Male",52,"No","No",8,1,"No",1,2,0,"Occasional",1,29.35,"No",0,38
"5134-IKDAY","Female",49,"Yes","Yes",1,1,"Fiber optic",0,2,0,"Frequent",1,69.8,"Yes",0,"Female",49,"Yes","Yes",1,1,"Fiber optic",0,2,0,"Frequent",1,69.8,"Yes",0,NA
"5135-GRQJV","Male",71,"Yes","No",72,2,"Fiber optic",3,3,3,"Occasional",24,114.5,"No",0,"Male",71,"Yes","No",72,2,"Fiber optic",3,3,3,"Occasional",24,114.5,"No",0,14
"5135-RDDQL","Female",24,"Yes","Yes",63,1,"DSL",1,2,0,"Occasional",24,50.65,"No",0,"Female",24,"Yes","Yes",63,1,"DSL",1,2,0,"Occasional",24,50.65,"No",0,42
"5136-GFPMB","Male",54,"No","No",54,2,"Fiber optic",0,2,2,"Occasional",1,89.4,"No",0,"Male",54,"No","No",54,2,"Fiber optic",0,2,2,"Occasional",1,89.4,"No",0,19
"5136-KCKGI","Female",56,"Yes","Yes",33,2,"5G",1,2,3,"Frequent",12,103.7,"Yes",0,"Female",56,"Yes","Yes",33,2,"5G",1,2,3,"Frequent",12,103.7,"Yes",0,NA
"5138-WVKYJ","Male",47,"No","No",10,2,"5G",1,2,3,"Occasional",1,98.55,"Yes",1,"Male",47,"No","No",10,2,"5G",1,2,3,"Frequent",1,98.55,"Yes",1,NA
"5141-ZUVBH","Female",62,"No","Yes",9,1,"5G",1,3,2,"Occasional",1,93,"No",0,"Female",62,"No","Yes",9,1,"5G",1,3,2,"Occasional",1,93,"No",0,2
"5144-PQCDZ","Male",51,"No","No",4,1,"No",0,1,0,"Occasional",1,19.95,"No",0,"Male",51,"No","No",4,1,"No",0,1,0,"Occasional",1,19.95,"No",0,39
"5144-TVGLP","Male",87,"No","No",38,1,"No",0,2,3,"Occasional",1,94.75,"No",0,"Male",87,"No","No",38,1,"No",0,2,3,"Occasional",1,94.75,"No",0,22
"5146-CBVOE","Female",27,"No","No",16,1,"5G",2,2,0,"Occasional",1,75.1,"No",1,"Female",27,"No","No",16,1,"5G",2,2,0,"Occasional",1,75.1,"No",1,5
"5146-YYFRZ","Male",46,"No","No",67,1,"No",0,1,0,"Occasional",24,19.95,"No",0,"Male",46,"No","No",67,1,"No",0,1,0,"Occasional",24,19.95,"No",0,32
"5148-HKFIR","Female",42,"No","No",20,1,"5G",0,1,0,"Occasional",24,19.7,"No",1,"Female",42,"No","No",20,1,"5G",0,1,0,"Occasional",24,19.7,"No",1,17
"5148-ORICT","Female",38,"Yes","No",64,1,"No",3,3,2,"Occasional",24,74.35,"No",0,"Female",38,"Yes","No",64,1,"No",3,3,2,"Occasional",24,74.35,"No",0,40
"5149-CUZUJ","Male",27,"Yes","Yes",28,1,"5G",2,3,1,"Occasional",12,92.9,"No",1,"Male",27,"Yes","Yes",28,1,"5G",2,3,1,"Occasional",12,92.9,"No",1,35
"5149-TGWDZ","Female",62,"No","No",21,1,"5G",2,3,3,"Occasional",12,104.55,"No",1,"Female",62,"No","No",21,1,"5G",2,3,3,"Occasional",12,104.55,"No",1,2
"5150-ITWWB","Male",65,"No","No",3,1,"DSL",0,2,3,"Occasional",1,94.85,"No",0,"Male",65,"No","No",3,1,"DSL",0,2,3,"Occasional",1,94.85,"No",0,40
"5150-LJNSR","Male",35,"Yes","Yes",31,2,"5G",1,2,1,"Occasional",12,98.05,"No",1,"Male",35,"Yes","Yes",31,2,"5G",1,2,1,"Occasional",12,98.05,"No",1,16
"5153-LXKDT","Male",21,"Yes","Yes",68,2,"Fiber optic",3,2,3,"Occasional",24,110.2,"No",0,"Male",21,"Yes","Yes",68,2,"Fiber optic",3,2,3,"Occasional",24,110.2,"No",0,2
"5153-RTHKF","Female",38,"No","No",34,2,"5G",0,2,1,"Occasional",1,85.35,"No",0,"Female",38,"No","No",34,2,"5G",0,2,1,"Occasional",1,85.35,"No",0,20
"5155-AZQPB","Female",57,"Yes","Yes",28,2,"DSL",0,2,0,"Occasional",1,49.9,"No",0,"Female",57,"Yes","Yes",28,2,"DSL",0,2,0,"Occasional",1,49.9,"No",0,13
"5159-YFPKQ","Female",63,"No","No",2,1,"5G",0,2,0,"Frequent",1,75.8,"Yes",0,"Female",63,"No","No",2,1,"5G",0,2,0,"Frequent",1,75.8,"Yes",0,NA
"5160-UXJED","Male",35,"No","Yes",17,1,"5G",0,2,0,"Occasional",12,44.6,"No",1,"Male",35,"No","Yes",17,1,"5G",0,2,0,"Occasional",12,44.6,"No",1,33
"5161-UBZXI","Male",28,"Yes","Yes",69,1,"Fiber optic",3,3,3,"Occasional",24,106.35,"No",0,"Male",28,"Yes","Yes",69,1,"Fiber optic",3,3,3,"Occasional",24,106.35,"No",0,35
"5167-GBFRE","Male",65,"No","No",4,0,"DSL",0,2,0,"Frequent",1,25.2,"Yes",0,"Male",65,"No","No",4,0,"DSL",0,2,0,"Occasional",1,25.2,"Yes",0,NA
"5167-ZFFMM","Male",27,"No","No",1,2,"5G",2,2,2,"Frequent",1,90.85,"Yes",1,"Male",27,"No","No",1,2,"5G",2,2,2,"Frequent",1,90.85,"Yes",1,NA
"5168-MQQCA","Female",51,"Yes","No",72,2,"5G",2,3,3,"Occasional",12,108.5,"No",1,"Female",51,"Yes","No",72,2,"5G",2,3,3,"Occasional",12,108.5,"No",1,40
"5168-MSWXT","Male",44,"Yes","Yes",8,1,"5G",0,2,3,"Occasional",1,94.75,"No",1,"Male",44,"Yes","Yes",8,1,"5G",0,2,3,"Occasional",1,94.75,"No",1,44
"5170-PTRKA","Female",44,"No","No",49,0,"5G",1,3,0,"Occasional",12,35.8,"No",1,"Female",44,"No","No",49,0,"5G",1,3,0,"Occasional",12,35.8,"No",1,42
"5172-MIGPM","Male",60,"No","No",4,2,"5G",0,3,2,"Occasional",1,65.55,"No",1,"Male",60,"No","No",4,2,"5G",0,3,2,"Occasional",1,65.55,"No",1,0
"5172-RKOCB","Male",35,"Yes","No",72,2,"Fiber optic",3,3,3,"Occasional",24,108.95,"No",0,"Male",35,"Yes","No",72,2,"Fiber optic",3,3,3,"Occasional",24,108.95,"No",0,22
"5173-WXOQV","Male",44,"Yes","No",2,1,"5G",2,3,2,"Occasional",1,64.2,"No",1,"Male",44,"Yes","No",2,1,"5G",2,3,2,"Occasional",1,64.2,"No",1,13
"5173-ZXXXL","Male",57,"No","No",2,1,"5G",0,1,0,"Occasional",12,19.95,"No",1,"Male",57,"No","No",2,1,"5G",0,1,0,"Occasional",12,19.95,"No",1,20
"5174-ITUMV","Male",28,"Yes","Yes",67,2,"5G",2,2,3,"Occasional",12,105.4,"No",1,"Male",28,"Yes","Yes",67,2,"5G",2,2,3,"Occasional",12,105.4,"No",1,1
"5175-AOBHI","Female",32,"No","No",4,1,"DSL",0,2,0,"Frequent",1,46,"Yes",0,"Female",32,"No","No",4,1,"DSL",0,2,0,"Frequent",1,46,"Yes",0,NA
"5175-WLYXL","Male",59,"No","No",22,2,"5G",2,2,0,"Occasional",1,78.85,"No",1,"Male",59,"No","No",22,2,"5G",2,2,0,"Occasional",1,78.85,"No",1,5
"5176-LMJXE","Female",39,"No","No",47,1,"5G",0,1,0,"Occasional",24,20.55,"No",1,"Female",39,"No","No",47,1,"5G",0,1,0,"Occasional",24,20.55,"No",1,37
"5176-OLSKT","Female",30,"Yes","No",66,2,"DSL",3,2,0,"Occasional",24,66.9,"No",0,"Female",30,"Yes","No",66,2,"DSL",3,2,0,"Occasional",24,66.9,"No",0,26
"5178-LMXOP","Male",90,"Yes","No",1,1,"No",0,2,3,"Frequent",1,95.1,"Yes",0,"Male",90,"Yes","No",1,1,"No",0,2,3,"Frequent",1,95.1,"Yes",0,NA
"5180-UCIIQ","Male",89,"Yes","Yes",22,0,"DSL",1,2,2,"Frequent",1,40.05,"Yes",0,"Male",89,"Yes","Yes",22,0,"DSL",1,2,2,"Occasional",1,40.05,"Yes",0,NA
"5181-OABFK","Female",44,"Yes","Yes",56,1,"DSL",3,2,0,"Occasional",24,61.3,"No",0,"Female",44,"Yes","Yes",56,1,"DSL",3,2,0,"Occasional",24,61.3,"No",0,2
"5183-KLYEM","Female",41,"No","No",72,2,"Fiber optic",3,3,3,"Occasional",24,112.75,"No",0,"Female",41,"No","No",72,2,"Fiber optic",3,3,3,"Occasional",24,112.75,"No",0,2
"5183-SNMJQ","Male",52,"No","No",10,1,"5G",0,3,3,"Occasional",1,95.1,"No",1,"Male",52,"No","No",10,1,"5G",0,3,3,"Occasional",1,95.1,"No",1,18
"5186-EJEGL","Male",41,"No","No",9,1,"DSL",1,3,1,"Occasional",1,69.5,"No",0,"Male",41,"No","No",9,1,"DSL",1,3,1,"Occasional",1,69.5,"No",0,8
"5186-PEIZU","Female",35,"No","No",35,1,"No",0,1,0,"Occasional",1,19.25,"No",0,"Female",35,"No","No",35,1,"No",0,1,0,"Occasional",1,19.25,"No",0,32
"5186-SAMNZ","Male",82,"No","No",1,1,"No",0,2,0,"Frequent",1,69.5,"Yes",0,"Male",82,"No","No",1,1,"No",0,2,0,"Frequent",1,69.5,"Yes",0,NA
"5188-HGMLP","Male",66,"Yes","No",54,2,"Fiber optic",0,2,0,"Occasional",1,74,"No",0,"Male",66,"Yes","No",54,2,"Fiber optic",0,2,0,"Occasional",1,74,"No",0,21
"5192-EBGOV","Female",86,"No","No",1,2,"5G",0,2,1,"Occasional",1,85.7,"Yes",1,"Female",86,"No","No",1,2,"5G",0,2,1,"Frequent",1,85.7,"Yes",1,NA
"5193-QLVZB","Male",19,"No","No",63,2,"5G",2,2,3,"Occasional",24,104.75,"No",0,"Male",19,"No","No",63,2,"5G",2,2,3,"Occasional",24,104.75,"No",0,34
"5195-KPUNQ","Female",78,"No","No",53,1,"Fiber optic",3,3,2,"Occasional",12,96.75,"No",0,"Female",78,"No","No",53,1,"Fiber optic",3,3,2,"Occasional",12,96.75,"No",0,42
"5196-SGOAK","Female",21,"No","No",1,1,"Fiber optic",2,2,0,"Frequent",1,75.7,"Yes",0,"Female",21,"No","No",1,1,"Fiber optic",2,2,0,"Frequent",1,75.7,"Yes",0,NA
"5196-WPYOW","Male",27,"Yes","Yes",67,1,"DSL",3,3,0,"Occasional",12,60.05,"No",0,"Male",27,"Yes","Yes",67,1,"DSL",3,3,0,"Occasional",12,60.05,"No",0,25
"5197-LQXXH","Female",59,"Yes","No",71,1,"No",2,3,3,"Occasional",24,83.3,"No",0,"Female",59,"Yes","No",71,1,"No",2,3,3,"Occasional",24,83.3,"No",0,18
"5197-PYEPU","Female",59,"Yes","Yes",42,2,"5G",3,2,1,"Occasional",12,94.45,"No",0,"Female",59,"Yes","Yes",42,2,"5G",3,2,1,"Occasional",12,94.45,"No",0,2
"5197-YPYBZ","Female",20,"Yes","Yes",12,2,"5G",0,1,0,"Occasional",24,25.25,"No",0,"Female",20,"Yes","Yes",12,2,"5G",0,1,0,"Occasional",24,25.25,"No",0,11
"5198-EFNBM","Male",82,"Yes","No",57,1,"DSL",2,2,1,"Occasional",12,90.65,"No",0,"Male",82,"Yes","No",57,1,"DSL",2,2,1,"Occasional",12,90.65,"No",0,15
"5201-FRKKS","Male",39,"No","No",25,1,"Fiber optic",1,2,0,"Occasional",1,74.3,"No",0,"Male",39,"No","No",25,1,"Fiber optic",1,2,0,"Occasional",1,74.3,"No",0,39
"5201-USSQZ","Female",21,"Yes","No",26,1,"Fiber optic",0,3,2,"Occasional",1,85.9,"No",0,"Female",21,"Yes","No",26,1,"Fiber optic",0,3,2,"Occasional",1,85.9,"No",0,16
"5203-XEHAX","Female",21,"No","No",34,1,"DSL",3,2,2,"Occasional",12,64.35,"No",0,"Female",21,"No","No",34,1,"DSL",3,2,2,"Occasional",12,64.35,"No",0,21
"5204-QZXPU","Male",22,"No","No",19,0,"DSL",0,2,1,"Frequent",1,39.65,"Yes",0,"Male",22,"No","No",19,0,"DSL",0,2,1,"Occasional",1,39.65,"Yes",0,NA
"5206-XZZQI","Male",30,"No","No",53,1,"Fiber optic",2,3,0,"Occasional",1,80.6,"No",0,"Male",30,"No","No",53,1,"Fiber optic",2,3,0,"Occasional",1,80.6,"No",0,39
"5207-PLSTK","Male",60,"Yes","Yes",1,1,"5G",1,2,0,"Occasional",1,48.75,"No",0,"Male",60,"Yes","Yes",1,1,"5G",1,2,0,"Occasional",1,48.75,"No",0,1
"5208-FVQKB","Male",21,"Yes","No",70,1,"DSL",3,3,2,"Occasional",24,67.95,"No",0,"Male",21,"Yes","No",70,1,"DSL",3,3,2,"Occasional",24,67.95,"No",0,3
"5208-HFSBT","Female",30,"No","No",2,1,"5G",2,3,0,"Occasional",1,55.05,"Yes",0,"Female",30,"No","No",2,1,"5G",2,3,0,"Occasional",1,55.05,"Yes",0,NA
"5213-TWWJU","Male",40,"No","No",28,1,"No",0,3,2,"Occasional",1,91,"No",0,"Male",40,"No","No",28,1,"No",0,3,2,"Occasional",1,91,"No",0,5
"5214-NLTIT","Male",34,"Yes","Yes",72,2,"Fiber optic",0,2,2,"Occasional",24,90.8,"No",0,"Male",34,"Yes","Yes",72,2,"Fiber optic",0,2,2,"Occasional",24,90.8,"No",0,33
"5215-LNLDJ","Female",63,"No","No",7,0,"DSL",0,2,0,"Occasional",1,24.7,"No",0,"Female",63,"No","No",7,0,"DSL",0,2,0,"Occasional",1,24.7,"No",0,21
"5219-YIPTK","Female",38,"Yes","No",33,2,"Fiber optic",2,2,3,"Frequent",1,104.4,"Yes",0,"Female",38,"Yes","No",33,2,"Fiber optic",2,2,3,"Frequent",1,104.4,"Yes",0,NA
"5223-UZAVK","Male",42,"No","No",64,1,"5G",3,2,3,"Occasional",12,100.3,"No",0,"Male",42,"No","No",64,1,"5G",3,2,3,"Occasional",12,100.3,"No",0,40
"5227-JSCFE","Male",72,"Yes","No",71,0,"DSL",3,3,0,"Occasional",24,46.35,"No",0,"Male",72,"Yes","No",71,0,"DSL",3,3,0,"Occasional",24,46.35,"No",0,38
"5228-EXCET","Male",27,"No","No",13,1,"Fiber optic",0,2,2,"Frequent",1,80.85,"Yes",0,"Male",27,"No","No",13,1,"Fiber optic",0,2,2,"Frequent",1,80.85,"Yes",0,NA
"5229-DTFYB","Female",26,"No","No",41,1,"DSL",2,3,3,"Occasional",24,98.8,"No",1,"Female",26,"No","No",41,1,"DSL",2,3,3,"Occasional",24,98.8,"No",1,0
"5229-PRWKT","Male",45,"No","No",8,2,"Fiber optic",0,2,2,"Frequent",1,86.55,"Yes",0,"Male",45,"No","No",8,2,"Fiber optic",0,2,2,"Frequent",1,86.55,"Yes",0,NA
"5233-AOZUF","Female",47,"Yes","No",29,2,"5G",0,2,0,"Occasional",1,74.95,"No",1,"Female",47,"Yes","No",29,2,"5G",0,2,0,"Occasional",1,74.95,"No",1,20
"5240-CAOYT","Female",55,"No","No",57,2,"5G",3,3,0,"Occasional",1,87.55,"No",1,"Female",55,"No","No",57,2,"5G",3,3,0,"Occasional",1,87.55,"No",1,9
"5240-IJOQT","Male",85,"No","No",1,2,"5G",0,2,0,"Frequent",1,74.7,"Yes",0,"Male",85,"No","No",1,2,"5G",0,2,0,"Frequent",1,74.7,"Yes",0,NA
"5244-IRFIH","Male",82,"Yes","No",33,2,"5G",0,2,3,"Occasional",1,94.5,"Yes",1,"Male",82,"Yes","No",33,2,"5G",0,2,3,"Frequent",1,94.5,"Yes",1,NA
"5245-VDBUR","Female",41,"No","No",52,0,"DSL",1,2,0,"Occasional",12,35.45,"No",0,"Female",41,"No","No",52,0,"DSL",1,2,0,"Occasional",12,35.45,"No",0,1
"5248-YGIJN","Male",27,"Yes","No",72,2,"5G",3,3,3,"Occasional",24,90.25,"No",1,"Male",27,"Yes","No",72,2,"5G",3,3,3,"Occasional",24,90.25,"No",1,62
"5249-QYHEX","Female",42,"No","No",40,2,"5G",0,1,0,"Occasional",24,24.8,"No",1,"Female",42,"No","No",40,2,"5G",0,1,0,"Occasional",24,24.8,"No",1,17
"5256-SKJGO","Female",60,"Yes","Yes",64,0,"5G",2,3,3,"Occasional",24,54.6,"No",1,"Female",60,"Yes","Yes",64,0,"5G",2,3,3,"Occasional",24,54.6,"No",1,51
"5260-UMPWX","Female",19,"Yes","Yes",26,1,"No",0,1,0,"Occasional",1,20.25,"No",0,"Female",19,"Yes","Yes",26,1,"No",0,1,0,"Occasional",1,20.25,"No",0,40
"5266-PFRQK","Male",20,"Yes","Yes",52,1,"No",0,1,0,"Occasional",12,20.85,"No",0,"Male",20,"Yes","Yes",52,1,"No",0,1,0,"Occasional",12,20.85,"No",0,37
"5269-NRGDP","Male",53,"Yes","Yes",42,1,"DSL",0,3,3,"Occasional",12,73.15,"No",0,"Male",53,"Yes","Yes",42,1,"DSL",0,3,3,"Occasional",12,73.15,"No",0,16
"5271-DBYSJ","Male",80,"No","No",11,1,"Fiber optic",0,2,2,"Occasional",1,79.15,"No",0,"Male",80,"No","No",11,1,"Fiber optic",0,2,2,"Occasional",1,79.15,"No",0,12
"5271-YNWVR","Male",55,"Yes","Yes",68,2,"Fiber optic",3,3,3,"Occasional",24,113.15,"Yes",0,"Male",55,"Yes","Yes",68,2,"Fiber optic",3,3,3,"Occasional",24,113.15,"Yes",0,NA
"5274-XHAKY","Female",24,"Yes","Yes",41,2,"Fiber optic",3,2,1,"Occasional",1,94.3,"No",0,"Female",24,"Yes","Yes",41,2,"Fiber optic",3,2,1,"Occasional",1,94.3,"No",0,1
"5275-PMFUT","Male",57,"Yes","Yes",72,0,"5G",3,3,3,"Occasional",24,64.8,"No",1,"Male",57,"Yes","Yes",72,0,"5G",3,3,3,"Occasional",24,64.8,"No",1,8
"5275-SQEIZ","Male",48,"No","No",1,1,"Fiber optic",0,2,2,"Frequent",1,80.85,"Yes",0,"Male",48,"No","No",1,1,"Fiber optic",0,2,2,"Frequent",1,80.85,"Yes",0,NA
"5276-KQWHG","Female",89,"No","No",2,1,"Fiber optic",0,2,0,"Frequent",1,69.6,"Yes",0,"Female",89,"No","No",2,1,"Fiber optic",0,2,0,"Frequent",1,69.6,"Yes",0,NA
"5278-PNYOX","Female",55,"No","No",49,1,"Fiber optic",0,3,3,"Occasional",24,100.65,"No",0,"Female",55,"No","No",49,1,"Fiber optic",0,3,3,"Occasional",24,100.65,"No",0,27
"5285-MVEHD","Female",38,"Yes","No",56,1,"5G",3,2,3,"Occasional",12,105.6,"No",1,"Female",38,"Yes","No",56,1,"5G",3,2,3,"Occasional",12,105.6,"No",1,28
"5287-QWLKY","Male",79,"Yes","Yes",71,2,"Fiber optic",3,2,3,"Frequent",1,105.1,"Yes",0,"Male",79,"Yes","Yes",71,2,"Fiber optic",3,2,3,"Frequent",1,105.1,"Yes",0,NA
"5288-AHOUP","Male",70,"No","No",11,1,"Fiber optic",0,2,2,"Occasional",1,78.5,"No",0,"Male",70,"No","No",11,1,"Fiber optic",0,2,2,"Occasional",1,78.5,"No",0,3
"5294-CDGWY","Male",60,"Yes","Yes",51,0,"DSL",3,2,3,"Frequent",12,59.3,"Yes",0,"Male",60,"Yes","Yes",51,0,"DSL",3,2,3,"Occasional",12,59.3,"Yes",0,NA
"5294-IMHHT","Male",20,"Yes","No",53,1,"No",2,3,2,"Occasional",12,97.75,"No",0,"Male",20,"Yes","No",53,1,"No",2,3,2,"Occasional",12,97.75,"No",0,24
"5295-PCJOO","Male",48,"No","Yes",4,1,"DSL",1,2,0,"Frequent",1,49.4,"Yes",0,"Male",48,"No","Yes",4,1,"DSL",1,2,0,"Occasional",1,49.4,"Yes",0,NA
"5296-BFCYD","Male",51,"No","No",46,1,"5G",0,1,0,"Occasional",24,20.1,"No",0,"Male",51,"No","No",46,1,"5G",0,1,0,"Occasional",24,20.1,"No",0,32
"5297-MDOIR","Female",62,"Yes","No",63,1,"Fiber optic",1,2,0,"Occasional",12,81.15,"No",0,"Female",62,"Yes","No",63,1,"Fiber optic",1,2,0,"Occasional",12,81.15,"No",0,26
"5298-GSTLM","Female",65,"No","No",60,2,"Fiber optic",1,2,3,"Occasional",12,101.4,"No",0,"Female",65,"No","No",60,2,"Fiber optic",1,2,3,"Occasional",12,101.4,"No",0,6
"5299-RULOA","Female",31,"Yes","Yes",10,2,"5G",1,2,3,"Occasional",1,100.25,"Yes",1,"Female",31,"Yes","Yes",10,2,"5G",1,2,3,"Frequent",1,100.25,"Yes",1,NA
"5299-SJCZT","Male",39,"No","No",3,2,"Fiber optic",0,2,3,"Frequent",1,101.55,"Yes",0,"Male",39,"No","No",3,2,"Fiber optic",0,2,3,"Frequent",1,101.55,"Yes",0,NA
"5301-GAUUY","Male",28,"No","No",32,2,"5G",2,2,0,"Occasional",1,80.35,"Yes",1,"Male",28,"No","No",32,2,"5G",2,2,0,"Frequent",1,80.35,"Yes",1,NA
"5302-BDJNT","Male",55,"No","No",35,2,"DSL",0,3,1,"Occasional",1,95.5,"No",0,"Male",55,"No","No",35,2,"DSL",0,3,1,"Occasional",1,95.5,"No",0,29
"5304-EFJLP","Male",83,"Yes","No",72,2,"Fiber optic",2,3,3,"Occasional",24,111.65,"No",0,"Male",83,"Yes","No",72,2,"Fiber optic",2,3,3,"Occasional",24,111.65,"No",0,18
"5307-UVGNB","Female",58,"Yes","Yes",53,1,"No",3,2,2,"Occasional",1,48.7,"No",0,"Female",58,"Yes","Yes",53,1,"No",3,2,2,"Occasional",1,48.7,"No",0,41
"5309-TAIKL","Female",54,"No","No",7,1,"DSL",0,3,2,"Occasional",1,62.8,"No",0,"Female",54,"No","No",7,1,"DSL",0,3,2,"Occasional",1,62.8,"No",0,37
"5310-NOOVA","Male",47,"No","No",46,1,"No",0,1,0,"Occasional",24,19.95,"No",0,"Male",47,"No","No",46,1,"No",0,1,0,"Occasional",24,19.95,"No",0,12
"5311-IHLEI","Male",36,"No","No",12,1,"No",3,3,1,"Occasional",1,50.95,"No",0,"Male",36,"No","No",12,1,"No",3,3,1,"Occasional",1,50.95,"No",0,4
"5313-FPXWG","Male",20,"No","No",51,2,"5G",0,1,0,"Occasional",12,24.6,"No",1,"Male",20,"No","No",51,2,"5G",0,1,0,"Occasional",12,24.6,"No",1,43
"5317-FLPJF","Female",60,"No","No",66,0,"DSL",1,3,3,"Occasional",24,61.35,"No",0,"Female",60,"No","No",66,0,"DSL",1,3,3,"Occasional",24,61.35,"No",0,20
"5318-IXUZF","Female",53,"No","No",2,1,"5G",2,2,1,"Frequent",1,87.15,"Yes",0,"Female",53,"No","No",2,1,"5G",2,2,1,"Frequent",1,87.15,"Yes",0,NA
"5318-YKDPV","Male",37,"Yes","Yes",43,1,"DSL",1,3,3,"Occasional",24,79.15,"No",1,"Male",37,"Yes","Yes",43,1,"DSL",1,3,3,"Occasional",24,79.15,"No",1,3
"5322-TEUJK","Female",21,"Yes","Yes",71,2,"Fiber optic",3,3,3,"Occasional",24,114.6,"No",0,"Female",21,"Yes","Yes",71,2,"Fiber optic",3,3,3,"Occasional",24,114.6,"No",0,37
"5322-ZSMZY","Male",19,"Yes","Yes",31,1,"No",0,1,0,"Occasional",24,25.75,"No",0,"Male",19,"Yes","Yes",31,1,"No",0,1,0,"Occasional",24,25.75,"No",0,15
"5325-UWTWJ","Male",31,"Yes","No",31,2,"Fiber optic",3,3,0,"Occasional",1,90.55,"No",0,"Male",31,"Yes","No",31,2,"Fiber optic",3,3,0,"Occasional",1,90.55,"No",0,18
"5327-XOKKY","Male",77,"Yes","No",72,2,"DSL",0,2,3,"Occasional",24,73.45,"No",0,"Male",77,"Yes","No",72,2,"DSL",0,2,3,"Occasional",24,73.45,"No",0,19
"5331-RGMTT","Male",89,"Yes","No",54,2,"Fiber optic",0,2,3,"Occasional",1,99.05,"No",0,"Male",89,"Yes","No",54,2,"Fiber optic",0,2,3,"Occasional",1,99.05,"No",0,43
"5334-AFQJB","Male",69,"No","No",72,2,"5G",0,1,0,"Occasional",24,25.1,"No",0,"Male",69,"No","No",72,2,"5G",0,1,0,"Occasional",24,25.1,"No",0,14
"5334-JLAXU","Female",40,"Yes","No",60,2,"5G",3,2,2,"Occasional",1,94.1,"No",0,"Female",40,"Yes","No",60,2,"5G",3,2,2,"Occasional",1,94.1,"No",0,24
"5336-UFNZP","Female",75,"Yes","Yes",65,2,"Fiber optic",2,2,3,"Occasional",12,107.45,"No",0,"Female",75,"Yes","Yes",65,2,"Fiber optic",2,2,3,"Occasional",12,107.45,"No",0,7
"5337-IIWKZ","Male",46,"Yes","Yes",34,0,"5G",0,3,1,"Occasional",1,44.85,"No",1,"Male",46,"Yes","Yes",34,0,"5G",0,3,1,"Occasional",1,44.85,"No",1,23
"5339-PXDVH","Male",30,"No","No",4,2,"Fiber optic",1,2,1,"Occasional",1,90.65,"No",0,"Male",30,"No","No",4,2,"Fiber optic",1,2,1,"Occasional",1,90.65,"No",0,10
"5339-TJFEK","Male",32,"Yes","Yes",62,2,"Fiber optic",3,2,3,"Occasional",1,105.5,"No",0,"Male",32,"Yes","Yes",62,2,"Fiber optic",3,2,3,"Occasional",1,105.5,"No",0,5
"5343-SGUBI","Female",25,"No","No",52,2,"Fiber optic",2,2,0,"Occasional",12,80.2,"No",0,"Female",25,"No","No",52,2,"Fiber optic",2,2,0,"Occasional",12,80.2,"No",0,2
"5345-BMKWB","Male",21,"Yes","No",8,1,"No",0,1,0,"Occasional",1,20.25,"No",0,"Male",21,"Yes","No",8,1,"No",0,1,0,"Occasional",1,20.25,"No",0,6
"5346-BZCHP","Female",20,"Yes","Yes",69,1,"5G",0,1,0,"Occasional",24,19.4,"No",0,"Female",20,"Yes","Yes",69,1,"5G",0,1,0,"Occasional",24,19.4,"No",0,35
"5348-CAGXB","Male",44,"No","No",12,2,"5G",0,2,1,"Occasional",1,89.55,"No",1,"Male",44,"No","No",12,2,"5G",0,2,1,"Occasional",1,89.55,"No",1,38
"5349-AZPEW","Female",62,"No","No",5,0,"5G",0,2,0,"Occasional",1,25.05,"No",0,"Female",62,"No","No",5,0,"5G",0,2,0,"Occasional",1,25.05,"No",0,11
"5349-IECLD","Male",34,"No","No",2,1,"Fiber optic",0,2,3,"Frequent",1,94.95,"Yes",0,"Male",34,"No","No",2,1,"Fiber optic",0,2,3,"Occasional",1,94.95,"Yes",0,NA
"5351-QESIO","Male",48,"No","No",1,0,"DSL",0,2,0,"Occasional",1,24.2,"No",0,"Male",48,"No","No",1,0,"DSL",0,2,0,"Occasional",1,24.2,"No",0,4
"5356-KZCKT","Male",20,"No","No",58,2,"5G",0,1,0,"Occasional",24,24.45,"No",0,"Male",20,"No","No",58,2,"5G",0,1,0,"Occasional",24,24.45,"No",0,16
"5357-TZHPP","Male",83,"No","No",9,2,"DSL",0,2,2,"Frequent",1,84.4,"Yes",0,"Male",83,"No","No",9,2,"DSL",0,2,2,"Frequent",1,84.4,"Yes",0,NA
"5360-LJCNJ","Female",26,"Yes","No",71,2,"Fiber optic",2,2,3,"Occasional",24,105.15,"No",0,"Female",26,"Yes","No",71,2,"Fiber optic",2,2,3,"Occasional",24,105.15,"No",0,44
"5364-EVNIB","Male",39,"No","No",13,1,"Fiber optic",2,2,0,"Frequent",1,79.8,"Yes",0,"Male",39,"No","No",13,1,"Fiber optic",2,2,0,"Frequent",1,79.8,"Yes",0,NA
"5364-XYIRR","Male",41,"Yes","No",51,2,"5G",0,2,3,"Frequent",1,94.65,"Yes",0,"Male",41,"Yes","No",51,2,"5G",0,2,3,"Frequent",1,94.65,"Yes",0,NA
"5366-IJEQJ","Male",24,"No","No",20,2,"Fiber optic",0,2,1,"Frequent",1,88.7,"Yes",0,"Male",24,"No","No",20,2,"Fiber optic",0,2,1,"Frequent",1,88.7,"Yes",0,NA
"5366-OBVMR","Female",52,"No","No",18,1,"No",0,3,0,"Occasional",1,50.3,"No",0,"Female",52,"No","No",18,1,"No",0,3,0,"Occasional",1,50.3,"No",0,16
"5370-IIVVL","Male",45,"No","No",37,2,"5G",2,3,3,"Occasional",12,104.5,"No",0,"Male",45,"No","No",37,2,"5G",2,3,3,"Occasional",12,104.5,"No",0,43
"5371-VYLSX","Female",87,"No","No",50,2,"Fiber optic",3,2,0,"Occasional",1,83.4,"No",0,"Female",87,"No","No",50,2,"Fiber optic",3,2,0,"Occasional",1,83.4,"No",0,19
"5375-XLDOF","Male",53,"Yes","Yes",69,2,"Fiber optic",3,3,3,"Occasional",24,114.35,"No",0,"Male",53,"Yes","Yes",69,2,"Fiber optic",3,3,3,"Occasional",24,114.35,"No",0,1
"5376-DEQCP","Female",38,"No","No",1,1,"Fiber optic",0,2,0,"Frequent",1,70.6,"Yes",0,"Female",38,"No","No",1,1,"Fiber optic",0,2,0,"Frequent",1,70.6,"Yes",0,NA
"5376-PCKNB","Male",21,"Yes","Yes",72,2,"Fiber optic",2,2,3,"Occasional",12,104.45,"No",0,"Male",21,"Yes","Yes",72,2,"Fiber optic",2,2,3,"Occasional",12,104.45,"No",0,21
"5377-NDTOU","Female",58,"Yes","Yes",71,2,"5G",3,3,3,"Occasional",24,91.05,"No",0,"Female",58,"Yes","Yes",71,2,"5G",3,3,3,"Occasional",24,91.05,"No",0,20
"5378-IKEEG","Female",63,"No","No",1,0,"DSL",0,2,1,"Frequent",1,35.75,"Yes",0,"Female",63,"No","No",1,0,"DSL",0,2,1,"Frequent",1,35.75,"Yes",0,NA
"5380-WJKOV","Male",20,"No","No",34,2,"5G",2,2,3,"Occasional",1,106.35,"Yes",1,"Male",20,"No","No",34,2,"5G",2,2,3,"Frequent",1,106.35,"Yes",1,NA
"5380-XPJNZ","Female",43,"No","No",38,1,"No",0,1,0,"Occasional",12,20.05,"No",0,"Female",43,"No","No",38,1,"No",0,1,0,"Occasional",12,20.05,"No",0,8
"5382-SOYZL","Male",36,"No","No",22,2,"5G",0,2,3,"Occasional",1,95.1,"No",1,"Male",36,"No","No",22,2,"5G",0,2,3,"Occasional",1,95.1,"No",1,24
"5386-THSLQ","Female",79,"Yes","No",66,0,"5G",2,2,1,"Occasional",12,45.55,"No",1,"Female",79,"Yes","No",66,0,"5G",2,2,1,"Occasional",12,45.55,"No",1,63
"5387-ASZNZ","Female",69,"No","No",66,1,"No",3,3,0,"Occasional",12,63.85,"No",0,"Female",69,"No","No",66,1,"No",3,3,0,"Occasional",12,63.85,"No",0,37
"5389-FFVKB","Male",66,"Yes","No",32,1,"Fiber optic",0,2,2,"Frequent",1,80.3,"Yes",0,"Male",66,"Yes","No",32,1,"Fiber optic",0,2,2,"Occasional",1,80.3,"Yes",0,NA
"5393-HJZSM","Female",45,"Yes","Yes",32,1,"DSL",3,3,2,"Occasional",1,76.3,"No",1,"Female",45,"Yes","Yes",32,1,"DSL",3,3,2,"Occasional",1,76.3,"No",1,23
"5394-MEITZ","Female",53,"Yes","Yes",60,1,"5G",2,3,3,"Occasional",24,80.6,"No",1,"Female",53,"Yes","Yes",60,1,"5G",2,3,3,"Occasional",24,80.6,"No",1,24
"5394-SVGJV","Male",38,"No","No",37,2,"5G",0,3,3,"Occasional",1,98.8,"Yes",0,"Male",38,"No","No",37,2,"5G",0,3,3,"Occasional",1,98.8,"Yes",0,NA
"5396-IZEPB","Male",55,"No","No",9,1,"No",0,1,0,"Occasional",1,19.7,"No",0,"Male",55,"No","No",9,1,"No",0,1,0,"Occasional",1,19.7,"No",0,4
"5397-NSKQG","Male",55,"Yes","Yes",67,1,"No",1,2,3,"Occasional",24,50.9,"No",0,"Male",55,"Yes","Yes",67,1,"No",1,2,3,"Occasional",24,50.9,"No",0,28
"5397-TUPSH","Male",73,"Yes","No",65,1,"Fiber optic",0,2,0,"Occasional",12,70.95,"No",0,"Male",73,"Yes","No",65,1,"Fiber optic",0,2,0,"Occasional",12,70.95,"No",0,10
"5402-HTOTQ","Male",30,"No","No",16,2,"No",2,2,0,"Occasional",1,55.3,"No",0,"Male",30,"No","No",16,2,"No",2,2,0,"Occasional",1,55.3,"No",0,7
"5404-GGUKR","Male",36,"No","No",5,1,"DSL",2,2,0,"Occasional",1,51.35,"No",0,"Male",36,"No","No",5,1,"DSL",2,2,0,"Occasional",1,51.35,"No",0,43
"5405-ZMYXQ","Female",55,"No","No",8,2,"DSL",0,2,0,"Occasional",1,74.6,"No",0,"Female",55,"No","No",8,2,"DSL",0,2,0,"Occasional",1,74.6,"No",0,19
"5406-KGRMX","Female",22,"No","No",71,1,"No",0,1,0,"Occasional",24,24.55,"No",0,"Female",22,"No","No",71,1,"No",0,1,0,"Occasional",24,24.55,"No",0,45
"5419-CONWX","Female",78,"No","No",4,1,"DSL",2,2,3,"Frequent",1,99.8,"Yes",0,"Female",78,"No","No",4,1,"DSL",2,2,3,"Frequent",1,99.8,"Yes",0,NA
"5419-JKZNQ","Male",71,"Yes","No",30,2,"Fiber optic",0,2,0,"Occasional",1,77.9,"No",0,"Male",71,"Yes","No",30,2,"Fiber optic",0,2,0,"Occasional",1,77.9,"No",0,14
"5419-JPRRN","Male",25,"No","No",1,2,"Fiber optic",0,2,3,"Frequent",1,101.45,"Yes",0,"Male",25,"No","No",1,2,"Fiber optic",0,2,3,"Occasional",1,101.45,"Yes",0,NA
"5424-RLQLC","Male",45,"No","No",10,1,"DSL",2,2,1,"Occasional",1,59.65,"No",0,"Male",45,"No","No",10,1,"DSL",2,2,1,"Occasional",1,59.65,"No",0,32
"5433-KYGHE","Female",63,"No","Yes",14,2,"5G",1,3,0,"Occasional",1,86,"No",1,"Female",63,"No","Yes",14,2,"5G",1,3,0,"Occasional",1,86,"No",1,7
"5438-QMDDL","Female",36,"Yes","No",19,1,"DSL",2,2,2,"Occasional",1,59.8,"No",0,"Female",36,"Yes","No",19,1,"DSL",2,2,2,"Occasional",1,59.8,"No",0,20
"5439-WIKXB","Male",77,"Yes","No",41,1,"Fiber optic",2,2,3,"Occasional",1,94.55,"No",0,"Male",77,"Yes","No",41,1,"Fiber optic",2,2,3,"Occasional",1,94.55,"No",0,37
"5440-FLBQG","Male",65,"Yes","No",69,2,"5G",2,3,3,"Occasional",24,108.4,"Yes",0,"Male",65,"Yes","No",69,2,"5G",2,3,3,"Occasional",24,108.4,"Yes",0,NA
"5440-VHLUL","Male",28,"No","No",69,1,"No",2,3,3,"Occasional",12,105.2,"No",0,"Male",28,"No","No",69,1,"No",2,3,3,"Occasional",12,105.2,"No",0,27
"5442-BHQNG","Female",39,"No","No",2,1,"Fiber optic",0,2,0,"Occasional",1,70.35,"No",0,"Female",39,"No","No",2,1,"Fiber optic",0,2,0,"Occasional",1,70.35,"No",0,32
"5442-UTCVD","Male",56,"No","Yes",3,2,"Fiber optic",0,2,2,"Frequent",1,91.85,"Yes",0,"Male",56,"No","Yes",3,2,"Fiber optic",0,2,2,"Frequent",1,91.85,"Yes",0,NA
"5442-XSDCW","Male",27,"Yes","Yes",11,1,"5G",0,2,1,"Frequent",1,79.5,"Yes",0,"Male",27,"Yes","Yes",11,1,"5G",0,2,1,"Frequent",1,79.5,"Yes",0,NA
"5443-SCMKX","Female",19,"Yes","No",58,2,"Fiber optic",2,2,2,"Occasional",12,94.3,"No",0,"Female",19,"Yes","No",58,2,"Fiber optic",2,2,2,"Occasional",12,94.3,"No",0,5
"5445-PZWGX","Male",26,"No","No",62,2,"Fiber optic",3,3,2,"Occasional",12,102,"Yes",0,"Male",26,"No","No",62,2,"Fiber optic",3,3,2,"Occasional",12,102,"Yes",0,NA
"5445-UTODQ","Female",23,"Yes","No",7,1,"5G",0,2,1,"Frequent",1,81.1,"Yes",0,"Female",23,"Yes","No",7,1,"5G",0,2,1,"Frequent",1,81.1,"Yes",0,NA
"5446-DKWYW","Female",72,"Yes","Yes",61,2,"DSL",0,2,1,"Occasional",12,65.2,"No",0,"Female",72,"Yes","Yes",61,2,"DSL",0,2,1,"Occasional",12,65.2,"No",0,23
"5447-VYTKW","Male",58,"No","No",27,1,"No",1,3,0,"Occasional",1,53.45,"No",0,"Male",58,"No","No",27,1,"No",1,3,0,"Occasional",1,53.45,"No",0,6
"5447-WZAFP","Female",37,"No","No",53,1,"5G",2,2,3,"Occasional",12,100.3,"No",0,"Female",37,"No","No",53,1,"5G",2,2,3,"Occasional",12,100.3,"No",0,18
"5449-FIBXJ","Male",43,"Yes","Yes",19,2,"Fiber optic",0,3,3,"Occasional",1,103.3,"Yes",0,"Male",43,"Yes","Yes",19,2,"Fiber optic",0,3,3,"Occasional",1,103.3,"Yes",0,NA
"5451-YHYPW","Female",89,"Yes","No",72,2,"Fiber optic",3,3,3,"Occasional",24,115.75,"No",0,"Female",89,"Yes","No",72,2,"Fiber optic",3,3,3,"Occasional",24,115.75,"No",0,16
"5453-YBTWV","Male",23,"Yes","Yes",70,1,"5G",3,3,1,"Occasional",24,101.1,"No",0,"Male",23,"Yes","Yes",70,1,"5G",3,3,1,"Occasional",24,101.1,"No",0,0
"5456-ITGIC","Male",82,"Yes","No",72,1,"No",3,3,3,"Occasional",24,64.45,"No",0,"Male",82,"Yes","No",72,1,"No",3,3,3,"Occasional",24,64.45,"No",0,9
"5457-COLHT","Male",39,"Yes","Yes",69,1,"DSL",3,3,3,"Occasional",24,80.65,"No",0,"Male",39,"Yes","Yes",69,1,"DSL",3,3,3,"Occasional",24,80.65,"No",0,3
"5458-CQJTA","Male",59,"Yes","Yes",65,1,"DSL",1,3,3,"Occasional",24,74.8,"Yes",0,"Male",59,"Yes","Yes",65,1,"DSL",1,3,3,"Occasional",24,74.8,"Yes",0,NA
"5465-BUBFA","Female",20,"Yes","Yes",41,1,"No",0,1,0,"Occasional",24,19.3,"No",0,"Female",20,"Yes","Yes",41,1,"No",0,1,0,"Occasional",24,19.3,"No",0,45
"5469-CTCWN","Male",45,"Yes","Yes",61,2,"5G",3,2,3,"Frequent",12,106,"Yes",0,"Male",45,"Yes","Yes",61,2,"5G",3,2,3,"Frequent",12,106,"Yes",0,NA
"5469-NUJUR","Male",40,"No","No",19,1,"5G",0,1,0,"Occasional",24,19.95,"No",0,"Male",40,"No","No",19,1,"5G",0,1,0,"Occasional",24,19.95,"No",0,7
"5472-CVMDX","Female",37,"No","No",68,2,"No",1,3,0,"Occasional",24,38.9,"No",0,"Female",37,"No","No",68,2,"No",1,3,0,"Occasional",24,38.9,"No",0,39
"5474-LAMUQ","Male",42,"No","No",24,1,"No",0,1,0,"Occasional",12,20.1,"No",0,"Male",42,"No","No",24,1,"No",0,1,0,"Occasional",12,20.1,"No",0,8
"5478-JJVZK","Female",48,"No","No",33,2,"5G",3,2,0,"Occasional",1,60.9,"No",0,"Female",48,"No","No",33,2,"5G",3,2,0,"Occasional",1,60.9,"No",0,36
"5480-HPRRX","Female",39,"No","No",3,0,"DSL",0,2,0,"Frequent",1,25.3,"Yes",0,"Female",39,"No","No",3,0,"DSL",0,2,0,"Occasional",1,25.3,"Yes",0,NA
"5480-TBGPH","Female",60,"Yes","No",24,1,"Fiber optic",2,2,3,"Frequent",1,99.3,"Yes",0,"Female",60,"Yes","No",24,1,"Fiber optic",2,2,3,"Frequent",1,99.3,"Yes",0,NA
"5480-XTFFL","Female",22,"Yes","Yes",31,1,"No",0,1,0,"Occasional",24,21,"No",0,"Female",22,"Yes","Yes",31,1,"No",0,1,0,"Occasional",24,21,"No",0,15
"5482-NUPNA","Female",25,"No","No",4,1,"DSL",3,3,0,"Occasional",1,60.4,"Yes",0,"Female",25,"No","No",4,1,"DSL",3,3,0,"Occasional",1,60.4,"Yes",0,NA
"5482-PLVPE","Female",62,"No","No",2,0,"DSL",0,2,0,"Frequent",1,24.35,"Yes",0,"Female",62,"No","No",2,0,"DSL",0,2,0,"Frequent",1,24.35,"Yes",0,NA
"5485-WUYWF","Male",88,"No","No",2,1,"DSL",1,2,1,"Frequent",1,66.4,"Yes",0,"Male",88,"No","No",2,1,"DSL",1,2,1,"Frequent",1,66.4,"Yes",0,NA
"5493-SDRDQ","Male",42,"No","No",2,1,"DSL",1,2,0,"Frequent",1,55.1,"Yes",0,"Male",42,"No","No",2,1,"DSL",1,2,0,"Occasional",1,55.1,"Yes",0,NA
"5494-HECPR","Female",31,"No","No",1,1,"5G",0,2,1,"Occasional",1,80.25,"Yes",0,"Female",31,"No","No",1,1,"5G",0,2,1,"Frequent",1,80.25,"Yes",0,NA
"5495-GPSRW","Male",65,"No","No",20,1,"5G",0,1,0,"Frequent",24,19.7,"No",1,"Male",65,"No","No",20,1,"5G",0,1,0,"Occasional",24,19.7,"No",1,17
"5498-IBWPI","Female",48,"Yes","Yes",66,1,"5G",0,3,0,"Occasional",12,49.4,"No",0,"Female",48,"Yes","Yes",66,1,"5G",0,3,0,"Occasional",12,49.4,"No",0,5
"5502-RLUYV","Female",40,"No","No",69,2,"Fiber optic",2,2,3,"Frequent",1,103.95,"Yes",0,"Female",40,"No","No",69,2,"Fiber optic",2,2,3,"Frequent",1,103.95,"Yes",0,NA
"5504-WSIUR","Female",33,"No","No",70,2,"5G",2,3,0,"Occasional",12,90.25,"No",0,"Female",33,"No","No",70,2,"5G",2,3,0,"Occasional",12,90.25,"No",0,28
"5505-OVWQW","Female",61,"No","No",17,1,"No",0,1,0,"Occasional",12,20.15,"No",0,"Female",61,"No","No",17,1,"No",0,1,0,"Occasional",12,20.15,"No",0,32
"5510-BOIUJ","Male",60,"No","No",1,1,"No",0,1,0,"Occasional",1,19.25,"Yes",0,"Male",60,"No","No",1,1,"No",0,1,0,"Occasional",1,19.25,"Yes",0,NA
"5512-IDZEI","Male",35,"No","No",46,2,"5G",0,1,0,"Occasional",12,24.9,"No",1,"Male",35,"No","No",46,2,"5G",0,1,0,"Occasional",12,24.9,"No",1,10
"5514-YQENT","Male",46,"No","Yes",41,1,"5G",3,3,3,"Occasional",24,111.15,"No",0,"Male",46,"No","Yes",41,1,"5G",3,3,3,"Occasional",24,111.15,"No",0,27
"5515-IDEJJ","Male",50,"No","No",1,1,"No",0,1,0,"Occasional",1,19.9,"Yes",0,"Male",50,"No","No",1,1,"No",0,1,0,"Occasional",1,19.9,"Yes",0,NA
"5515-RUGKN","Male",53,"No","No",8,1,"5G",0,2,2,"Occasional",1,54.75,"No",0,"Male",53,"No","No",8,1,"5G",0,2,2,"Occasional",1,54.75,"No",0,19
"5519-TEEUH","Male",21,"No","Yes",33,1,"No",0,1,0,"Occasional",12,20.15,"No",0,"Male",21,"No","Yes",33,1,"No",0,1,0,"Occasional",12,20.15,"No",0,45
"5520-FVEWJ","Female",27,"Yes","Yes",12,2,"Fiber optic",2,2,0,"Frequent",1,84.5,"Yes",0,"Female",27,"Yes","Yes",12,2,"Fiber optic",2,2,0,"Frequent",1,84.5,"Yes",0,NA
"5522-JBWMO","Male",46,"No","Yes",1,1,"5G",0,2,0,"Occasional",1,44,"No",1,"Male",46,"No","Yes",1,1,"5G",0,2,0,"Occasional",1,44,"No",1,23
"5522-NYKPB","Male",27,"Yes","Yes",25,1,"5G",0,3,1,"Occasional",1,85.9,"No",0,"Male",27,"Yes","Yes",25,1,"5G",0,3,1,"Occasional",1,85.9,"No",0,4
"5524-KHNJP","Male",19,"Yes","Yes",33,1,"5G",1,2,3,"Occasional",12,74.75,"No",1,"Male",19,"Yes","Yes",33,1,"5G",1,2,3,"Occasional",12,74.75,"No",1,63
"5527-ACHSO","Female",53,"No","No",11,1,"5G",0,3,3,"Occasional",1,70.5,"No",0,"Female",53,"No","No",11,1,"5G",0,3,3,"Occasional",1,70.5,"No",0,18
"5529-GIBVH","Female",54,"No","No",47,1,"5G",0,1,0,"Occasional",24,20.15,"No",0,"Female",54,"No","No",47,1,"5G",0,1,0,"Occasional",24,20.15,"No",0,41
"5533-NHFRF","Male",85,"No","No",7,2,"No",2,3,2,"Occasional",1,44.4,"No",0,"Male",85,"No","No",7,2,"No",2,3,2,"Occasional",1,44.4,"No",0,33
"5533-RJFTJ","Male",40,"No","No",49,0,"5G",0,2,0,"Occasional",1,30.2,"No",1,"Male",40,"No","No",49,0,"5G",0,2,0,"Occasional",1,30.2,"No",1,20
"5536-SLHPM","Female",49,"Yes","No",55,2,"Fiber optic",0,2,0,"Frequent",1,77.75,"Yes",0,"Female",49,"Yes","No",55,2,"Fiber optic",0,2,0,"Frequent",1,77.75,"Yes",0,NA
"5537-UXXVS","Female",48,"No","No",20,1,"No",0,1,0,"Occasional",1,19.25,"No",0,"Female",48,"No","No",20,1,"No",0,1,0,"Occasional",1,19.25,"No",0,38
"5539-HIVAK","Female",66,"Yes","No",28,2,"No",0,1,0,"Occasional",1,25.7,"No",0,"Female",66,"Yes","No",28,2,"No",0,1,0,"Occasional",1,25.7,"No",0,32
"5539-TMZLF","Male",81,"No","No",1,1,"No",0,2,0,"Frequent",1,69.75,"Yes",0,"Male",81,"No","No",1,1,"No",0,2,0,"Frequent",1,69.75,"Yes",0,NA
"5542-DHSXL","Female",28,"Yes","No",4,1,"DSL",3,2,0,"Occasional",1,54.7,"No",0,"Female",28,"Yes","No",4,1,"DSL",3,2,0,"Occasional",1,54.7,"No",0,7
"5542-NKVRU","Female",22,"No","No",42,1,"5G",0,1,0,"Occasional",24,20.75,"No",0,"Female",22,"No","No",42,1,"5G",0,1,0,"Occasional",24,20.75,"No",0,21
"5542-TBBWB","Male",30,"No","No",1,2,"No",0,2,0,"Occasional",1,69.9,"No",0,"Male",30,"No","No",1,2,"No",0,2,0,"Occasional",1,69.9,"No",0,42
"5543-QDCRY","Male",58,"No","No",4,1,"DSL",0,2,1,"Occasional",1,56.4,"No",1,"Male",58,"No","No",4,1,"DSL",0,2,1,"Occasional",1,56.4,"No",1,29
"5546-BYZSM","Female",19,"No","No",41,1,"No",0,1,0,"Occasional",1,20.45,"No",0,"Female",19,"No","No",41,1,"No",0,1,0,"Occasional",1,20.45,"No",0,38
"5546-QUERU","Male",59,"No","No",13,1,"No",0,1,0,"Occasional",12,19.95,"No",0,"Male",59,"No","No",13,1,"No",0,1,0,"Occasional",12,19.95,"No",0,9
"5549-ZGHFB","Male",38,"No","No",50,2,"No",0,1,0,"Occasional",24,24.95,"No",0,"Male",38,"No","No",50,2,"No",0,1,0,"Occasional",24,24.95,"No",0,6
"5550-VFRLC","Female",87,"No","No",1,1,"Fiber optic",0,2,0,"Frequent",1,69.85,"Yes",0,"Female",87,"No","No",1,1,"Fiber optic",0,2,0,"Frequent",1,69.85,"Yes",0,NA
"5552-ZNFSJ","Male",41,"No","No",1,1,"DSL",0,2,0,"Frequent",1,45.3,"Yes",0,"Male",41,"No","No",1,1,"DSL",0,2,0,"Frequent",1,45.3,"Yes",0,NA
"5555-RNPGT","Male",58,"No","No",10,2,"5G",0,1,0,"Occasional",1,24.8,"No",0,"Male",58,"No","No",10,2,"5G",0,1,0,"Occasional",1,24.8,"No",0,36
"5562-BETPV","Male",47,"No","No",1,1,"5G",0,1,0,"Occasional",12,19.65,"No",0,"Male",47,"No","No",1,1,"5G",0,1,0,"Occasional",12,19.65,"No",0,33
"5562-YJQGT","Female",20,"No","No",2,1,"No",0,1,0,"Occasional",1,20.35,"No",0,"Female",20,"No","No",2,1,"No",0,1,0,"Occasional",1,20.35,"No",0,4
"5564-NEMQO","Female",82,"No","No",1,1,"5G",0,2,0,"Occasional",1,75.3,"Yes",1,"Female",82,"No","No",1,1,"5G",0,2,0,"Frequent",1,75.3,"Yes",1,NA
"5565-FILXA","Female",77,"No","No",16,2,"5G",0,2,3,"Frequent",1,96.15,"Yes",0,"Female",77,"No","No",16,2,"5G",0,2,3,"Frequent",1,96.15,"Yes",0,NA
"5566-SOEZD","Male",43,"Yes","Yes",27,1,"Fiber optic",3,2,0,"Occasional",12,80.65,"No",0,"Male",43,"Yes","Yes",27,1,"Fiber optic",3,2,0,"Occasional",12,80.65,"No",0,36
"5567-GZKQY","Male",22,"No","No",58,1,"No",0,1,0,"Occasional",24,20.3,"No",0,"Male",22,"No","No",58,1,"No",0,1,0,"Occasional",24,20.3,"No",0,26
"5567-WSELE","Male",90,"Yes","No",3,2,"Fiber optic",0,2,3,"Frequent",1,94.6,"Yes",0,"Male",90,"Yes","No",3,2,"Fiber optic",0,2,3,"Occasional",1,94.6,"Yes",0,NA
"5568-DMXZS","Female",40,"No","No",8,1,"DSL",2,3,1,"Occasional",1,65.45,"No",0,"Female",40,"No","No",8,1,"DSL",2,3,1,"Occasional",1,65.45,"No",0,26
"5569-IDSEY","Male",63,"Yes","No",71,1,"No",2,2,3,"Occasional",12,105.7,"No",0,"Male",63,"Yes","No",71,1,"No",2,2,3,"Occasional",12,105.7,"No",0,5
"5569-KGJHX","Female",23,"Yes","Yes",9,2,"Fiber optic",0,2,1,"Occasional",1,85.35,"Yes",0,"Female",23,"Yes","Yes",9,2,"Fiber optic",0,2,1,"Frequent",1,85.35,"Yes",0,NA
"5569-OUICF","Female",89,"Yes","No",28,2,"Fiber optic",0,3,3,"Occasional",1,101.3,"Yes",0,"Female",89,"Yes","No",28,2,"Fiber optic",0,3,3,"Occasional",1,101.3,"Yes",0,NA
"5570-PTWEH","Female",26,"Yes","No",3,2,"Fiber optic",0,2,0,"Occasional",1,75.15,"Yes",0,"Female",26,"Yes","No",3,2,"Fiber optic",0,2,0,"Occasional",1,75.15,"Yes",0,NA
"5572-ZDXHY","Female",50,"No","No",22,1,"Fiber optic",2,2,2,"Frequent",1,84.3,"Yes",0,"Female",50,"No","No",22,1,"Fiber optic",2,2,2,"Frequent",1,84.3,"Yes",0,NA
"5574-NXZIU","Male",53,"No","No",63,1,"Fiber optic",3,3,3,"Occasional",24,109.2,"No",0,"Male",53,"No","No",63,1,"Fiber optic",3,3,3,"Occasional",24,109.2,"No",0,2
"5575-GNVDE","Male",38,"No","No",34,1,"5G",1,2,0,"Occasional",12,56.95,"No",1,"Male",38,"No","No",34,1,"5G",1,2,0,"Occasional",12,56.95,"No",1,23
"5575-TPIZQ","Male",33,"No","No",46,2,"DSL",1,2,1,"Occasional",1,89.15,"No",1,"Male",33,"No","No",46,2,"DSL",1,2,1,"Occasional",1,89.15,"No",1,37
"5577-OTWWW","Female",22,"No","No",15,1,"No",0,1,0,"Occasional",1,19.75,"Yes",0,"Female",22,"No","No",15,1,"No",0,1,0,"Occasional",1,19.75,"Yes",0,NA
"5578-NKCXI","Female",35,"No","No",58,1,"No",3,2,3,"Occasional",12,99.25,"No",0,"Female",35,"No","No",58,1,"No",3,2,3,"Occasional",12,99.25,"No",0,26
"5583-EJXRD","Male",64,"Yes","Yes",44,0,"DSL",3,3,2,"Occasional",24,54.05,"No",0,"Male",64,"Yes","Yes",44,0,"DSL",3,3,2,"Occasional",24,54.05,"No",0,21
"5583-SXDAG","Male",57,"Yes","No",1,1,"5G",0,2,0,"Frequent",1,70,"Yes",1,"Male",57,"Yes","No",1,1,"5G",0,2,0,"Frequent",1,70,"Yes",1,NA
"5590-BYNII","Male",42,"No","No",22,1,"No",1,2,3,"Frequent",1,100.75,"Yes",0,"Male",42,"No","No",22,1,"No",1,2,3,"Frequent",1,100.75,"Yes",0,NA
"5590-ZSKRV","Female",62,"Yes","Yes",8,1,"5G",3,2,0,"Occasional",1,54.65,"No",1,"Female",62,"Yes","Yes",8,1,"5G",3,2,0,"Occasional",1,54.65,"No",1,60
"5597-GLBUC","Female",55,"No","No",1,1,"Fiber optic",0,2,1,"Frequent",1,85.45,"Yes",0,"Female",55,"No","No",1,1,"Fiber optic",0,2,1,"Frequent",1,85.45,"Yes",0,NA
"5598-IKHQQ","Female",22,"No","No",72,1,"No",0,1,0,"Occasional",24,25.45,"No",0,"Female",22,"No","No",72,1,"No",0,1,0,"Occasional",24,25.45,"No",0,16
"5599-HVLTW","Female",66,"No","No",14,2,"Fiber optic",0,2,0,"Occasional",1,80.35,"No",0,"Female",66,"No","No",14,2,"Fiber optic",0,2,0,"Occasional",1,80.35,"No",0,4
"5600-KTXFM","Male",58,"Yes","Yes",2,1,"Fiber optic",0,2,0,"Occasional",1,69.95,"No",0,"Male",58,"Yes","Yes",2,1,"Fiber optic",0,2,0,"Occasional",1,69.95,"No",0,4
"5600-PDUJF","Male",42,"No","No",6,1,"DSL",0,3,0,"Occasional",1,49.5,"No",0,"Male",42,"No","No",6,1,"DSL",0,3,0,"Occasional",1,49.5,"No",0,22
"5605-IYGFG","Female",37,"No","No",7,1,"5G",0,2,0,"Occasional",1,69.85,"No",1,"Female",37,"No","No",7,1,"5G",0,2,0,"Occasional",1,69.85,"No",1,31
"5605-XNWEN","Male",67,"Yes","No",72,2,"DSL",0,1,0,"Occasional",24,25,"No",0,"Male",67,"Yes","No",72,2,"DSL",0,1,0,"Occasional",24,25,"No",0,7
"5606-AMZBO","Female",48,"Yes","No",10,2,"Fiber optic",1,2,0,"Occasional",1,78.15,"No",0,"Female",48,"Yes","No",10,2,"Fiber optic",1,2,0,"Occasional",1,78.15,"No",0,44
"5609-CEBID","Female",83,"No","No",20,2,"5G",2,2,2,"Frequent",1,94.1,"Yes",1,"Female",83,"No","No",20,2,"5G",2,2,2,"Frequent",1,94.1,"Yes",1,NA
"5609-IMCGG","Female",27,"No","No",15,1,"No",1,2,0,"Occasional",1,84.35,"No",0,"Female",27,"No","No",15,1,"No",1,2,0,"Occasional",1,84.35,"No",0,38
"5614-DNZCE","Female",30,"No","No",58,1,"DSL",3,3,0,"Occasional",24,64.9,"No",0,"Female",30,"No","No",58,1,"DSL",3,3,0,"Occasional",24,64.9,"No",0,39
"5616-PRTNT","Male",19,"No","Yes",20,1,"No",0,1,0,"Occasional",1,19.4,"Yes",0,"Male",19,"No","Yes",20,1,"No",0,1,0,"Occasional",1,19.4,"Yes",0,NA
"5619-PTMIK","Female",49,"Yes","No",46,2,"5G",1,2,0,"Occasional",1,53.1,"No",0,"Female",49,"Yes","No",46,2,"5G",1,2,0,"Occasional",1,53.1,"No",0,3
"5626-MGTUK","Female",29,"No","No",20,2,"Fiber optic",1,2,1,"Occasional",1,89.1,"No",0,"Female",29,"No","No",20,2,"Fiber optic",1,2,1,"Occasional",1,89.1,"No",0,10
"5627-TVBPP","Female",45,"No","No",35,1,"No",0,1,0,"Occasional",12,20.1,"No",0,"Female",45,"No","No",35,1,"No",0,1,0,"Occasional",12,20.1,"No",0,35
"5628-FCGYG","Male",20,"No","No",21,2,"5G",0,2,2,"Occasional",1,84.1,"No",0,"Male",20,"No","No",21,2,"5G",0,2,2,"Occasional",1,84.1,"No",0,6
"5628-RKIFK","Female",88,"No","No",49,2,"5G",1,2,3,"Occasional",1,101.55,"No",1,"Female",88,"No","No",49,2,"5G",1,2,3,"Occasional",1,101.55,"No",1,44
"5630-AHZIL","Female",31,"No","Yes",3,1,"5G",1,3,2,"Occasional",1,64.5,"No",1,"Female",31,"No","Yes",3,1,"5G",1,3,2,"Occasional",1,64.5,"No",1,70
"5639-NTUPK","Male",64,"No","Yes",13,1,"No",1,2,0,"Occasional",1,52.1,"No",0,"Male",64,"No","Yes",13,1,"No",1,2,0,"Occasional",1,52.1,"No",0,38
"5642-MHDQT","Female",20,"Yes","Yes",53,1,"DSL",0,1,0,"Occasional",12,19.85,"No",1,"Female",20,"Yes","Yes",53,1,"DSL",0,1,0,"Occasional",12,19.85,"No",1,1
"5644-PDMZC","Female",69,"No","No",2,2,"5G",2,2,2,"Occasional",1,89.5,"Yes",1,"Female",69,"No","No",2,2,"5G",2,2,2,"Frequent",1,89.5,"Yes",1,NA
"5647-FXOTP","Female",75,"Yes","No",60,2,"Fiber optic",2,2,3,"Occasional",1,105.9,"No",0,"Female",75,"Yes","No",60,2,"Fiber optic",2,2,3,"Occasional",1,105.9,"No",0,12
"5647-URDKA","Male",51,"No","No",8,1,"No",0,1,0,"Occasional",24,19.7,"No",0,"Male",51,"No","No",8,1,"No",0,1,0,"Occasional",24,19.7,"No",0,34
"5649-RXQTV","Male",52,"No","No",51,1,"No",2,2,3,"Occasional",1,99,"No",0,"Male",52,"No","No",51,1,"No",2,2,3,"Occasional",1,99,"No",0,3
"5650-VDUDS","Female",36,"No","No",4,0,"DSL",0,2,0,"Occasional",1,24.25,"Yes",1,"Female",36,"No","No",4,0,"DSL",0,2,0,"Frequent",1,24.25,"Yes",1,NA
"5650-YLIBA","Male",63,"No","No",31,2,"Fiber optic",2,2,0,"Occasional",1,81.15,"No",0,"Male",63,"No","No",31,2,"Fiber optic",2,2,0,"Occasional",1,81.15,"No",0,10
"5651-CPDND","Male",28,"No","No",10,1,"DSL",0,2,0,"Occasional",1,46,"No",0,"Male",28,"No","No",10,1,"DSL",0,2,0,"Occasional",1,46,"No",0,2
"5651-CRHKQ","Female",54,"No","No",41,1,"5G",2,3,0,"Occasional",12,86.2,"No",1,"Female",54,"No","No",41,1,"5G",2,3,0,"Occasional",12,86.2,"No",1,12
"5651-YLPRD","Female",45,"Yes","Yes",32,1,"5G",2,2,1,"Occasional",1,86.1,"No",1,"Female",45,"Yes","Yes",32,1,"5G",2,2,1,"Occasional",1,86.1,"No",1,38
"5656-JAMLX","Male",43,"No","No",62,1,"No",0,1,0,"Occasional",24,19.85,"No",0,"Male",43,"No","No",62,1,"No",0,1,0,"Occasional",24,19.85,"No",0,34
"5663-QBGIS","Male",88,"Yes","No",72,2,"5G",2,2,3,"Occasional",24,98.35,"No",0,"Male",88,"Yes","No",72,2,"5G",2,2,3,"Occasional",24,98.35,"No",0,12
"5666-CYCYZ","Female",37,"No","No",24,2,"Fiber optic",0,3,2,"Occasional",1,89.55,"No",0,"Female",37,"No","No",24,2,"Fiber optic",0,3,2,"Occasional",1,89.55,"No",0,28
"5666-MBJPT","Male",52,"No","No",65,2,"No",0,1,0,"Occasional",24,25.1,"No",0,"Male",52,"No","No",65,2,"No",0,1,0,"Occasional",24,25.1,"No",0,23
"5669-SRAIP","Female",38,"No","No",5,0,"5G",0,2,2,"Occasional",1,39.5,"Yes",0,"Female",38,"No","No",5,0,"5G",0,2,2,"Frequent",1,39.5,"Yes",0,NA
"5671-RQRLP","Female",70,"Yes","No",70,2,"5G",0,2,0,"Occasional",24,75.65,"No",1,"Female",70,"Yes","No",70,2,"5G",0,2,0,"Occasional",24,75.65,"No",1,0
"5673-FSSMF","Female",56,"No","No",1,2,"5G",0,2,2,"Frequent",1,60.15,"Yes",0,"Female",56,"No","No",1,2,"5G",0,2,2,"Frequent",1,60.15,"Yes",0,NA
"5676-CFLYY","Male",44,"Yes","Yes",71,1,"5G",2,3,3,"Occasional",24,73.35,"No",1,"Male",44,"Yes","Yes",71,1,"5G",2,3,3,"Occasional",24,73.35,"No",1,17
"5678-VFNEQ","Female",54,"Yes","No",71,2,"5G",1,2,3,"Occasional",12,104.1,"No",0,"Female",54,"Yes","No",71,2,"5G",1,2,3,"Occasional",12,104.1,"No",0,7
"5680-LQOGP","Female",56,"No","No",68,1,"No",3,3,3,"Occasional",24,82.45,"No",0,"Female",56,"No","No",68,1,"No",3,3,3,"Occasional",24,82.45,"No",0,25
"5681-LLOEI","Male",35,"Yes","Yes",43,2,"Fiber optic",1,3,0,"Occasional",12,91.25,"No",0,"Male",35,"Yes","Yes",43,2,"Fiber optic",1,3,0,"Occasional",12,91.25,"No",0,6
"5684-FJVYR","Female",47,"Yes","Yes",72,2,"5G",3,3,0,"Occasional",24,90.35,"No",1,"Female",47,"Yes","Yes",72,2,"5G",3,3,0,"Occasional",24,90.35,"No",1,1
"5686-CMAWK","Male",23,"No","No",17,2,"5G",0,3,0,"Occasional",12,86.75,"No",1,"Male",23,"No","No",17,2,"5G",0,3,0,"Occasional",12,86.75,"No",1,30
"5688-KZTSN","Male",35,"No","No",15,1,"No",0,1,0,"Occasional",1,20,"Yes",0,"Male",35,"No","No",15,1,"No",0,1,0,"Occasional",1,20,"Yes",0,NA
"5692-FPTAH","Female",47,"No","No",1,1,"DSL",0,2,0,"Frequent",1,45.4,"Yes",0,"Female",47,"No","No",1,1,"DSL",0,2,0,"Frequent",1,45.4,"Yes",0,NA
"5692-ICXLW","Male",72,"No","No",31,2,"5G",2,2,1,"Occasional",1,90.7,"No",0,"Male",72,"No","No",31,2,"5G",2,2,1,"Occasional",1,90.7,"No",0,25
"5693-PIPCS","Male",63,"No","No",41,1,"Fiber optic",2,3,3,"Occasional",24,99.65,"No",0,"Male",63,"No","No",41,1,"Fiber optic",2,3,3,"Occasional",24,99.65,"No",0,20
"5696-JVVQY","Female",19,"Yes","Yes",48,1,"DSL",3,2,2,"Occasional",24,70.1,"No",0,"Female",19,"Yes","Yes",48,1,"DSL",3,2,2,"Occasional",24,70.1,"No",0,8
"5696-QURRL","Male",62,"No","No",1,1,"No",0,2,0,"Frequent",1,45.05,"Yes",0,"Male",62,"No","No",1,1,"No",0,2,0,"Frequent",1,45.05,"Yes",0,NA
"5697-GOMBF","Female",85,"Yes","Yes",28,0,"5G",0,2,1,"Occasional",1,35.9,"No",1,"Female",85,"Yes","Yes",28,0,"5G",0,2,1,"Occasional",1,35.9,"No",1,0
"5698-BQJOH","Female",24,"No","No",9,2,"5G",0,2,3,"Frequent",1,94.4,"Yes",1,"Female",24,"No","No",9,2,"5G",0,2,3,"Frequent",1,94.4,"Yes",1,NA
"5699-BNCAS","Male",21,"No","No",71,2,"No",0,1,0,"Occasional",24,24.65,"No",0,"Male",21,"No","No",71,2,"No",0,1,0,"Occasional",24,24.65,"No",0,6
"5701-GUXDC","Female",56,"No","No",26,0,"DSL",1,2,0,"Occasional",12,35.4,"No",0,"Female",56,"No","No",26,0,"DSL",1,2,0,"Occasional",12,35.4,"No",0,20
"5701-SVCWR","Female",61,"No","No",1,2,"No",0,1,0,"Occasional",1,24,"No",0,"Female",61,"No","No",1,2,"No",0,1,0,"Occasional",1,24,"No",0,39
"5701-YVSVF","Female",84,"Yes","No",11,1,"5G",0,3,1,"Occasional",1,82.9,"No",1,"Female",84,"Yes","No",11,1,"5G",0,3,1,"Occasional",1,82.9,"No",1,12
"5701-ZIKJE","Male",64,"No","No",13,1,"DSL",0,3,0,"Occasional",1,50.55,"No",0,"Male",64,"No","No",13,1,"DSL",0,3,0,"Occasional",1,50.55,"No",0,38
"5702-KVQRD","Male",40,"Yes","No",71,1,"DSL",1,3,3,"Occasional",24,82.55,"No",0,"Male",40,"Yes","No",71,1,"DSL",1,3,3,"Occasional",24,82.55,"No",0,11
"5702-SKUOB","Female",54,"No","No",4,1,"No",0,1,0,"Occasional",1,19.6,"No",0,"Female",54,"No","No",4,1,"No",0,1,0,"Occasional",1,19.6,"No",0,39
"5707-ORNDZ","Male",85,"No","No",9,2,"DSL",1,2,0,"Frequent",1,54.55,"Yes",0,"Male",85,"No","No",9,2,"DSL",1,2,0,"Frequent",1,54.55,"Yes",0,NA
"5709-LVOEQ","Female",58,"Yes","Yes",0,1,"5G",3,2,3,"Occasional",24,80.85,"No",1,"Female",58,"Yes","Yes",0,1,"5G",3,2,3,"Occasional",24,80.85,"No",1,12
"5712-AHQNN","Female",57,"No","No",43,1,"5G",2,2,1,"Occasional",1,91.65,"No",1,"Female",57,"No","No",43,1,"5G",2,2,1,"Occasional",1,91.65,"No",1,60
"5712-PTIWW","Male",60,"No","No",2,1,"Fiber optic",0,3,0,"Occasional",1,79.85,"Yes",0,"Male",60,"No","No",2,1,"Fiber optic",0,3,0,"Occasional",1,79.85,"Yes",0,NA
"5712-VBOXD","Female",38,"No","No",4,1,"No",0,1,0,"Occasional",1,20.15,"No",0,"Female",38,"No","No",4,1,"No",0,1,0,"Occasional",1,20.15,"No",0,45
"5716-EZXZN","Female",21,"Yes","Yes",65,2,"5G",3,3,1,"Occasional",24,99.05,"No",1,"Female",21,"Yes","Yes",65,2,"5G",3,3,1,"Occasional",24,99.05,"No",1,53
"5724-BIDBU","Male",33,"Yes","No",49,2,"5G",1,2,0,"Occasional",12,55.35,"No",0,"Male",33,"Yes","No",49,2,"5G",1,2,0,"Occasional",12,55.35,"No",0,40
"5726-CVNYA","Female",19,"Yes","Yes",8,1,"5G",0,1,0,"Occasional",24,19.85,"No",1,"Female",19,"Yes","Yes",8,1,"5G",0,1,0,"Occasional",24,19.85,"No",1,5
"5727-MYATE","Male",29,"Yes","Yes",72,2,"DSL",3,3,3,"Occasional",24,90.8,"No",0,"Male",29,"Yes","Yes",72,2,"DSL",3,3,3,"Occasional",24,90.8,"No",0,19
"5730-DBDSI","Male",36,"No","No",66,1,"5G",0,1,0,"Occasional",24,19.7,"No",1,"Male",36,"No","No",66,1,"5G",0,1,0,"Occasional",24,19.7,"No",1,32
"5730-RIITO","Female",22,"No","No",43,0,"DSL",3,2,0,"Occasional",1,33.45,"No",0,"Female",22,"No","No",43,0,"DSL",3,2,0,"Occasional",1,33.45,"No",0,34
"5732-IKGQH","Male",79,"Yes","No",52,1,"5G",1,3,3,"Occasional",12,104.45,"No",0,"Male",79,"Yes","No",52,1,"5G",1,3,3,"Occasional",12,104.45,"No",0,8
"5734-EJKXG","Female",30,"No","No",61,2,"Fiber optic",3,3,3,"Occasional",12,118.6,"No",0,"Female",30,"No","No",61,2,"Fiber optic",3,3,3,"Occasional",12,118.6,"No",0,7
"5736-YEJAX","Male",19,"No","Yes",69,2,"5G",3,3,1,"Occasional",24,79.45,"No",1,"Male",19,"No","Yes",69,2,"5G",3,3,1,"Occasional",24,79.45,"No",1,30
"5740-YHGTW","Male",28,"Yes","Yes",70,2,"5G",3,2,1,"Occasional",1,97.55,"No",0,"Male",28,"Yes","Yes",70,2,"5G",3,2,1,"Occasional",1,97.55,"No",0,40
"5743-KHMNA","Male",56,"No","No",71,2,"No",0,1,0,"Occasional",24,25.55,"No",0,"Male",56,"No","No",71,2,"No",0,1,0,"Occasional",24,25.55,"No",0,35
"5747-PMBSQ","Male",86,"Yes","No",10,1,"Fiber optic",2,3,1,"Occasional",1,92.5,"Yes",0,"Male",86,"Yes","No",10,1,"Fiber optic",2,3,1,"Occasional",1,92.5,"Yes",0,NA
"5748-RNCJT","Male",20,"No","No",69,2,"Fiber optic",0,3,3,"Occasional",24,106.5,"Yes",0,"Male",20,"No","No",69,2,"Fiber optic",0,3,3,"Occasional",24,106.5,"Yes",0,NA
"5751-USDBL","Male",21,"Yes","Yes",46,1,"No",1,3,3,"Occasional",24,81,"No",0,"Male",21,"Yes","Yes",46,1,"No",1,3,3,"Occasional",24,81,"No",0,2
"5756-JYOJT","Female",44,"No","No",11,1,"5G",0,3,2,"Occasional",12,64.9,"No",1,"Female",44,"No","No",11,1,"5G",0,3,2,"Occasional",12,64.9,"No",1,22
"5756-OZRIO","Male",82,"Yes","No",61,2,"5G",2,2,2,"Occasional",12,64.05,"No",1,"Male",82,"Yes","No",61,2,"5G",2,2,2,"Occasional",12,64.05,"No",1,13
"5759-RCVCB","Female",20,"No","No",3,0,"DSL",0,2,1,"Frequent",1,35.2,"Yes",0,"Female",20,"No","No",3,0,"DSL",0,2,1,"Frequent",1,35.2,"Yes",0,NA
"5760-FXFVO","Male",63,"No","No",6,1,"Fiber optic",3,2,0,"Occasional",1,78.95,"No",0,"Male",63,"No","No",6,1,"Fiber optic",3,2,0,"Occasional",1,78.95,"No",0,32
"5760-IFJOZ","Male",49,"No","No",3,2,"5G",2,2,3,"Occasional",1,107.95,"No",1,"Male",49,"No","No",3,2,"5G",2,2,3,"Occasional",1,107.95,"No",1,40
"5760-WRAHC","Female",74,"No","No",22,1,"5G",1,3,2,"Occasional",1,69.75,"No",1,"Female",74,"No","No",22,1,"5G",1,3,2,"Occasional",1,69.75,"No",1,25
"5766-FTRTS","Male",59,"Yes","No",72,1,"No",3,3,3,"Occasional",24,84.45,"No",0,"Male",59,"Yes","No",72,1,"No",3,3,3,"Occasional",24,84.45,"No",0,37
"5766-XQXMQ","Female",57,"No","No",29,1,"5G",3,2,2,"Frequent",1,68.85,"Yes",0,"Female",57,"No","No",29,1,"5G",3,2,2,"Frequent",1,68.85,"Yes",0,NA
"5766-ZJYBB","Male",51,"No","No",1,1,"No",0,1,0,"Occasional",1,19.4,"Yes",0,"Male",51,"No","No",1,1,"No",0,1,0,"Occasional",1,19.4,"Yes",0,NA
"5774-QPLTF","Male",19,"Yes","Yes",50,1,"No",0,1,0,"Occasional",12,20.35,"No",0,"Male",19,"Yes","Yes",50,1,"No",0,1,0,"Occasional",12,20.35,"No",0,10
"5774-XZTQC","Female",22,"Yes","Yes",7,1,"No",0,1,0,"Occasional",1,20.45,"No",0,"Female",22,"Yes","Yes",7,1,"No",0,1,0,"Occasional",1,20.45,"No",0,18
"5777-KJIRB","Female",28,"No","No",40,1,"5G",0,2,0,"Occasional",12,50.25,"No",0,"Female",28,"No","No",40,1,"5G",0,2,0,"Occasional",12,50.25,"No",0,29
"5777-ZPQNC","Female",22,"No","No",12,1,"5G",0,1,0,"Occasional",12,20.15,"No",0,"Female",22,"No","No",12,1,"5G",0,1,0,"Occasional",12,20.15,"No",0,42
"5778-BVOFB","Female",24,"No","No",9,1,"DSL",0,3,1,"Occasional",1,59.5,"No",0,"Female",24,"No","No",9,1,"DSL",0,3,1,"Occasional",1,59.5,"No",0,4
"5780-INQIK","Female",57,"No","No",8,1,"No",0,3,0,"Occasional",1,49.4,"No",0,"Female",57,"No","No",8,1,"No",0,3,0,"Occasional",1,49.4,"No",0,25
"5781-BKHOP","Female",40,"Yes","No",72,1,"No",3,2,1,"Occasional",24,100.65,"No",0,"Female",40,"Yes","No",72,1,"No",3,2,1,"Occasional",24,100.65,"No",0,8
"5781-RFZRP","Male",51,"Yes","No",71,2,"5G",3,3,1,"Occasional",24,73.5,"No",1,"Male",51,"Yes","No",71,2,"5G",3,3,1,"Occasional",24,73.5,"No",1,0
"5787-KXGIY","Male",20,"Yes","No",72,1,"DSL",0,1,0,"Occasional",24,19.3,"No",1,"Male",20,"Yes","No",72,1,"DSL",0,1,0,"Occasional",24,19.3,"No",1,21
"5788-YPOEG","Female",24,"Yes","Yes",34,1,"No",3,3,3,"Occasional",24,84.75,"No",0,"Female",24,"Yes","Yes",34,1,"No",3,3,3,"Occasional",24,84.75,"No",0,42
"5789-LDFXO","Male",44,"No","No",24,2,"No",0,1,0,"Occasional",12,24.6,"No",0,"Male",44,"No","No",24,2,"No",0,1,0,"Occasional",12,24.6,"No",0,11
"5791-KAJFD","Female",30,"Yes","Yes",56,2,"5G",1,2,2,"Occasional",12,68.75,"No",1,"Female",30,"Yes","Yes",56,2,"5G",1,2,2,"Occasional",12,68.75,"No",1,37
"5795-KTGUD","Female",61,"Yes","No",68,1,"No",3,2,3,"Occasional",24,110.8,"No",0,"Female",61,"Yes","No",68,1,"No",3,2,3,"Occasional",24,110.8,"No",0,21
"5797-APWZC","Female",41,"No","No",1,1,"Fiber optic",0,2,3,"Frequent",1,90.6,"Yes",0,"Female",41,"No","No",1,1,"Fiber optic",0,2,3,"Frequent",1,90.6,"Yes",0,NA
"5799-JRCZO","Female",22,"No","Yes",63,1,"5G",0,1,0,"Occasional",24,19.5,"No",0,"Female",22,"No","Yes",63,1,"5G",0,1,0,"Occasional",24,19.5,"No",0,14
"5802-ADBRC","Female",31,"Yes","No",50,2,"5G",1,2,3,"Occasional",12,104.4,"No",0,"Female",31,"Yes","No",50,2,"5G",1,2,3,"Occasional",12,104.4,"No",0,34
"5803-NQJZO","Male",20,"Yes","No",72,2,"DSL",3,3,0,"Occasional",24,67.8,"No",0,"Male",20,"Yes","No",72,2,"DSL",3,3,0,"Occasional",24,67.8,"No",0,24
"5804-JMYIO","Female",19,"Yes","Yes",39,1,"No",0,1,0,"Occasional",24,19.75,"No",0,"Female",19,"Yes","Yes",39,1,"No",0,1,0,"Occasional",24,19.75,"No",0,12
"5804-LEPIM","Female",75,"No","No",2,1,"5G",0,2,0,"Frequent",1,70.35,"Yes",1,"Female",75,"No","No",2,1,"5G",0,2,0,"Frequent",1,70.35,"Yes",1,NA
"5808-TOTXO","Female",49,"No","No",3,1,"No",0,1,0,"Occasional",12,20.55,"No",0,"Female",49,"No","No",3,1,"No",0,1,0,"Occasional",12,20.55,"No",0,2
"5811-IWXYM","Female",53,"Yes","Yes",52,2,"Fiber optic",0,2,3,"Occasional",12,101.25,"No",0,"Female",53,"Yes","Yes",52,2,"Fiber optic",0,2,3,"Occasional",12,101.25,"No",0,16
"5816-JMLGY","Female",37,"Yes","Yes",70,1,"5G",2,3,3,"Occasional",24,80.4,"No",0,"Female",37,"Yes","Yes",70,1,"5G",2,3,3,"Occasional",24,80.4,"No",0,45
"5816-SCGFC","Female",84,"No","No",7,1,"DSL",2,2,0,"Occasional",1,51.3,"No",0,"Female",84,"No","No",7,1,"DSL",2,2,0,"Occasional",1,51.3,"No",0,42
"5821-MMEIL","Female",58,"No","No",57,1,"No",0,1,0,"Occasional",24,19.9,"No",0,"Female",58,"No","No",57,1,"No",0,1,0,"Occasional",24,19.9,"No",0,20
"5825-XJOCM","Male",64,"No","Yes",48,2,"DSL",3,2,0,"Occasional",12,64.4,"No",0,"Male",64,"No","Yes",48,2,"DSL",3,2,0,"Occasional",12,64.4,"No",0,11
"5828-AVIPD","Male",19,"Yes","Yes",19,1,"No",0,3,3,"Occasional",12,100.95,"Yes",0,"Male",19,"Yes","Yes",19,1,"No",0,3,3,"Occasional",12,100.95,"Yes",0,NA
"5829-NVSQN","Female",52,"Yes","No",23,1,"No",1,3,2,"Occasional",12,68.75,"No",0,"Female",52,"Yes","No",23,1,"No",1,3,2,"Occasional",12,68.75,"No",0,0
"5832-EXGTT","Male",30,"Yes","Yes",29,1,"DSL",1,2,2,"Occasional",1,60.2,"No",0,"Male",30,"Yes","Yes",29,1,"DSL",1,2,2,"Occasional",1,60.2,"No",0,34
"5832-XKAES","Male",33,"No","No",2,1,"Fiber optic",0,2,0,"Frequent",1,69.8,"Yes",0,"Male",33,"No","No",2,1,"Fiber optic",0,2,0,"Occasional",1,69.8,"Yes",0,NA
"5835-BEQEU","Male",59,"No","No",3,2,"DSL",0,2,0,"Frequent",1,76.95,"Yes",0,"Male",59,"No","No",3,2,"DSL",0,2,0,"Frequent",1,76.95,"Yes",0,NA
"5837-LXSDN","Female",60,"Yes","Yes",21,1,"No",2,2,1,"Occasional",12,58.85,"No",0,"Female",60,"Yes","Yes",21,1,"No",2,2,1,"Occasional",12,58.85,"No",0,44
"5839-SUYVZ","Male",42,"No","No",16,1,"5G",0,3,0,"Occasional",1,74.55,"No",1,"Male",42,"No","No",16,1,"5G",0,3,0,"Occasional",1,74.55,"No",1,25
"5840-NVDCG","Female",35,"Yes","Yes",16,1,"DSL",3,3,2,"Occasional",24,68.25,"No",0,"Female",35,"Yes","Yes",16,1,"DSL",3,3,2,"Occasional",24,68.25,"No",0,39
"5842-POCOP","Female",25,"Yes","No",5,1,"5G",1,2,2,"Occasional",1,88.9,"Yes",1,"Female",25,"Yes","No",5,1,"5G",1,2,2,"Frequent",1,88.9,"Yes",1,NA
"5843-TTHGI","Female",54,"No","No",18,1,"No",0,2,0,"Occasional",1,50,"No",0,"Female",54,"No","No",18,1,"No",0,2,0,"Occasional",1,50,"No",0,11
"5844-QVTAT","Female",37,"Yes","Yes",33,1,"5G",3,2,0,"Occasional",12,58.45,"No",1,"Female",37,"Yes","Yes",33,1,"5G",3,2,0,"Occasional",12,58.45,"No",1,2
"5845-BZZIB","Male",22,"Yes","Yes",35,1,"5G",0,1,0,"Occasional",24,20.1,"No",1,"Male",22,"Yes","Yes",35,1,"5G",0,1,0,"Occasional",24,20.1,"No",1,23
"5846-ABOBJ","Male",45,"No","No",71,2,"No",0,1,0,"Occasional",24,24.45,"No",0,"Male",45,"No","No",71,2,"No",0,1,0,"Occasional",24,24.45,"No",0,11
"5846-NEQVZ","Male",38,"Yes","Yes",71,1,"5G",1,3,2,"Occasional",24,70.85,"No",1,"Male",38,"Yes","Yes",71,1,"5G",1,3,2,"Occasional",24,70.85,"No",1,43
"5846-QFDFI","Female",19,"Yes","Yes",33,2,"5G",2,3,0,"Occasional",1,88.6,"No",0,"Female",19,"Yes","Yes",33,2,"5G",2,3,0,"Occasional",1,88.6,"No",0,34
"5847-MXBEO","Male",58,"No","No",22,1,"No",0,1,0,"Occasional",12,20.3,"No",0,"Male",58,"No","No",22,1,"No",0,1,0,"Occasional",12,20.3,"No",0,24
"5848-FHRFC","Female",20,"No","No",68,1,"5G",0,1,0,"Occasional",24,20.05,"No",0,"Female",20,"No","No",68,1,"5G",0,1,0,"Occasional",24,20.05,"No",0,39
"5855-EIBDE","Female",60,"Yes","No",49,2,"Fiber optic",3,3,2,"Occasional",24,106.65,"No",0,"Female",60,"Yes","No",49,2,"Fiber optic",3,3,2,"Occasional",24,106.65,"No",0,39
"5857-TYBCJ","Male",69,"Yes","No",44,1,"No",0,2,1,"Occasional",1,89.2,"No",0,"Male",69,"Yes","No",44,1,"No",0,2,1,"Occasional",1,89.2,"No",0,9
"5857-XRECV","Female",60,"No","No",2,1,"No",0,1,0,"Occasional",12,20.5,"No",0,"Female",60,"No","No",2,1,"No",0,1,0,"Occasional",12,20.5,"No",0,41
"5858-EAFCZ","Male",29,"No","No",1,1,"5G",0,2,0,"Occasional",1,44.45,"No",0,"Male",29,"No","No",1,1,"5G",0,2,0,"Occasional",1,44.45,"No",0,34
"5862-BRIXZ","Male",36,"No","No",46,0,"DSL",1,3,3,"Occasional",24,60.75,"No",0,"Male",36,"No","No",46,0,"DSL",1,3,3,"Occasional",24,60.75,"No",0,0
"5863-OOKCL","Female",63,"No","No",10,1,"No",0,1,0,"Occasional",1,18.85,"No",0,"Female",63,"No","No",10,1,"No",0,1,0,"Occasional",1,18.85,"No",0,28
"5868-CZJDR","Male",48,"No","No",1,0,"5G",2,2,0,"Frequent",1,31.35,"Yes",0,"Male",48,"No","No",1,0,"5G",2,2,0,"Frequent",1,31.35,"Yes",0,NA
"5868-YWPDW","Male",77,"Yes","No",6,1,"Fiber optic",2,2,2,"Frequent",1,84.2,"Yes",0,"Male",77,"Yes","No",6,1,"Fiber optic",2,2,2,"Occasional",1,84.2,"Yes",0,NA
"5871-DGTXZ","Male",35,"No","No",32,1,"No",0,1,0,"Occasional",12,19.8,"No",0,"Male",35,"No","No",32,1,"No",0,1,0,"Occasional",12,19.8,"No",0,9
"5872-OEQNH","Female",64,"No","No",60,0,"DSL",1,2,2,"Occasional",12,44.45,"No",0,"Female",64,"No","No",60,0,"DSL",1,2,2,"Occasional",12,44.45,"No",0,11
"5875-YPQFJ","Male",57,"No","No",1,1,"DSL",0,2,0,"Occasional",1,69.9,"Yes",1,"Male",57,"No","No",1,1,"DSL",0,2,0,"Frequent",1,69.9,"Yes",1,NA
"5876-HZVZM","Female",61,"Yes","Yes",6,1,"DSL",3,2,0,"Frequent",1,55.9,"Yes",0,"Female",61,"Yes","Yes",6,1,"DSL",3,2,0,"Occasional",1,55.9,"Yes",0,NA
"5876-QMYLD","Female",64,"No","No",23,1,"5G",0,1,0,"Occasional",12,20.05,"No",1,"Female",64,"No","No",23,1,"5G",0,1,0,"Occasional",12,20.05,"No",1,40
"5879-HMFFH","Female",33,"Yes","No",72,1,"DSL",3,3,3,"Occasional",24,88.05,"No",0,"Female",33,"Yes","No",72,1,"DSL",3,3,3,"Occasional",24,88.05,"No",0,25
"5879-SESNB","Female",43,"No","No",11,2,"5G",0,2,0,"Occasional",1,75.25,"No",1,"Female",43,"No","No",11,2,"5G",0,2,0,"Occasional",1,75.25,"No",1,10
"5882-CMAZQ","Female",21,"Yes","Yes",5,0,"5G",2,3,0,"Occasional",1,34.25,"No",0,"Female",21,"Yes","Yes",5,0,"5G",2,3,0,"Occasional",1,34.25,"No",0,14
"5883-GTGVD","Male",24,"No","No",19,2,"Fiber optic",2,2,3,"Frequent",1,99.95,"Yes",0,"Male",24,"No","No",19,2,"Fiber optic",2,2,3,"Frequent",1,99.95,"Yes",0,NA
"5884-FBCTL","Female",63,"No","No",72,2,"No",0,1,0,"Occasional",24,25.1,"No",0,"Female",63,"No","No",72,2,"No",0,1,0,"Occasional",24,25.1,"No",0,32
"5886-VLQVU","Male",22,"Yes","No",35,2,"5G",0,3,2,"Occasional",1,89.85,"No",1,"Male",22,"Yes","No",35,2,"5G",0,3,2,"Occasional",1,89.85,"No",1,32
"5887-IKKYO","Male",26,"Yes","Yes",58,2,"Fiber optic",0,3,2,"Occasional",24,94.35,"No",0,"Male",26,"Yes","Yes",58,2,"Fiber optic",0,3,2,"Occasional",24,94.35,"No",0,36
"5889-JTMUL","Female",84,"Yes","No",50,2,"Fiber optic",2,2,1,"Frequent",1,95.05,"Yes",0,"Female",84,"Yes","No",50,2,"Fiber optic",2,2,1,"Frequent",1,95.05,"Yes",0,NA
"5893-KCLGT","Female",39,"No","No",72,1,"No",0,1,0,"Occasional",24,19.75,"No",0,"Female",39,"No","No",72,1,"No",0,1,0,"Occasional",24,19.75,"No",0,12
"5893-PYOLZ","Male",59,"No","No",56,1,"No",2,3,3,"Occasional",24,81.8,"No",0,"Male",59,"No","No",56,1,"No",2,3,3,"Occasional",24,81.8,"No",0,5
"5895-QSXOD","Male",50,"No","No",9,1,"Fiber optic",0,2,0,"Occasional",1,70.05,"No",0,"Male",50,"No","No",9,1,"Fiber optic",0,2,0,"Occasional",1,70.05,"No",0,10
"5896-NPFWW","Male",58,"Yes","Yes",3,1,"5G",0,2,0,"Occasional",1,50.15,"Yes",1,"Male",58,"Yes","Yes",3,1,"5G",0,2,0,"Frequent",1,50.15,"Yes",1,NA
"5898-IGSLP","Male",23,"Yes","Yes",31,2,"5G",1,3,0,"Occasional",1,89.3,"No",1,"Male",23,"Yes","Yes",31,2,"5G",1,3,0,"Occasional",1,89.3,"No",1,23
"5899-MQZZL","Female",23,"No","No",13,2,"Fiber optic",0,2,0,"Frequent",1,75,"Yes",0,"Female",23,"No","No",13,2,"Fiber optic",0,2,0,"Frequent",1,75,"Yes",0,NA
"5902-WBLSE","Female",50,"No","No",70,1,"No",0,1,0,"Occasional",24,20.15,"No",0,"Female",50,"No","No",70,1,"No",0,1,0,"Occasional",24,20.15,"No",0,17
"5906-CVLHP","Female",45,"Yes","Yes",45,1,"DSL",2,3,0,"Occasional",12,54.15,"Yes",0,"Female",45,"Yes","Yes",45,1,"DSL",2,3,0,"Occasional",12,54.15,"Yes",0,NA
"5906-DVAPM","Female",28,"Yes","Yes",55,2,"DSL",3,3,1,"Occasional",12,75,"No",0,"Female",28,"Yes","Yes",55,2,"DSL",3,3,1,"Occasional",12,75,"No",0,34
"5908-QMGOE","Male",80,"No","No",15,1,"No",0,2,0,"Frequent",1,74.2,"Yes",0,"Male",80,"No","No",15,1,"No",0,2,0,"Frequent",1,74.2,"Yes",0,NA
"5914-GXMDA","Female",54,"No","No",32,1,"No",0,1,0,"Occasional",12,19.3,"No",0,"Female",54,"No","No",32,1,"No",0,1,0,"Occasional",12,19.3,"No",0,30
"5914-XRFQB","Male",42,"No","No",72,2,"Fiber optic",3,3,3,"Occasional",24,115.8,"No",0,"Male",42,"No","No",72,2,"Fiber optic",3,3,3,"Occasional",24,115.8,"No",0,17
"5915-ANOEI","Male",43,"Yes","No",70,2,"DSL",3,3,1,"Occasional",24,79.15,"No",0,"Male",43,"Yes","No",70,2,"DSL",3,3,1,"Occasional",24,79.15,"No",0,0
"5916-QEWPT","Female",44,"Yes","No",2,1,"DSL",0,2,3,"Occasional",1,69,"No",0,"Female",44,"Yes","No",2,1,"DSL",0,2,3,"Occasional",1,69,"No",0,11
"5917-HBSDW","Female",22,"Yes","Yes",37,1,"No",0,1,0,"Occasional",1,19.35,"No",0,"Female",22,"Yes","Yes",37,1,"No",0,1,0,"Occasional",1,19.35,"No",0,10
"5918-VUKWP","Female",22,"No","No",32,1,"5G",0,1,0,"Occasional",12,20.55,"No",1,"Female",22,"No","No",32,1,"5G",0,1,0,"Occasional",12,20.55,"No",1,66
"5919-TMRGD","Female",49,"No","Yes",1,1,"5G",0,2,1,"Occasional",1,79.35,"Yes",1,"Female",49,"No","Yes",1,1,"5G",0,2,1,"Frequent",1,79.35,"Yes",1,NA
"5919-VCZYM","Male",43,"No","No",2,1,"No",0,1,0,"Occasional",1,20.05,"No",0,"Male",43,"No","No",2,1,"No",0,1,0,"Occasional",1,20.05,"No",0,42
"5922-ABDVO","Female",31,"Yes","No",19,2,"5G",0,2,2,"Frequent",1,89.65,"Yes",0,"Female",31,"Yes","No",19,2,"5G",0,2,2,"Frequent",1,89.65,"Yes",0,NA
"5923-GXUOC","Male",51,"No","No",10,1,"Fiber optic",3,2,3,"Frequent",1,104.4,"Yes",0,"Male",51,"No","No",10,1,"Fiber optic",3,2,3,"Frequent",1,104.4,"Yes",0,NA
"5924-SNGKP","Female",19,"No","Yes",41,1,"5G",0,1,0,"Occasional",12,20.25,"No",1,"Female",19,"No","Yes",41,1,"5G",0,1,0,"Occasional",12,20.25,"No",1,40
"5928-QLDHB","Male",22,"No","No",9,2,"Fiber optic",0,2,0,"Occasional",1,76.25,"No",0,"Male",22,"No","No",9,2,"Fiber optic",0,2,0,"Occasional",1,76.25,"No",0,11
"5930-GBIWP","Male",48,"No","No",69,2,"DSL",3,3,2,"Occasional",24,81.5,"No",0,"Male",48,"No","No",69,2,"DSL",3,3,2,"Occasional",24,81.5,"No",0,29
"5934-RMPOV","Female",62,"No","Yes",22,2,"Fiber optic",0,2,2,"Occasional",1,84.75,"No",0,"Female",62,"No","Yes",22,2,"Fiber optic",0,2,2,"Occasional",1,84.75,"No",0,36
"5934-TSSAU","Female",35,"Yes","Yes",23,1,"5G",0,2,0,"Occasional",1,75.3,"No",0,"Female",35,"Yes","Yes",23,1,"5G",0,2,0,"Occasional",1,75.3,"No",0,44
"5935-FCCNB","Female",89,"No","No",17,2,"5G",0,2,3,"Occasional",1,94.2,"No",0,"Female",89,"No","No",17,2,"5G",0,2,3,"Occasional",1,94.2,"No",0,43
"5937-EORGB","Male",85,"Yes","No",15,2,"Fiber optic",1,2,1,"Occasional",1,96.5,"No",0,"Male",85,"Yes","No",15,2,"Fiber optic",1,2,1,"Occasional",1,96.5,"No",0,20
"5939-SXWHM","Male",50,"No","No",48,2,"5G",0,1,0,"Occasional",24,26.3,"No",0,"Male",50,"No","No",48,2,"5G",0,1,0,"Occasional",24,26.3,"No",0,22
"5940-AHUHD","Male",49,"No","No",1,1,"5G",0,2,0,"Occasional",1,70.6,"Yes",1,"Male",49,"No","No",1,1,"5G",0,2,0,"Frequent",1,70.6,"Yes",1,NA
"5940-NFXKV","Male",21,"Yes","Yes",19,2,"Fiber optic",0,2,2,"Frequent",1,83.65,"Yes",0,"Male",21,"Yes","Yes",19,2,"Fiber optic",0,2,2,"Frequent",1,83.65,"Yes",0,NA
"5944-UGLLK","Male",31,"No","No",53,0,"DSL",0,3,3,"Occasional",12,54.9,"No",0,"Male",31,"No","No",53,0,"DSL",0,3,3,"Occasional",12,54.9,"No",0,30
"5947-SGKCL","Female",28,"Yes","Yes",15,2,"5G",2,2,3,"Occasional",1,105.35,"No",1,"Female",28,"Yes","Yes",15,2,"5G",2,2,3,"Occasional",1,105.35,"No",1,58
"5948-UJZLF","Male",40,"No","No",2,1,"5G",2,2,0,"Occasional",1,49.25,"No",1,"Male",40,"No","No",2,1,"5G",2,2,0,"Occasional",1,49.25,"No",1,46
"5949-HGVJL","Female",55,"Yes","No",26,1,"DSL",2,3,3,"Occasional",1,73.05,"No",0,"Female",55,"Yes","No",26,1,"DSL",2,3,3,"Occasional",1,73.05,"No",0,10
"5949-XIKAE","Female",59,"Yes","Yes",8,1,"5G",2,2,1,"Frequent",1,83.55,"Yes",1,"Female",59,"Yes","Yes",8,1,"5G",2,2,1,"Frequent",1,83.55,"Yes",1,NA
"5951-AOFIH","Male",20,"No","No",33,1,"DSL",2,2,1,"Occasional",1,66.4,"No",0,"Male",20,"No","No",33,1,"DSL",2,2,1,"Occasional",1,66.4,"No",0,28
"5954-BDFSG","Female",58,"No","No",72,2,"5G",0,3,3,"Occasional",24,107.5,"No",1,"Female",58,"No","No",72,2,"5G",0,3,3,"Occasional",24,107.5,"No",1,62
"5955-ERIHD","Male",54,"Yes","No",18,1,"No",0,2,3,"Frequent",1,94.7,"Yes",0,"Male",54,"Yes","No",18,1,"No",0,2,3,"Frequent",1,94.7,"Yes",0,NA
"5956-VKDTT","Female",75,"Yes","No",5,2,"5G",0,2,0,"Occasional",1,74.35,"Yes",1,"Female",75,"Yes","No",5,2,"5G",0,2,0,"Frequent",1,74.35,"Yes",1,NA
"5956-YHHRX","Male",71,"No","No",21,2,"Fiber optic",2,2,3,"Occasional",1,104.35,"No",0,"Male",71,"No","No",21,2,"Fiber optic",2,2,3,"Occasional",1,104.35,"No",0,36
"5960-MVTUK","Male",48,"No","No",3,2,"No",0,3,0,"Occasional",1,29.75,"No",0,"Male",48,"No","No",3,2,"No",0,3,0,"Occasional",1,29.75,"No",0,36
"5961-VUSRV","Female",46,"No","No",12,1,"DSL",0,1,0,"Occasional",12,19.35,"No",1,"Female",46,"No","No",12,1,"DSL",0,1,0,"Occasional",12,19.35,"No",1,57
"5965-GGPRW","Male",50,"Yes","Yes",72,2,"Fiber optic",1,2,3,"Occasional",24,105.25,"No",0,"Male",50,"Yes","Yes",72,2,"Fiber optic",1,2,3,"Occasional",24,105.25,"No",0,5
"5968-HYJRZ","Male",46,"No","No",47,1,"DSL",0,1,0,"Occasional",24,24.55,"No",0,"Male",46,"No","No",47,1,"DSL",0,1,0,"Occasional",24,24.55,"No",0,17
"5968-VXZLG","Male",52,"No","No",2,1,"DSL",0,2,0,"Occasional",1,46.6,"No",0,"Male",52,"No","No",2,1,"DSL",0,2,0,"Occasional",1,46.6,"No",0,4
"5968-XQIVE","Male",52,"Yes","Yes",72,2,"5G",2,2,1,"Occasional",12,89.7,"No",1,"Male",52,"Yes","Yes",72,2,"5G",2,2,1,"Occasional",12,89.7,"No",1,6
"5970-GHJAW","Male",56,"No","No",46,1,"5G",0,1,0,"Occasional",24,19.95,"No",0,"Male",56,"No","No",46,1,"5G",0,1,0,"Occasional",24,19.95,"No",0,16
"5973-EJGDP","Male",22,"No","No",51,2,"DSL",2,3,0,"Occasional",1,87.35,"No",1,"Male",22,"No","No",51,2,"DSL",2,3,0,"Occasional",1,87.35,"No",1,30
"5975-BAICR","Male",53,"Yes","Yes",36,1,"DSL",1,2,2,"Occasional",12,63.7,"No",0,"Male",53,"Yes","Yes",36,1,"DSL",1,2,2,"Occasional",12,63.7,"No",0,32
"5976-JCJRH","Male",57,"Yes","No",10,1,"No",0,2,0,"Frequent",1,70.3,"Yes",0,"Male",57,"Yes","No",10,1,"No",0,2,0,"Frequent",1,70.3,"Yes",0,NA
"5977-CKHON","Female",21,"Yes","Yes",43,2,"5G",0,2,2,"Occasional",1,92.55,"No",0,"Female",21,"Yes","Yes",43,2,"5G",0,2,2,"Occasional",1,92.55,"No",0,26
"5980-BDHPY","Male",28,"Yes","No",72,2,"5G",3,3,3,"Occasional",24,87.1,"No",0,"Male",28,"Yes","No",72,2,"5G",3,3,3,"Occasional",24,87.1,"No",0,41
"5980-NOPLP","Female",35,"Yes","No",44,2,"Fiber optic",0,2,3,"Frequent",1,96.1,"Yes",0,"Female",35,"Yes","No",44,2,"Fiber optic",0,2,3,"Frequent",1,96.1,"Yes",0,NA
"5981-ITEMU","Male",38,"Yes","No",40,2,"DSL",0,2,3,"Occasional",1,97.1,"Yes",0,"Male",38,"Yes","No",40,2,"DSL",0,2,3,"Frequent",1,97.1,"Yes",0,NA
"5982-FPVQN","Female",52,"Yes","Yes",37,2,"Fiber optic",2,2,2,"Occasional",1,95.15,"No",0,"Female",52,"Yes","Yes",37,2,"Fiber optic",2,2,2,"Occasional",1,95.15,"No",0,15
"5982-PSMKW","Female",49,"Yes","Yes",23,2,"DSL",3,3,3,"Occasional",24,91.1,"No",0,"Female",49,"Yes","Yes",23,2,"DSL",3,3,3,"Occasional",24,91.1,"No",0,30
"5985-BEHZK","Female",65,"Yes","No",72,2,"Fiber optic",2,2,3,"Occasional",12,105,"No",0,"Female",65,"Yes","No",72,2,"Fiber optic",2,2,3,"Occasional",12,105,"No",0,14
"5985-TBABQ","Female",34,"No","No",32,2,"DSL",1,2,3,"Occasional",12,74.75,"No",0,"Female",34,"No","No",32,2,"DSL",1,2,3,"Occasional",12,74.75,"No",0,26
"5989-PGKJB","Female",23,"No","No",16,1,"DSL",2,2,2,"Occasional",1,86.25,"No",0,"Female",23,"No","No",16,1,"DSL",2,2,2,"Occasional",1,86.25,"No",0,27
"5993-BQHEA","Male",50,"No","No",12,1,"5G",0,1,0,"Occasional",12,20.05,"No",1,"Male",50,"No","No",12,1,"5G",0,1,0,"Occasional",12,20.05,"No",1,29
"5993-JSUWV","Female",51,"No","No",66,1,"No",3,2,0,"Occasional",24,61.15,"No",0,"Female",51,"No","No",66,1,"No",3,2,0,"Occasional",24,61.15,"No",0,11
"5995-LFTLE","Male",44,"No","No",58,2,"No",0,1,0,"Occasional",24,25.3,"No",0,"Male",44,"No","No",58,2,"No",0,1,0,"Occasional",24,25.3,"No",0,41
"5995-OIGLP","Male",59,"No","No",12,1,"DSL",1,3,0,"Occasional",1,56.65,"Yes",0,"Male",59,"No","No",12,1,"DSL",1,3,0,"Occasional",1,56.65,"Yes",0,NA
"5995-SNNEW","Male",89,"Yes","No",23,2,"Fiber optic",2,2,3,"Occasional",1,104.45,"No",0,"Male",89,"Yes","No",23,2,"Fiber optic",2,2,3,"Occasional",1,104.45,"No",0,6
"5995-WWKKG","Female",52,"No","No",37,1,"No",0,1,0,"Occasional",12,19.8,"No",0,"Female",52,"No","No",37,1,"No",0,1,0,"Occasional",12,19.8,"No",0,25
"5996-DAOQL","Male",59,"No","No",1,1,"No",0,1,0,"Occasional",1,20.45,"No",0,"Male",59,"No","No",1,1,"No",0,1,0,"Occasional",1,20.45,"No",0,39
"5996-EBTKM","Female",42,"Yes","Yes",67,2,"DSL",0,3,2,"Occasional",24,69.9,"No",0,"Female",42,"Yes","Yes",67,2,"DSL",0,3,2,"Occasional",24,69.9,"No",0,33
"5997-OPVFA","Male",44,"Yes","No",72,2,"5G",3,3,3,"Occasional",24,89.05,"No",1,"Male",44,"Yes","No",72,2,"5G",3,3,3,"Occasional",24,89.05,"No",1,56
"5998-DZLYR","Female",31,"Yes","No",61,2,"Fiber optic",2,3,2,"Occasional",24,94.35,"No",0,"Female",31,"Yes","No",61,2,"Fiber optic",2,3,2,"Occasional",24,94.35,"No",0,39
"5999-LCXAO","Female",22,"No","No",1,0,"DSL",1,2,0,"Occasional",1,29.9,"No",0,NA,NA,NA,NA,NA,NA,NA,NA,NA,NA,NA,NA,NA,NA,NA,NA
"6000-APYLU","Male",61,"No","No",9,1,"Fiber optic",0,2,2,"Frequent",1,80.8,"Yes",0,"Male",61,"No","No",9,1,"Fiber optic",0,2,2,"Frequent",1,80.8,"Yes",0,NA
"6000-UKLWI","Male",20,"No","No",41,1,"No",0,1,0,"Occasional",24,20.15,"No",0,"Male",20,"No","No",41,1,"No",0,1,0,"Occasional",24,20.15,"No",0,34
"6005-OBZPH","Female",73,"No","No",26,2,"Fiber optic",2,2,1,"Frequent",1,89.15,"Yes",0,"Female",73,"No","No",26,2,"Fiber optic",2,2,1,"Frequent",1,89.15,"Yes",0,NA
"6007-TCTST","Female",53,"Yes","Yes",72,2,"5G",3,3,3,"Occasional",24,115.8,"No",1,"Female",53,"Yes","Yes",72,2,"5G",3,3,3,"Occasional",24,115.8,"No",1,41
"6008-NAIXK","Male",80,"No","No",54,0,"DSL",2,2,3,"Occasional",12,55.45,"No",0,"Male",80,"No","No",54,0,"DSL",2,2,3,"Occasional",12,55.45,"No",0,35
"6010-DDPPW","Male",65,"No","No",70,2,"No",0,1,0,"Occasional",24,25.15,"No",0,"Male",65,"No","No",70,2,"No",0,1,0,"Occasional",24,25.15,"No",0,19
"6013-BHCAW","Male",39,"Yes","Yes",61,2,"DSL",0,3,3,"Occasional",24,81,"No",0,"Male",39,"Yes","Yes",61,2,"DSL",0,3,3,"Occasional",24,81,"No",0,31
"6015-VVHHE","Female",70,"No","No",5,1,"No",0,2,1,"Frequent",1,83.15,"Yes",0,"Female",70,"No","No",5,1,"No",0,2,1,"Frequent",1,83.15,"Yes",0,NA
"6016-NXBNJ","Male",48,"No","No",35,1,"No",0,1,0,"Occasional",12,19.15,"No",0,"Male",48,"No","No",35,1,"No",0,1,0,"Occasional",12,19.15,"No",0,11
"6017-PPLPX","Male",34,"Yes","Yes",20,1,"Fiber optic",0,2,0,"Frequent",1,70.45,"Yes",0,"Male",34,"Yes","Yes",20,1,"Fiber optic",0,2,0,"Frequent",1,70.45,"Yes",0,NA
"6022-KOUQO","Female",49,"No","No",2,0,"5G",0,3,0,"Occasional",1,29.05,"No",0,"Female",49,"No","No",2,0,"5G",0,3,0,"Occasional",1,29.05,"No",0,39
"6023-GSSXW","Female",63,"Yes","No",69,1,"DSL",2,2,2,"Occasional",24,61.45,"No",0,"Female",63,"Yes","No",69,1,"DSL",2,2,2,"Occasional",24,61.45,"No",0,34
"6023-YEBUP","Male",59,"No","No",3,1,"No",0,2,3,"Frequent",1,100.95,"Yes",0,"Male",59,"No","No",3,1,"No",0,2,3,"Frequent",1,100.95,"Yes",0,NA
"6024-RUGGH","Male",20,"Yes","Yes",72,2,"5G",0,1,0,"Occasional",24,25.2,"No",1,"Male",20,"Yes","Yes",72,2,"5G",0,1,0,"Occasional",24,25.2,"No",1,24
"6029-CSMJE","Male",22,"No","No",17,1,"No",0,2,0,"Occasional",1,25.65,"No",0,"Male",22,"No","No",17,1,"No",0,2,0,"Occasional",1,25.65,"No",0,16
"6030-REHUX","Female",69,"Yes","No",28,2,"5G",2,3,3,"Occasional",1,110.85,"No",1,"Female",69,"Yes","No",28,2,"5G",2,3,3,"Occasional",1,110.85,"No",1,0
"6032-IGALN","Female",21,"No","No",1,2,"No",0,2,0,"Frequent",1,25.1,"Yes",0,"Female",21,"No","No",1,2,"No",0,2,0,"Frequent",1,25.1,"Yes",0,NA
"6034-YMTOB","Female",44,"No","No",5,1,"Fiber optic",0,3,0,"Occasional",1,75.65,"No",0,"Female",44,"No","No",5,1,"Fiber optic",0,3,0,"Occasional",1,75.65,"No",0,2
"6034-ZRYCV","Female",64,"No","No",72,0,"DSL",2,2,3,"Frequent",24,54.2,"Yes",0,"Female",64,"No","No",72,0,"DSL",2,2,3,"Occasional",24,54.2,"Yes",0,NA
"6035-BXTTY","Female",78,"No","No",32,1,"5G",2,3,0,"Occasional",1,54.65,"No",1,"Female",78,"No","No",32,1,"5G",2,3,0,"Occasional",1,54.65,"No",1,35
"6036-TTFYU","Female",35,"No","No",16,1,"No",0,1,0,"Occasional",1,19.6,"No",0,"Female",35,"No","No",16,1,"No",0,1,0,"Occasional",1,19.6,"No",0,34
"6038-GCYEC","Female",50,"No","No",24,0,"DSL",2,2,3,"Frequent",1,54.15,"Yes",0,"Female",50,"No","No",24,0,"DSL",2,2,3,"Frequent",1,54.15,"Yes",0,NA
"6040-CGACY","Female",21,"No","No",15,1,"No",0,1,0,"Occasional",1,19.6,"No",0,"Female",21,"No","No",15,1,"No",0,1,0,"Occasional",1,19.6,"No",0,41
"6047-YHPVI","Male",61,"No","No",5,1,"5G",0,2,0,"Frequent",1,69.7,"Yes",1,"Male",61,"No","No",5,1,"5G",0,2,0,"Frequent",1,69.7,"Yes",1,NA
"6048-NJXHX","Male",22,"Yes","No",41,1,"5G",0,1,0,"Occasional",24,19.75,"No",1,"Male",22,"Yes","No",41,1,"5G",0,1,0,"Occasional",24,19.75,"No",1,37
"6048-UWKAL","Female",84,"Yes","No",69,2,"5G",2,3,3,"Occasional",24,105.4,"No",0,"Female",84,"Yes","No",69,2,"5G",2,3,3,"Occasional",24,105.4,"No",0,41
"6050-IJRHS","Female",62,"Yes","Yes",70,2,"Fiber optic",2,2,3,"Occasional",12,106.5,"No",0,"Female",62,"Yes","Yes",70,2,"Fiber optic",2,2,3,"Occasional",12,106.5,"No",0,28
"6051-PTVNS","Female",21,"Yes","Yes",55,1,"No",0,1,0,"Occasional",12,19.15,"No",0,"Female",21,"Yes","Yes",55,1,"No",0,1,0,"Occasional",12,19.15,"No",0,10
"6060-DRTNL","Female",90,"No","No",5,1,"Fiber optic",0,2,1,"Occasional",1,84.85,"Yes",0,"Female",90,"No","No",5,1,"Fiber optic",0,2,1,"Frequent",1,84.85,"Yes",0,NA
"6060-QBMGV","Male",52,"No","No",70,1,"No",0,1,0,"Occasional",24,19.85,"No",0,"Male",52,"No","No",70,1,"No",0,1,0,"Occasional",24,19.85,"No",0,25
"6061-GWWAV","Male",42,"No","Yes",41,1,"No",3,2,1,"Occasional",12,70.2,"No",0,"Male",42,"No","Yes",41,1,"No",3,2,1,"Occasional",12,70.2,"No",0,27
"6064-PUPMC","Male",28,"Yes","Yes",23,1,"No",1,3,0,"Occasional",12,57.2,"No",0,"Male",28,"Yes","Yes",23,1,"No",1,3,0,"Occasional",12,57.2,"No",0,41
"6064-ZATLR","Female",64,"No","No",27,1,"DSL",3,2,0,"Occasional",24,52.85,"No",0,"Female",64,"No","No",27,1,"DSL",3,2,0,"Occasional",24,52.85,"No",0,7
"6067-NGCEU","Female",41,"No","No",65,2,"5G",3,2,3,"Occasional",1,111.05,"No",1,"Female",41,"No","No",65,2,"5G",3,2,3,"Occasional",1,111.05,"No",1,60
"6077-BDPXA","Female",28,"No","No",3,1,"5G",0,2,0,"Occasional",1,70.15,"No",0,"Female",28,"No","No",3,1,"5G",0,2,0,"Occasional",1,70.15,"No",0,39
"6080-LNESI","Male",19,"No","No",51,2,"No",0,1,0,"Occasional",24,24.75,"No",0,"Male",19,"No","No",51,2,"No",0,1,0,"Occasional",24,24.75,"No",0,15
"6082-GLJIX","Male",62,"No","No",18,1,"No",0,1,0,"Occasional",1,19.25,"No",0,"Male",62,"No","No",18,1,"No",0,1,0,"Occasional",1,19.25,"No",0,7
"6082-OQFBA","Male",20,"Yes","Yes",23,1,"5G",0,1,0,"Occasional",12,19.65,"No",0,"Male",20,"Yes","Yes",23,1,"5G",0,1,0,"Occasional",12,19.65,"No",0,10
"6086-ESGRL","Female",19,"No","No",1,1,"Fiber optic",0,2,2,"Frequent",1,80.15,"Yes",0,"Female",19,"No","No",1,1,"Fiber optic",0,2,2,"Frequent",1,80.15,"Yes",0,NA
"6087-MVHJH","Female",42,"No","No",16,2,"Fiber optic",0,2,2,"Frequent",1,88.45,"Yes",0,"Female",42,"No","No",16,2,"Fiber optic",0,2,2,"Frequent",1,88.45,"Yes",0,NA
"6088-BXMRG","Female",50,"Yes","Yes",32,2,"Fiber optic",2,2,3,"Occasional",1,98.85,"No",0,"Female",50,"Yes","Yes",32,2,"Fiber optic",2,2,3,"Occasional",1,98.85,"No",0,1
"6092-QZVPP","Male",38,"No","No",36,1,"5G",1,3,3,"Occasional",1,79.2,"No",1,"Male",38,"No","No",36,1,"5G",1,3,3,"Occasional",1,79.2,"No",1,33
"6094-ZIVKX","Female",48,"No","No",68,1,"DSL",1,2,0,"Occasional",12,54.45,"No",0,"Female",48,"No","No",68,1,"DSL",1,2,0,"Occasional",12,54.45,"No",0,35
"6096-EGVTU","Female",52,"No","No",64,2,"No",0,1,0,"Occasional",12,24.9,"No",0,"Female",52,"No","No",64,2,"No",0,1,0,"Occasional",12,24.9,"No",0,22
"6100-FJZDG","Male",38,"No","No",26,1,"DSL",0,1,0,"Occasional",12,20.05,"No",0,"Male",38,"No","No",26,1,"DSL",0,1,0,"Occasional",12,20.05,"No",0,19
"6100-QQHEB","Male",53,"Yes","Yes",17,1,"No",0,2,3,"Frequent",1,92.55,"Yes",0,"Male",53,"Yes","Yes",17,1,"No",0,2,3,"Frequent",1,92.55,"Yes",0,NA
"6101-IMRMM","Male",46,"No","Yes",6,1,"Fiber optic",0,2,3,"Frequent",1,94.5,"Yes",0,"Male",46,"No","Yes",6,1,"Fiber optic",0,2,3,"Frequent",1,94.5,"Yes",0,NA
"6103-BOCOU","Female",56,"No","No",26,2,"5G",0,2,0,"Occasional",1,80.7,"No",1,"Female",56,"No","No",26,2,"5G",0,2,0,"Occasional",1,80.7,"No",1,28
"6103-LIANB","Male",25,"Yes","Yes",59,2,"5G",0,2,3,"Occasional",24,99.5,"No",1,"Male",25,"Yes","Yes",59,2,"5G",0,2,3,"Occasional",24,99.5,"No",1,19
"6103-QCKFX","Female",56,"Yes","Yes",44,1,"DSL",1,3,0,"Occasional",1,56.25,"No",0,"Female",56,"Yes","Yes",44,1,"DSL",1,3,0,"Occasional",1,56.25,"No",0,36
"6114-TCFID","Female",47,"No","No",29,0,"5G",3,3,0,"Occasional",12,39.5,"No",0,"Female",47,"No","No",29,0,"5G",3,3,0,"Occasional",12,39.5,"No",0,37
"6115-ZTBFQ","Female",36,"Yes","No",72,0,"5G",3,3,3,"Occasional",24,65.5,"No",1,"Female",36,"Yes","No",72,0,"5G",3,3,3,"Occasional",24,65.5,"No",1,42
"6119-SPUDB","Male",36,"No","No",46,0,"DSL",1,3,0,"Occasional",24,38.25,"No",0,"Male",36,"No","No",46,0,"DSL",1,3,0,"Occasional",24,38.25,"No",0,40
"6120-RJKLU","Female",85,"Yes","No",62,1,"DSL",1,3,3,"Occasional",24,79.95,"No",0,"Female",85,"Yes","No",62,1,"DSL",1,3,3,"Occasional",24,79.95,"No",0,15
"6121-TNHBO","Female",84,"No","No",63,2,"DSL",3,3,1,"Occasional",12,83,"No",0,"Female",84,"No","No",63,2,"DSL",3,3,1,"Occasional",12,83,"No",0,38
"6121-VZNQB","Female",62,"No","No",1,1,"No",0,1,0,"Occasional",1,19.1,"Yes",0,"Female",62,"No","No",1,1,"No",0,1,0,"Occasional",1,19.1,"Yes",0,NA
"6122-EFVKN","Male",22,"No","Yes",24,0,"5G",1,3,0,"Occasional",24,35.75,"No",1,"Male",22,"No","Yes",24,0,"5G",1,3,0,"Occasional",24,35.75,"No",1,33
"6124-ACRHJ","Female",21,"No","No",1,1,"No",0,1,0,"Occasional",1,19.75,"No",0,"Female",21,"No","No",1,1,"No",0,1,0,"Occasional",1,19.75,"No",0,15
"6127-ISGTU","Female",28,"Yes","No",16,1,"DSL",0,2,1,"Frequent",1,84.95,"Yes",0,"Female",28,"Yes","No",16,1,"DSL",0,2,1,"Frequent",1,84.95,"Yes",0,NA
"6127-IYJOZ","Male",69,"No","No",1,1,"DSL",0,2,0,"Occasional",1,45.85,"No",0,"Male",69,"No","No",1,1,"DSL",0,2,0,"Occasional",1,45.85,"No",0,3
"6128-AQBMT","Male",81,"Yes","No",41,1,"No",2,2,3,"Occasional",1,53.95,"No",0,"Male",81,"Yes","No",41,1,"No",2,2,3,"Occasional",1,53.95,"No",0,16
"6128-DAFVY","Female",41,"No","No",56,0,"DSL",0,2,3,"Occasional",1,44.85,"No",0,"Female",41,"No","No",56,0,"DSL",0,2,3,"Occasional",1,44.85,"No",0,12
"6131-JLWZM","Female",19,"No","No",13,1,"No",0,1,0,"Occasional",1,20.3,"No",0,"Female",19,"No","No",13,1,"No",0,1,0,"Occasional",1,20.3,"No",0,35
"6133-OZILE","Female",20,"No","No",18,0,"DSL",0,3,0,"Occasional",1,35.2,"No",0,"Female",20,"No","No",18,0,"DSL",0,3,0,"Occasional",1,35.2,"No",0,18
"6134-KWTBV","Male",19,"No","No",62,2,"No",0,1,0,"Occasional",24,23.4,"No",0,"Male",19,"No","No",62,2,"No",0,1,0,"Occasional",24,23.4,"No",0,6
"6137-MFAJN","Female",24,"No","No",48,1,"DSL",3,2,1,"Occasional",1,44.8,"No",0,"Female",24,"No","No",48,1,"DSL",3,2,1,"Occasional",1,44.8,"No",0,32
"6137-NICCO","Female",57,"Yes","Yes",6,2,"Fiber optic",2,2,1,"Occasional",1,94.05,"No",0,"Female",57,"Yes","Yes",6,2,"Fiber optic",2,2,1,"Occasional",1,94.05,"No",0,42
"6139-ZZRBQ","Male",63,"No","No",64,1,"No",0,1,0,"Occasional",24,20.05,"No",0,"Male",63,"No","No",64,1,"No",0,1,0,"Occasional",24,20.05,"No",0,16
"6140-QNRQQ","Male",20,"No","No",1,1,"5G",0,2,0,"Frequent",1,71.55,"Yes",0,"Male",20,"No","No",1,1,"5G",0,2,0,"Frequent",1,71.55,"Yes",0,NA
"6141-OOXUQ","Male",21,"No","No",1,1,"No",0,1,0,"Occasional",1,19.65,"Yes",0,"Male",21,"No","No",1,1,"No",0,1,0,"Occasional",1,19.65,"Yes",0,NA
"6143-JQKEA","Male",59,"No","No",10,1,"DSL",0,2,0,"Occasional",1,45.8,"No",0,"Male",59,"No","No",10,1,"DSL",0,2,0,"Occasional",1,45.8,"No",0,37
"6152-ONASV","Female",46,"Yes","No",68,2,"5G",1,3,0,"Occasional",12,58.25,"No",1,"Female",46,"Yes","No",68,2,"5G",1,3,0,"Occasional",12,58.25,"No",1,10
"6158-HDPXZ","Male",52,"No","No",1,0,"5G",0,2,0,"Occasional",1,25.35,"No",1,"Male",52,"No","No",1,0,"5G",0,2,0,"Occasional",1,25.35,"No",1,25
"6161-ERDGD","Male",37,"Yes","Yes",71,2,"5G",1,3,3,"Occasional",12,85.45,"No",0,"Male",37,"Yes","Yes",71,2,"5G",1,3,3,"Occasional",12,85.45,"No",0,12
"6161-UUUTA","Male",88,"No","No",3,1,"Fiber optic",0,2,1,"Frequent",1,79.9,"Yes",0,"Male",88,"No","No",3,1,"Fiber optic",0,2,1,"Frequent",1,79.9,"Yes",0,NA
"6164-HAQTX","Male",40,"No","No",71,1,"DSL",3,3,1,"Occasional",24,53.95,"No",0,"Male",40,"No","No",71,1,"DSL",3,3,1,"Occasional",24,53.95,"No",0,24
"6164-HXUGH","Female",56,"No","No",6,1,"No",0,1,0,"Occasional",1,19.85,"No",0,"Female",56,"No","No",6,1,"No",0,1,0,"Occasional",1,19.85,"No",0,18
"6166-ILMNY","Female",40,"No","No",2,1,"5G",0,2,0,"Occasional",1,69.75,"Yes",0,"Female",40,"No","No",2,1,"5G",0,2,0,"Frequent",1,69.75,"Yes",0,NA
"6168-WFVVF","Female",65,"No","No",3,1,"Fiber optic",0,2,0,"Frequent",1,70.3,"Yes",0,"Female",65,"No","No",3,1,"Fiber optic",0,2,0,"Frequent",1,70.3,"Yes",0,NA
"6168-YBYNP","Male",34,"No","No",59,2,"5G",2,3,3,"Occasional",1,111.35,"No",1,"Male",34,"No","No",59,2,"5G",2,3,3,"Occasional",1,111.35,"No",1,69
"6169-PGNCD","Female",51,"No","No",57,1,"DSL",3,3,1,"Occasional",24,74.3,"No",0,"Female",51,"No","No",57,1,"DSL",3,3,1,"Occasional",24,74.3,"No",0,17
"6169-PPETC","Male",20,"Yes","Yes",35,1,"5G",0,1,0,"Occasional",24,20.5,"No",1,"Male",20,"Yes","Yes",35,1,"5G",0,1,0,"Occasional",24,20.5,"No",1,11
"6171-ZTVYB","Male",50,"Yes","No",43,2,"DSL",3,3,0,"Occasional",1,66.25,"No",0,"Male",50,"Yes","No",43,2,"DSL",3,3,0,"Occasional",1,66.25,"No",0,29
"6173-ITPWD","Male",34,"Yes","No",47,2,"5G",2,2,0,"Frequent",1,83.35,"Yes",0,"Male",34,"Yes","No",47,2,"5G",2,2,0,"Frequent",1,83.35,"Yes",0,NA
"6174-NRBTZ","Male",20,"No","No",46,0,"DSL",1,2,0,"Occasional",12,30.75,"No",0,"Male",20,"No","No",46,0,"DSL",1,2,0,"Occasional",12,30.75,"No",0,14
"6175-IRFIT","Male",56,"No","No",5,1,"Fiber optic",0,2,2,"Occasional",1,78.75,"No",0,"Male",56,"No","No",5,1,"Fiber optic",0,2,2,"Occasional",1,78.75,"No",0,21
"6178-KFNHS","Female",21,"No","Yes",12,2,"Fiber optic",1,2,0,"Frequent",1,78.3,"Yes",0,"Female",21,"No","Yes",12,2,"Fiber optic",1,2,0,"Frequent",1,78.3,"Yes",0,NA
"6179-GJPSO","Female",78,"No","No",43,1,"5G",3,3,3,"Occasional",1,108.15,"Yes",0,"Female",78,"No","No",43,1,"5G",3,3,3,"Occasional",1,108.15,"Yes",0,NA
"6180-YBIQI","Male",43,"No","No",5,0,"5G",0,2,0,"Occasional",1,24.3,"No",1,"Male",43,"No","No",5,0,"5G",0,2,0,"Occasional",1,24.3,"No",1,69
"6181-AXXYF","Male",49,"No","No",72,2,"5G",0,1,0,"Occasional",24,24.75,"No",0,"Male",49,"No","No",72,2,"5G",0,1,0,"Occasional",24,24.75,"No",0,30
"6184-DYUOB","Female",19,"Yes","No",3,1,"5G",0,1,0,"Occasional",1,19.6,"No",0,"Female",19,"Yes","No",3,1,"5G",0,1,0,"Occasional",1,19.6,"No",0,6
"6194-HBGQN","Male",45,"No","No",51,2,"DSL",3,3,1,"Occasional",12,81.15,"No",0,"Male",45,"No","No",51,2,"DSL",3,3,1,"Occasional",12,81.15,"No",0,0
"6195-MELTI","Male",33,"No","No",57,1,"DSL",2,3,0,"Occasional",12,54.65,"No",0,"Male",33,"No","No",57,1,"DSL",2,3,0,"Occasional",12,54.65,"No",0,8
"6196-HBOBZ","Male",56,"Yes","No",65,2,"Fiber optic",3,2,1,"Occasional",24,99.35,"No",0,"Male",56,"Yes","No",65,2,"Fiber optic",3,2,1,"Occasional",24,99.35,"No",0,41
"6198-PNNSZ","Female",44,"Yes","No",56,2,"Fiber optic",3,2,3,"Occasional",12,109.8,"No",0,"Female",44,"Yes","No",56,2,"Fiber optic",3,2,3,"Occasional",12,109.8,"No",0,32
"6198-RTPMF","Female",55,"Yes","No",17,2,"5G",0,2,3,"Occasional",1,92.6,"No",0,"Female",55,"Yes","No",17,2,"5G",0,2,3,"Occasional",1,92.6,"No",0,41
"6198-ZFIOJ","Female",36,"No","No",5,2,"5G",0,2,0,"Occasional",1,75.6,"No",0,"Female",36,"No","No",5,2,"5G",0,2,0,"Occasional",1,75.6,"No",0,1
"6199-IPCAO","Female",19,"Yes","Yes",29,2,"No",0,1,0,"Occasional",24,26.1,"No",0,"Female",19,"Yes","Yes",29,2,"No",0,1,0,"Occasional",24,26.1,"No",0,18
"6199-IWKGC","Female",80,"Yes","No",46,2,"Fiber optic",0,3,3,"Occasional",12,100.25,"No",0,"Female",80,"Yes","No",46,2,"Fiber optic",0,3,3,"Occasional",12,100.25,"No",0,18
"6202-DYYFX","Female",45,"No","No",22,2,"DSL",0,2,0,"Occasional",12,76,"No",1,"Female",45,"No","No",22,2,"DSL",0,2,0,"Occasional",12,76,"No",1,59
"6202-JVYEU","Male",22,"No","No",9,1,"No",0,1,0,"Occasional",12,19.9,"No",0,"Male",22,"No","No",9,1,"No",0,1,0,"Occasional",12,19.9,"No",0,16
"6203-HBZPA","Male",55,"No","No",52,1,"No",3,3,3,"Occasional",24,63.9,"No",0,"Male",55,"No","No",52,1,"No",3,3,3,"Occasional",24,63.9,"No",0,31
"6207-WIOLX","Female",42,"Yes","Yes",25,0,"5G",3,2,3,"Frequent",1,58.6,"Yes",1,"Female",42,"Yes","Yes",25,0,"5G",3,2,3,"Frequent",1,58.6,"Yes",1,NA
"6210-KBBPI","Male",72,"No","No",9,2,"Fiber optic",2,2,3,"Frequent",1,99.45,"Yes",0,"Male",72,"No","No",9,2,"Fiber optic",2,2,3,"Frequent",1,99.45,"Yes",0,NA
"6211-WHMYA","Female",70,"No","No",64,0,"DSL",2,3,1,"Occasional",1,43.85,"No",0,"Female",70,"No","No",64,0,"DSL",2,3,1,"Occasional",1,43.85,"No",0,45
"6215-NQCPY","Male",52,"No","No",15,2,"Fiber optic",1,2,3,"Occasional",1,99.7,"No",0,"Male",52,"No","No",15,2,"Fiber optic",1,2,3,"Occasional",1,99.7,"No",0,30
"6217-KDYWC","Male",21,"No","Yes",57,1,"DSL",0,1,0,"Occasional",24,19.6,"No",1,"Male",21,"No","Yes",57,1,"DSL",0,1,0,"Occasional",24,19.6,"No",1,69
"6218-KNUBD","Male",57,"No","No",6,1,"DSL",2,2,1,"Occasional",1,59.45,"No",0,"Male",57,"No","No",6,1,"DSL",2,2,1,"Occasional",1,59.45,"No",0,15
"6221-AVQYL","Male",62,"No","No",2,2,"Fiber optic",0,2,0,"Frequent",1,73.25,"Yes",0,"Male",62,"No","No",2,2,"Fiber optic",0,2,0,"Frequent",1,73.25,"Yes",0,NA
"6223-DHJGV","Female",19,"No","No",42,1,"DSL",0,1,0,"Occasional",12,20.65,"No",0,"Female",19,"No","No",42,1,"DSL",0,1,0,"Occasional",12,20.65,"No",0,8
"6227-FBDXH","Male",63,"Yes","No",69,2,"5G",0,2,3,"Occasional",12,99.5,"No",0,"Male",63,"Yes","No",69,2,"5G",0,2,3,"Occasional",12,99.5,"No",0,33
"6227-HWPWX","Female",46,"No","Yes",15,1,"5G",0,2,0,"Frequent",1,69,"Yes",1,"Female",46,"No","Yes",15,1,"5G",0,2,0,"Frequent",1,69,"Yes",1,NA
"6229-LSCKB","Male",84,"No","No",6,1,"Fiber optic",0,2,1,"Occasional",1,79.7,"No",0,"Male",84,"No","No",6,1,"Fiber optic",0,2,1,"Occasional",1,79.7,"No",0,36
"6229-UOLQL","Male",30,"Yes","Yes",56,0,"DSL",3,3,1,"Occasional",12,52,"No",0,"Male",30,"Yes","Yes",56,0,"DSL",3,3,1,"Occasional",12,52,"No",0,3
"6230-BSUXY","Female",69,"No","No",1,1,"Fiber optic",0,2,2,"Frequent",1,85,"Yes",0,"Female",69,"No","No",1,1,"Fiber optic",0,2,2,"Occasional",1,85,"Yes",0,NA
"6231-WFGFH","Male",46,"No","No",4,1,"5G",0,1,0,"Occasional",1,20.5,"No",1,"Male",46,"No","No",4,1,"5G",0,1,0,"Occasional",1,20.5,"No",1,26
"6233-HXJMX","Female",58,"No","No",45,2,"Fiber optic",0,2,2,"Occasional",1,89.3,"No",0,"Female",58,"No","No",45,2,"Fiber optic",0,2,2,"Occasional",1,89.3,"No",0,4
"6234-RAAPL","Female",34,"Yes","Yes",72,2,"5G",3,3,1,"Occasional",24,99.9,"No",1,"Female",34,"Yes","Yes",72,2,"5G",3,3,1,"Occasional",24,99.9,"No",1,66
"6235-VDHOM","Female",90,"No","No",5,0,"5G",2,2,0,"Occasional",1,28.45,"Yes",1,"Female",90,"No","No",5,0,"5G",2,2,0,"Frequent",1,28.45,"Yes",1,NA
"6242-FEGFD","Male",63,"No","No",66,2,"Fiber optic",3,3,0,"Occasional",24,96.6,"No",0,"Male",63,"No","No",66,2,"Fiber optic",3,3,0,"Occasional",24,96.6,"No",0,24
"6243-OZGFH","Female",41,"No","No",23,0,"5G",0,2,3,"Occasional",1,44.95,"No",1,"Female",41,"No","No",23,0,"5G",0,2,3,"Occasional",1,44.95,"No",1,33
"6244-BESBM","Male",50,"Yes","Yes",69,1,"5G",0,3,3,"Occasional",24,95.2,"No",0,"Male",50,"Yes","Yes",69,1,"5G",0,3,3,"Occasional",24,95.2,"No",0,18
"6248-BSHKG","Male",64,"No","No",61,1,"No",0,1,0,"Occasional",12,20.4,"No",0,"Male",64,"No","No",61,1,"No",0,1,0,"Occasional",12,20.4,"No",0,14
"6250-CGGUN","Male",19,"No","No",54,1,"5G",1,3,0,"Occasional",12,84.4,"No",0,"Male",19,"No","No",54,1,"5G",1,3,0,"Occasional",12,84.4,"No",0,23
"6253-GNHWH","Female",32,"Yes","Yes",71,2,"DSL",3,3,0,"Occasional",24,71.1,"No",0,"Female",32,"Yes","Yes",71,2,"DSL",3,3,0,"Occasional",24,71.1,"No",0,18
"6257-RJOHI","Male",49,"No","No",4,1,"DSL",0,3,0,"Occasional",1,50.8,"No",0,"Male",49,"No","No",4,1,"DSL",0,3,0,"Occasional",1,50.8,"No",0,42
"6258-NGCNG","Male",50,"No","No",7,2,"No",0,1,0,"Occasional",1,23.5,"No",0,"Male",50,"No","No",7,2,"No",0,1,0,"Occasional",1,23.5,"No",0,37
"6259-WJQLC","Male",87,"No","No",32,2,"5G",0,2,0,"Occasional",1,81.1,"No",1,"Male",87,"No","No",32,2,"5G",0,2,0,"Occasional",1,81.1,"No",1,26
"6260-ONULR","Male",54,"No","No",1,1,"5G",0,2,3,"Occasional",1,62.8,"No",0,"Male",54,"No","No",1,1,"5G",0,2,3,"Occasional",1,62.8,"No",0,11
"6260-XLACS","Male",59,"No","No",4,1,"No",0,1,0,"Occasional",12,19.7,"No",0,"Male",59,"No","No",4,1,"No",0,1,0,"Occasional",12,19.7,"No",0,44
"6261-LHRTG","Female",58,"No","No",26,1,"DSL",2,2,0,"Occasional",1,54.75,"No",0,"Female",58,"No","No",26,1,"DSL",2,2,0,"Occasional",1,54.75,"No",0,41
"6261-RCVNS","Female",59,"No","No",42,1,"DSL",3,3,2,"Occasional",12,73.9,"Yes",0,"Female",59,"No","No",42,1,"DSL",3,3,2,"Occasional",12,73.9,"Yes",0,NA
"6265-SXWBU","Male",31,"Yes","Yes",69,2,"5G",2,2,1,"Occasional",12,95.75,"No",0,"Male",31,"Yes","Yes",69,2,"5G",2,2,1,"Occasional",12,95.75,"No",0,6
"6267-DCFFZ","Female",67,"Yes","No",30,2,"5G",2,2,1,"Occasional",1,90.05,"No",0,"Female",67,"Yes","No",30,2,"5G",2,2,1,"Occasional",1,90.05,"No",0,10
"6270-OMFIW","Male",34,"Yes","No",60,1,"5G",2,2,3,"Frequent",12,94.4,"Yes",0,"Male",34,"Yes","No",60,1,"5G",2,2,3,"Frequent",12,94.4,"Yes",0,NA
"6275-YDUVO","Female",36,"No","No",2,1,"5G",0,2,2,"Occasional",1,86.2,"Yes",1,"Female",36,"No","No",2,1,"5G",0,2,2,"Frequent",1,86.2,"Yes",1,NA
"6278-FEPBZ","Female",21,"No","No",9,1,"No",0,1,0,"Occasional",1,20.25,"No",0,"Female",21,"No","No",9,1,"No",0,1,0,"Occasional",1,20.25,"No",0,11
"6281-FKEWS","Female",34,"No","No",44,0,"5G",0,2,3,"Occasional",12,49.05,"No",0,"Female",34,"No","No",44,0,"5G",0,2,3,"Occasional",12,49.05,"No",0,23
"6283-GITPX","Male",44,"No","Yes",71,1,"DSL",3,3,1,"Occasional",24,76.9,"No",0,"Male",44,"No","Yes",71,1,"DSL",3,3,1,"Occasional",24,76.9,"No",0,3
"6284-AHOOQ","Male",84,"No","No",22,2,"Fiber optic",0,3,1,"Occasional",1,90.5,"Yes",0,"Male",84,"No","No",22,2,"Fiber optic",0,3,1,"Occasional",1,90.5,"Yes",0,NA
"6284-KMNUF","Female",48,"Yes","No",56,2,"Fiber optic",1,2,3,"Occasional",12,98,"No",0,"Female",48,"Yes","No",56,2,"Fiber optic",1,2,3,"Occasional",12,98,"No",0,31
"6286-ZHAOK","Female",21,"Yes","Yes",20,2,"5G",0,1,0,"Occasional",1,25.55,"No",1,"Female",21,"Yes","Yes",20,2,"5G",0,1,0,"Occasional",1,25.55,"No",1,21
"6288-LBEAR","Female",47,"No","No",23,1,"Fiber optic",2,3,0,"Occasional",1,79.1,"No",0,"Female",47,"No","No",23,1,"Fiber optic",2,3,0,"Occasional",1,79.1,"No",0,44
"6292-TOSSS","Male",44,"No","No",50,2,"5G",0,1,0,"Occasional",24,24.9,"No",1,"Male",44,"No","No",50,2,"5G",0,1,0,"Occasional",24,24.9,"No",1,69
"6295-OSINB","Male",20,"Yes","No",72,1,"No",3,2,3,"Occasional",24,109.65,"No",0,"Male",20,"Yes","No",72,1,"No",3,2,3,"Occasional",24,109.65,"No",0,27
"6296-DDOOR","Female",36,"No","No",19,1,"5G",2,2,1,"Occasional",12,58.2,"No",0,"Female",36,"No","No",19,1,"5G",2,2,1,"Occasional",12,58.2,"No",0,32
"6303-KFWSL","Female",44,"No","No",29,2,"5G",2,2,0,"Occasional",12,55.25,"No",0,"Female",44,"No","No",29,2,"5G",2,2,0,"Occasional",12,55.25,"No",0,9
"6304-IJFSQ","Male",51,"No","No",3,1,"DSL",2,2,0,"Frequent",1,49.9,"Yes",0,"Male",51,"No","No",3,1,"DSL",2,2,0,"Occasional",1,49.9,"Yes",0,NA
"6305-YLBMM","Male",30,"No","No",69,1,"Fiber optic",2,3,3,"Occasional",12,104.05,"Yes",0,"Male",30,"No","No",69,1,"Fiber optic",2,3,3,"Occasional",12,104.05,"Yes",0,NA
"6308-CQRBU","Female",48,"Yes","No",71,2,"Fiber optic",2,3,3,"Occasional",24,109.25,"No",0,"Female",48,"Yes","No",71,2,"Fiber optic",2,3,3,"Occasional",24,109.25,"No",0,28
"6311-UEUME","Female",32,"No","No",29,1,"5G",0,2,1,"Frequent",1,78.9,"Yes",0,"Female",32,"No","No",29,1,"5G",0,2,1,"Frequent",1,78.9,"Yes",0,NA
"6313-GIDIT","Male",79,"No","No",53,1,"No",2,2,3,"Frequent",1,54.45,"Yes",0,"Male",79,"No","No",53,1,"No",2,2,3,"Frequent",1,54.45,"Yes",0,NA
"6317-YPKDH","Female",39,"No","No",1,0,"5G",2,2,0,"Frequent",1,29.95,"Yes",1,"Female",39,"No","No",1,0,"5G",2,2,0,"Frequent",1,29.95,"Yes",1,NA
"6322-HRPFA","Male",52,"Yes","Yes",49,1,"5G",3,3,0,"Occasional",1,59.6,"No",1,"Male",52,"Yes","Yes",49,1,"5G",3,3,0,"Occasional",1,59.6,"No",1,43
"6322-PJJDJ","Male",56,"Yes","No",49,1,"No",2,2,3,"Occasional",24,94.8,"No",0,"Male",56,"Yes","No",49,1,"No",2,2,3,"Occasional",24,94.8,"No",0,26
"6323-AYBRX","Male",54,"No","No",59,1,"5G",0,1,0,"Occasional",24,19.35,"Yes",1,"Male",54,"No","No",59,1,"5G",0,1,0,"Occasional",24,19.35,"Yes",1,NA
"6328-ZPBGN","Female",69,"No","No",11,2,"Fiber optic",0,2,3,"Frequent",1,95.15,"Yes",0,"Female",69,"No","No",11,2,"Fiber optic",0,2,3,"Occasional",1,95.15,"Yes",0,NA
"6331-EWIEB","Male",21,"No","No",20,2,"Fiber optic",0,2,1,"Occasional",1,85.25,"Yes",0,"Male",21,"No","No",20,2,"Fiber optic",0,2,1,"Frequent",1,85.25,"Yes",0,NA
"6331-LWDTQ","Male",30,"No","No",10,2,"DSL",0,2,3,"Frequent",1,72.15,"Yes",0,"Male",30,"No","No",10,2,"DSL",0,2,3,"Frequent",1,72.15,"Yes",0,NA
"6332-FBZRI","Male",59,"Yes","Yes",67,2,"DSL",3,3,0,"Occasional",12,69.35,"No",0,"Male",59,"Yes","Yes",67,2,"DSL",3,3,0,"Occasional",12,69.35,"No",0,36
"6333-YDVLT","Male",36,"No","No",65,2,"Fiber optic",1,3,3,"Occasional",12,110,"No",0,"Male",36,"No","No",65,2,"Fiber optic",1,3,3,"Occasional",12,110,"No",0,25
"6339-RZCBJ","Male",21,"No","No",48,1,"DSL",2,3,3,"Occasional",24,78.9,"No",0,"Male",21,"No","No",48,1,"DSL",2,3,3,"Occasional",24,78.9,"No",0,12
"6339-TBELP","Male",24,"No","No",71,2,"Fiber optic",0,3,0,"Occasional",24,86.4,"No",0,"Male",24,"No","No",71,2,"Fiber optic",0,3,0,"Occasional",24,86.4,"No",0,2
"6339-YPSAH","Male",35,"No","No",9,1,"Fiber optic",0,2,0,"Occasional",1,73.8,"No",0,"Male",35,"No","No",9,1,"Fiber optic",0,2,0,"Occasional",1,73.8,"No",0,2
"6340-DACFT","Female",21,"Yes","Yes",50,1,"No",0,1,0,"Occasional",24,20.55,"No",0,"Female",21,"Yes","Yes",50,1,"No",0,1,0,"Occasional",24,20.55,"No",0,26
"6341-JVQGF","Female",19,"Yes","Yes",31,1,"5G",1,3,3,"Occasional",12,81.15,"No",1,"Female",19,"Yes","Yes",31,1,"5G",1,3,3,"Occasional",12,81.15,"No",1,47
"6345-FZOQH","Male",51,"No","No",69,1,"5G",0,1,0,"Occasional",24,19.9,"No",1,"Male",51,"No","No",69,1,"5G",0,1,0,"Occasional",24,19.9,"No",1,62
"6345-HOVES","Male",22,"No","No",34,0,"DSL",0,2,0,"Occasional",1,25.05,"No",0,"Male",22,"No","No",34,0,"DSL",0,2,0,"Occasional",1,25.05,"No",0,5
"6345-ULYRW","Male",80,"Yes","No",44,2,"Fiber optic",2,2,2,"Frequent",12,88.4,"Yes",0,"Male",80,"Yes","No",44,2,"Fiber optic",2,2,2,"Frequent",12,88.4,"Yes",0,NA
"6348-SNFUS","Male",28,"Yes","Yes",72,0,"DSL",3,3,2,"Frequent",24,55.45,"No",1,"Male",28,"Yes","Yes",72,0,"DSL",3,3,2,"Occasional",24,55.45,"No",1,40
"6351-SCJKT","Male",61,"No","No",3,1,"No",1,3,0,"Occasional",1,41.35,"No",0,"Male",61,"No","No",3,1,"No",1,3,0,"Occasional",1,41.35,"No",0,1
"6352-GIGGQ","Male",20,"No","No",67,2,"DSL",3,3,3,"Occasional",12,88.8,"No",0,"Male",20,"No","No",67,2,"DSL",3,3,3,"Occasional",12,88.8,"No",0,43
"6352-TWCAU","Female",58,"No","No",35,2,"5G",0,2,1,"Frequent",1,86.45,"Yes",0,"Female",58,"No","No",35,2,"5G",0,2,1,"Frequent",1,86.45,"Yes",0,NA
"6353-BRMMA","Female",38,"Yes","Yes",54,2,"5G",3,2,3,"Occasional",1,104.1,"No",1,"Female",38,"Yes","Yes",54,2,"5G",3,2,3,"Occasional",1,104.1,"No",1,35
"6356-ELRKD","Female",32,"No","No",1,1,"5G",1,2,3,"Frequent",1,95.6,"Yes",0,"Female",32,"No","No",1,1,"5G",1,2,3,"Frequent",1,95.6,"Yes",0,NA
"6360-SVNWV","Female",77,"No","No",31,1,"DSL",1,2,0,"Occasional",1,73.55,"No",0,"Female",77,"No","No",31,1,"DSL",1,2,0,"Occasional",1,73.55,"No",0,26
"6365-HITVU","Female",34,"Yes","Yes",71,1,"DSL",3,3,3,"Occasional",24,87.25,"No",0,"Female",34,"Yes","Yes",71,1,"DSL",3,3,3,"Occasional",24,87.25,"No",0,24
"6366-ZGQGL","Male",22,"No","No",1,0,"5G",0,2,0,"Occasional",1,24.8,"Yes",1,"Male",22,"No","No",1,0,"5G",0,2,0,"Frequent",1,24.8,"Yes",1,NA
"6368-TZZDT","Male",19,"Yes","Yes",4,1,"No",0,1,0,"Occasional",24,19.5,"No",0,"Male",19,"Yes","Yes",4,1,"No",0,1,0,"Occasional",24,19.5,"No",0,35
"6369-MCAKO","Female",44,"Yes","Yes",68,2,"DSL",3,3,3,"Occasional",24,89.05,"No",0,"Female",44,"Yes","Yes",68,2,"DSL",3,3,3,"Occasional",24,89.05,"No",0,14
"6370-ZVHDV","Female",64,"No","No",61,2,"No",0,1,0,"Occasional",24,25.3,"No",0,"Female",64,"No","No",61,2,"No",0,1,0,"Occasional",24,25.3,"No",0,27
"6371-NZYEG","Male",39,"Yes","Yes",16,1,"5G",1,2,1,"Occasional",24,64.25,"No",1,"Male",39,"Yes","Yes",16,1,"5G",1,2,1,"Occasional",24,64.25,"No",1,58
"6374-AFWOX","Male",55,"Yes","No",46,1,"DSL",3,3,0,"Occasional",24,65.65,"No",0,"Male",55,"Yes","No",46,1,"DSL",3,3,0,"Occasional",24,65.65,"No",0,37
"6377-KSLXC","Male",21,"No","No",5,1,"No",0,1,0,"Occasional",1,19.95,"No",0,"Male",21,"No","No",5,1,"No",0,1,0,"Occasional",1,19.95,"No",0,23
"6380-ARCEH","Male",21,"No","No",1,1,"5G",0,1,0,"Occasional",1,20.2,"No",1,"Male",21,"No","No",1,1,"5G",0,1,0,"Occasional",1,20.2,"No",1,63
"6384-VMJHP","Female",22,"No","No",72,1,"No",3,3,2,"Occasional",24,73,"No",0,"Female",22,"No","No",72,1,"No",3,3,2,"Occasional",24,73,"No",0,1
"6386-SZZKH","Female",58,"Yes","Yes",49,2,"Fiber optic",2,3,3,"Occasional",24,107.95,"Yes",0,"Female",58,"Yes","Yes",49,2,"Fiber optic",2,3,3,"Occasional",24,107.95,"Yes",0,NA
"6388-TABGU","Male",35,"No","Yes",62,1,"5G",3,2,0,"Occasional",12,56.15,"No",1,"Male",35,"No","Yes",62,1,"5G",3,2,0,"Occasional",12,56.15,"No",1,64
"6390-DSAZX","Female",61,"No","Yes",1,1,"DSL",1,2,0,"Occasional",1,73.6,"Yes",1,"Female",61,"No","Yes",1,1,"DSL",1,2,0,"Frequent",1,73.6,"Yes",1,NA
"6393-WRYZE","Female",55,"Yes","No",34,2,"5G",0,2,3,"Frequent",1,97.65,"Yes",0,"Female",55,"Yes","No",34,2,"5G",0,2,3,"Frequent",1,97.65,"Yes",0,NA
"6394-MFYNG","Female",61,"No","No",48,2,"Fiber optic",2,2,3,"Occasional",1,107.4,"Yes",0,"Female",61,"No","No",48,2,"Fiber optic",2,2,3,"Occasional",1,107.4,"Yes",0,NA
"6397-JNZZG","Female",71,"Yes","No",43,1,"No",2,2,3,"Frequent",1,55.55,"Yes",0,"Female",71,"Yes","No",43,1,"No",2,2,3,"Frequent",1,55.55,"Yes",0,NA
"6400-BWQKW","Female",63,"No","No",6,2,"5G",1,2,0,"Occasional",1,79.05,"Yes",1,"Female",63,"No","No",6,2,"5G",1,2,0,"Frequent",1,79.05,"Yes",1,NA
"6407-GSJNL","Female",42,"No","No",51,2,"No",0,1,0,"Occasional",24,24.95,"No",0,"Female",42,"No","No",51,2,"No",0,1,0,"Occasional",24,24.95,"No",0,3
"6407-UTSLV","Female",67,"No","No",2,1,"DSL",2,2,1,"Occasional",1,83.8,"No",0,"Female",67,"No","No",2,1,"DSL",2,2,1,"Occasional",1,83.8,"No",0,41
"6408-OTUBZ","Female",53,"No","No",66,2,"Fiber optic",3,3,1,"Occasional",12,104.55,"No",0,"Female",53,"No","No",66,2,"Fiber optic",3,3,1,"Occasional",12,104.55,"No",0,26
"6413-XKKPU","Male",60,"Yes","Yes",17,1,"Fiber optic",1,2,1,"Occasional",1,89.4,"Yes",0,"Male",60,"Yes","Yes",17,1,"Fiber optic",1,2,1,"Frequent",1,89.4,"Yes",0,NA
"6416-JNVRK","Female",35,"No","No",46,1,"5G",0,2,2,"Occasional",12,55.65,"No",1,"Female",35,"No","No",46,1,"5G",0,2,2,"Occasional",12,55.65,"No",1,58
"6416-TVAIH","Male",63,"Yes","Yes",1,1,"Fiber optic",0,2,0,"Frequent",1,68.5,"Yes",0,"Male",63,"Yes","Yes",1,1,"Fiber optic",0,2,0,"Frequent",1,68.5,"Yes",0,NA
"6418-PIQSP","Female",36,"Yes","No",62,1,"5G",1,3,3,"Occasional",24,81,"No",0,"Female",36,"Yes","No",62,1,"5G",1,3,3,"Occasional",24,81,"No",0,2
"6424-ELEYH","Female",32,"Yes","No",3,2,"Fiber optic",0,2,0,"Frequent",1,74.75,"Yes",0,"Female",32,"Yes","No",3,2,"Fiber optic",0,2,0,"Frequent",1,74.75,"Yes",0,NA
"6425-JWTDV","Male",20,"Yes","No",48,1,"DSL",0,1,0,"Occasional",24,19.25,"No",1,"Male",20,"Yes","No",48,1,"DSL",0,1,0,"Occasional",24,19.25,"No",1,13
"6429-SHBCB","Male",21,"No","No",19,1,"No",0,2,3,"Occasional",1,69.6,"No",0,"Male",21,"No","No",19,1,"No",0,2,3,"Occasional",1,69.6,"No",0,30
"6432-TWQLB","Male",47,"Yes","No",5,2,"DSL",2,3,0,"Occasional",1,85.4,"Yes",1,"Male",47,"Yes","No",5,2,"DSL",2,3,0,"Occasional",1,85.4,"Yes",1,NA
"6434-TTGJP","Male",61,"Yes","Yes",10,0,"DSL",3,3,2,"Occasional",24,53.7,"No",0,"Male",61,"Yes","Yes",10,0,"DSL",3,3,2,"Occasional",24,53.7,"No",0,19
"6435-SRWBJ","Female",19,"No","No",5,2,"5G",0,3,0,"Occasional",1,82.75,"No",0,"Female",19,"No","No",5,2,"5G",0,3,0,"Occasional",1,82.75,"No",0,26
"6435-VWCCY","Male",73,"Yes","No",65,2,"Fiber optic",3,2,1,"Occasional",24,92.7,"No",0,"Male",73,"Yes","No",65,2,"Fiber optic",3,2,1,"Occasional",24,92.7,"No",0,17
"6437-UDQJM","Female",68,"Yes","No",72,2,"DSL",3,2,3,"Occasional",24,84.1,"No",0,"Female",68,"Yes","No",72,2,"DSL",3,2,3,"Occasional",24,84.1,"No",0,24
"6437-UKHMV","Female",29,"No","No",7,1,"Fiber optic",0,2,1,"Frequent",1,79.7,"Yes",0,"Female",29,"No","No",7,1,"Fiber optic",0,2,1,"Frequent",1,79.7,"Yes",0,NA
"6439-GTPCA","Female",40,"No","No",45,2,"5G",0,3,0,"Occasional",1,87.25,"Yes",1,"Female",40,"No","No",45,2,"5G",0,3,0,"Occasional",1,87.25,"Yes",1,NA
"6439-LAJXL","Male",50,"Yes","No",9,1,"5G",3,3,1,"Occasional",1,68.95,"No",0,"Male",50,"Yes","No",9,1,"5G",3,3,1,"Occasional",1,68.95,"No",0,23
"6440-DKQGE","Male",46,"No","Yes",30,1,"5G",2,2,1,"Occasional",12,64.5,"No",1,"Male",46,"No","Yes",30,1,"5G",2,2,1,"Occasional",12,64.5,"No",1,59
"6447-EGDIV","Female",61,"No","No",31,1,"No",0,1,0,"Occasional",12,20.95,"No",0,"Female",61,"No","No",31,1,"No",0,1,0,"Occasional",12,20.95,"No",0,16
"6447-GORXK","Male",39,"No","No",31,0,"DSL",0,2,0,"Occasional",1,25,"No",0,"Male",39,"No","No",31,0,"DSL",0,2,0,"Occasional",1,25,"No",0,12
"6457-GIRWB","Male",61,"No","No",1,1,"Fiber optic",0,2,0,"Occasional",1,69.35,"Yes",0,"Male",61,"No","No",1,1,"Fiber optic",0,2,0,"Occasional",1,69.35,"Yes",0,NA
"6457-USBER","Male",31,"No","No",1,1,"Fiber optic",0,2,2,"Frequent",1,80.8,"Yes",0,"Male",31,"No","No",1,1,"Fiber optic",0,2,2,"Occasional",1,80.8,"Yes",0,NA
"6461-PPAXN","Female",61,"Yes","Yes",35,1,"5G",1,3,0,"Occasional",12,54.95,"No",1,"Female",61,"Yes","Yes",35,1,"5G",1,3,0,"Occasional",12,54.95,"No",1,11
"6463-HHXJR","Female",41,"Yes","Yes",71,2,"DSL",3,2,1,"Occasional",24,100.5,"No",0,"Female",41,"Yes","Yes",71,2,"DSL",3,2,1,"Occasional",24,100.5,"No",0,31
"6464-KEXXH","Male",21,"No","No",8,0,"5G",0,2,0,"Occasional",1,25.25,"No",1,"Male",21,"No","No",8,0,"5G",0,2,0,"Occasional",1,25.25,"No",1,7
"6465-GSRCL","Female",46,"No","Yes",67,2,"No",2,3,3,"Occasional",12,106.6,"No",0,"Female",46,"No","Yes",67,2,"No",2,3,3,"Occasional",12,106.6,"No",0,22
"6467-CHFZW","Male",29,"Yes","Yes",47,2,"5G",2,2,3,"Frequent",1,99.35,"Yes",1,"Male",29,"Yes","Yes",47,2,"5G",2,2,3,"Frequent",1,99.35,"Yes",1,NA
"6469-MRVET","Male",20,"Yes","Yes",1,1,"5G",0,1,0,"Occasional",12,20.2,"No",1,"Male",20,"Yes","Yes",1,1,"5G",0,1,0,"Occasional",12,20.2,"No",1,57
"6469-QJKZW","Female",53,"No","No",4,1,"No",0,1,0,"Occasional",1,20.15,"No",0,"Female",53,"No","No",4,1,"No",0,1,0,"Occasional",1,20.15,"No",0,29
"6473-ULUHT","Male",30,"Yes","Yes",16,2,"DSL",3,3,3,"Occasional",1,84.9,"No",0,"Male",30,"Yes","Yes",16,2,"DSL",3,3,3,"Occasional",1,84.9,"No",0,23
"6474-FVJLC","Male",27,"No","No",2,2,"5G",0,2,2,"Frequent",1,86,"Yes",0,"Male",27,"No","No",2,2,"5G",0,2,2,"Frequent",1,86,"Yes",0,NA
"6476-YHMGA","Female",43,"Yes","Yes",15,1,"DSL",2,3,3,"Occasional",1,76.5,"No",0,"Female",43,"Yes","Yes",15,1,"DSL",2,3,3,"Occasional",1,76.5,"No",0,4
"6478-HRRCZ","Male",23,"Yes","No",32,1,"DSL",3,3,2,"Occasional",12,70.5,"No",0,"Male",23,"Yes","No",32,1,"DSL",3,3,2,"Occasional",12,70.5,"No",0,39
"6479-OAUSD","Male",41,"No","No",25,1,"5G",0,1,0,"Occasional",12,19.9,"No",0,"Male",41,"No","No",25,1,"5G",0,1,0,"Occasional",12,19.9,"No",0,38
"6479-SZPLM","Male",41,"No","No",36,1,"5G",0,1,0,"Occasional",24,19.45,"No",0,"Male",41,"No","No",36,1,"5G",0,1,0,"Occasional",24,19.45,"No",0,30
"6479-VDGRK","Female",28,"Yes","Yes",72,1,"DSL",3,3,3,"Occasional",24,85.3,"No",0,"Female",28,"Yes","Yes",72,1,"DSL",3,3,3,"Occasional",24,85.3,"No",0,29
"6480-YAGIY","Male",33,"No","No",45,1,"Fiber optic",3,3,3,"Occasional",12,112.2,"No",0,"Male",33,"No","No",45,1,"Fiber optic",3,3,3,"Occasional",12,112.2,"No",0,12
"6481-ESCNL","Female",48,"No","No",29,1,"No",0,2,3,"Occasional",1,100.55,"No",0,"Female",48,"No","No",29,1,"No",0,2,3,"Occasional",1,100.55,"No",0,41
"6481-LXPWL","Male",60,"No","No",56,0,"DSL",2,2,0,"Occasional",12,36.1,"No",0,"Male",60,"No","No",56,0,"DSL",2,2,0,"Occasional",12,36.1,"No",0,4
"6481-OGDOO","Male",20,"Yes","No",67,1,"5G",3,2,2,"Frequent",12,90.6,"Yes",0,"Male",20,"Yes","No",67,1,"5G",3,2,2,"Frequent",12,90.6,"Yes",0,NA
"6484-LATFU","Male",61,"No","No",68,1,"No",0,1,0,"Occasional",24,24.55,"No",0,"Male",61,"No","No",68,1,"No",0,1,0,"Occasional",24,24.55,"No",0,11
"6486-LHTMA","Female",84,"Yes","No",31,2,"DSL",0,2,1,"Occasional",12,90.7,"No",0,"Female",84,"Yes","No",31,2,"DSL",0,2,1,"Occasional",12,90.7,"No",0,25
"6490-FGZAT","Male",20,"No","No",6,1,"No",0,1,0,"Occasional",1,20.65,"No",0,"Male",20,"No","No",6,1,"No",0,1,0,"Occasional",1,20.65,"No",0,20
"6496-JDSSB","Female",21,"No","No",8,1,"5G",0,2,1,"Occasional",1,80,"No",1,"Female",21,"No","No",8,1,"5G",0,2,1,"Occasional",1,80,"No",1,52
"6496-SLWHQ","Male",88,"No","No",3,2,"Fiber optic",2,2,3,"Frequent",1,105,"Yes",0,"Male",88,"No","No",3,2,"Fiber optic",2,2,3,"Occasional",1,105,"Yes",0,NA
"6497-TILVL","Female",49,"Yes","Yes",7,1,"5G",1,2,0,"Occasional",1,50.7,"No",1,"Female",49,"Yes","Yes",7,1,"5G",1,2,0,"Occasional",1,50.7,"No",1,61
"6500-JVEGC","Male",51,"No","No",68,2,"Fiber optic",3,2,1,"Occasional",12,101.35,"No",0,"Male",51,"No","No",68,2,"Fiber optic",3,2,1,"Occasional",12,101.35,"No",0,30
"6502-HCJTI","Male",69,"Yes","No",7,2,"Fiber optic",3,2,2,"Frequent",1,94.7,"Yes",0,"Male",69,"Yes","No",7,2,"Fiber optic",3,2,2,"Frequent",1,94.7,"Yes",0,NA
"6502-KUGLL","Female",61,"Yes","Yes",14,1,"DSL",3,3,0,"Occasional",1,59.45,"No",0,"Female",61,"Yes","Yes",14,1,"DSL",3,3,0,"Occasional",1,59.45,"No",0,36
"6504-VBLFL","Male",37,"Yes","No",55,1,"No",3,2,0,"Occasional",24,58.6,"No",0,"Male",37,"Yes","No",55,1,"No",3,2,0,"Occasional",24,58.6,"No",0,16
"6505-OZNPG","Female",55,"No","No",6,2,"No",3,3,3,"Occasional",24,63.4,"No",0,"Female",55,"No","No",6,2,"No",3,3,3,"Occasional",24,63.4,"No",0,0
"6506-EYCNH","Female",21,"Yes","Yes",28,1,"No",0,1,0,"Occasional",1,19.55,"No",0,"Female",21,"Yes","Yes",28,1,"No",0,1,0,"Occasional",1,19.55,"No",0,30
"6507-DTJZV","Male",48,"No","Yes",13,1,"DSL",0,2,3,"Occasional",1,66.4,"No",0,"Male",48,"No","Yes",13,1,"DSL",0,2,3,"Occasional",1,66.4,"No",0,1
"6509-TSGWN","Female",20,"Yes","Yes",37,2,"No",0,1,0,"Occasional",1,26.45,"No",0,"Female",20,"Yes","Yes",37,2,"No",0,1,0,"Occasional",1,26.45,"No",0,23
"6513-EECDB","Male",65,"Yes","No",1,2,"5G",0,2,0,"Occasional",1,73.55,"Yes",1,"Male",65,"Yes","No",1,2,"5G",0,2,0,"Frequent",1,73.55,"Yes",1,NA
"6516-NKQBO","Male",57,"Yes","Yes",38,1,"5G",1,3,3,"Occasional",24,81,"No",1,"Male",57,"Yes","Yes",38,1,"5G",1,3,3,"Occasional",24,81,"No",1,1
"6518-PPLMZ","Male",65,"No","No",53,1,"DSL",0,1,0,"Occasional",24,19.4,"No",0,"Male",65,"No","No",53,1,"DSL",0,1,0,"Occasional",24,19.4,"No",0,32
"6519-CFDBX","Female",38,"No","No",2,1,"5G",0,2,0,"Occasional",1,45.4,"No",0,"Female",38,"No","No",2,1,"5G",0,2,0,"Occasional",1,45.4,"No",0,45
"6519-ZHPXP","Female",35,"Yes","Yes",72,1,"Fiber optic",3,3,3,"Occasional",24,108.3,"No",0,"Female",35,"Yes","Yes",72,1,"Fiber optic",3,3,3,"Occasional",24,108.3,"No",0,13
"6522-OIQSX","Female",40,"Yes","Yes",69,0,"DSL",2,2,3,"Occasional",24,54.95,"No",0,"Female",40,"Yes","Yes",69,0,"DSL",2,2,3,"Occasional",24,54.95,"No",0,1
"6522-YRBXD","Male",89,"Yes","No",35,2,"5G",3,2,2,"Occasional",1,94.55,"No",1,"Male",89,"Yes","No",35,2,"5G",3,2,2,"Occasional",1,94.55,"No",1,21
"6537-QLGEX","Female",45,"No","No",16,0,"DSL",1,2,1,"Occasional",1,38.9,"No",0,"Female",45,"No","No",16,0,"DSL",1,2,1,"Occasional",1,38.9,"No",0,8
"6538-POCHL","Male",46,"No","No",33,1,"Fiber optic",2,2,0,"Occasional",1,79,"No",0,"Male",46,"No","No",33,1,"Fiber optic",2,2,0,"Occasional",1,79,"No",0,0
"6542-LWGXJ","Male",59,"No","No",3,0,"DSL",0,2,0,"Occasional",1,25,"No",0,"Male",59,"No","No",3,0,"DSL",0,2,0,"Occasional",1,25,"No",0,3
"6543-CPZMK","Male",65,"No","No",9,0,"DSL",2,2,0,"Occasional",1,29.95,"Yes",1,"Male",65,"No","No",9,0,"DSL",2,2,0,"Frequent",1,29.95,"Yes",1,NA
"6543-JXSOO","Female",36,"Yes","Yes",23,1,"5G",3,3,0,"Occasional",12,57.75,"No",0,"Female",36,"Yes","Yes",23,1,"5G",3,3,0,"Occasional",12,57.75,"No",0,15
"6543-XRMYR","Female",68,"No","No",30,2,"Fiber optic",2,2,3,"Frequent",1,99.7,"Yes",0,"Female",68,"No","No",30,2,"Fiber optic",2,2,3,"Frequent",1,99.7,"Yes",0,NA
"6549-BTYPG","Female",57,"Yes","No",60,0,"DSL",2,3,3,"Occasional",24,60.8,"No",0,"Female",57,"Yes","No",60,0,"DSL",2,3,3,"Occasional",24,60.8,"No",0,36
"6549-NNDYT","Female",47,"No","No",13,0,"5G",1,2,0,"Occasional",1,30.85,"No",1,"Female",47,"No","No",13,0,"5G",1,2,0,"Occasional",1,30.85,"No",1,27
"6549-YMFAW","Male",73,"Yes","No",9,1,"5G",0,1,0,"Occasional",1,21.25,"No",1,"Male",73,"Yes","No",9,1,"5G",0,1,0,"Occasional",1,21.25,"No",1,27
"6551-GNYDG","Female",21,"Yes","Yes",14,1,"5G",0,2,2,"Occasional",1,80.9,"No",1,"Female",21,"Yes","Yes",14,1,"5G",0,2,2,"Occasional",1,80.9,"No",1,60
"6551-ZCOTS","Male",19,"No","No",33,2,"No",0,1,0,"Occasional",12,24.9,"No",0,"Male",19,"No","No",33,2,"No",0,1,0,"Occasional",12,24.9,"No",0,15
"6556-DBKZF","Female",55,"Yes","Yes",71,1,"5G",0,2,0,"Occasional",24,76.05,"No",1,"Female",55,"Yes","Yes",71,1,"5G",0,2,0,"Occasional",24,76.05,"No",1,50
"6559-ILWKJ","Male",32,"Yes","No",71,0,"DSL",2,2,3,"Frequent",24,49.35,"Yes",0,"Male",32,"Yes","No",71,0,"DSL",2,2,3,"Frequent",24,49.35,"Yes",0,NA
"6559-PDZLR","Male",44,"No","No",26,1,"Fiber optic",0,3,3,"Occasional",1,98.65,"No",0,"Male",44,"No","No",26,1,"Fiber optic",0,3,3,"Occasional",1,98.65,"No",0,22
"6563-VNPMN","Female",72,"No","No",45,1,"Fiber optic",3,3,0,"Occasional",1,85.7,"No",0,"Female",72,"No","No",45,1,"Fiber optic",3,3,0,"Occasional",1,85.7,"No",0,10
"6563-VRERX","Male",36,"No","No",33,1,"5G",0,1,0,"Occasional",12,20.6,"No",1,"Male",36,"No","No",33,1,"5G",0,1,0,"Occasional",12,20.6,"No",1,42
"6567-HOOPW","Female",65,"No","No",1,1,"5G",0,2,1,"Occasional",1,79.2,"Yes",0,"Female",65,"No","No",1,1,"5G",0,2,1,"Frequent",1,79.2,"Yes",0,NA
"6568-POCUI","Female",35,"Yes","No",45,1,"No",0,3,3,"Occasional",24,95.2,"No",0,"Female",35,"Yes","No",45,1,"No",0,3,3,"Occasional",24,95.2,"No",0,5
"6572-ADKRS","Female",34,"No","No",46,1,"DSL",0,2,0,"Occasional",1,74.8,"No",1,"Female",34,"No","No",46,1,"DSL",0,2,0,"Occasional",1,74.8,"No",1,48
"6574-MCOEH","Female",64,"No","No",33,2,"DSL",0,3,3,"Occasional",12,79.15,"No",0,"Female",64,"No","No",33,2,"DSL",0,3,3,"Occasional",12,79.15,"No",0,41
"6575-SUVOI","Female",70,"Yes","No",25,2,"5G",1,3,1,"Occasional",1,69.5,"No",1,"Female",70,"Yes","No",25,2,"5G",1,3,1,"Occasional",1,69.5,"No",1,61
"6576-FBXOJ","Male",20,"Yes","No",17,0,"DSL",0,3,3,"Occasional",12,54.6,"No",0,"Male",20,"Yes","No",17,0,"DSL",0,3,3,"Occasional",12,54.6,"No",0,38
"6578-KRMAW","Male",40,"No","No",32,1,"Fiber optic",3,2,2,"Occasional",1,93.4,"No",0,"Male",40,"No","No",32,1,"Fiber optic",3,2,2,"Occasional",1,93.4,"No",0,6
"6579-JPICP","Male",22,"No","No",1,1,"5G",0,1,0,"Occasional",1,20.4,"No",1,"Male",22,"No","No",1,1,"5G",0,1,0,"Occasional",1,20.4,"No",1,42
"6581-NQCBA","Female",54,"Yes","No",16,0,"5G",0,3,3,"Occasional",1,49.95,"Yes",0,"Female",54,"Yes","No",16,0,"5G",0,3,3,"Occasional",1,49.95,"Yes",0,NA
"6582-OIVSP","Female",19,"No","No",1,1,"5G",0,2,0,"Occasional",1,45.3,"No",1,"Female",19,"No","No",1,1,"5G",0,2,0,"Occasional",1,45.3,"No",1,57
"6582-PLFUU","Male",36,"No","No",51,1,"No",0,1,0,"Occasional",24,19.55,"No",0,"Male",36,"No","No",51,1,"No",0,1,0,"Occasional",24,19.55,"No",0,26
"6583-KQJLK","Female",84,"Yes","No",15,1,"Fiber optic",2,2,3,"Occasional",1,94.65,"No",0,"Female",84,"Yes","No",15,1,"Fiber optic",2,2,3,"Occasional",1,94.65,"No",0,45
"6583-SZVGP","Male",58,"No","No",48,2,"5G",2,2,3,"Occasional",24,108.1,"No",1,"Male",58,"No","No",48,2,"5G",2,2,3,"Occasional",24,108.1,"No",1,45
"6584-VQMYT","Male",27,"No","Yes",27,1,"No",3,2,0,"Occasional",12,56.2,"No",0,"Male",27,"No","Yes",27,1,"No",3,2,0,"Occasional",12,56.2,"No",0,34
"6585-WCEWR","Male",20,"Yes","Yes",72,1,"No",0,1,0,"Occasional",24,20.35,"No",0,"Male",20,"Yes","Yes",72,1,"No",0,1,0,"Occasional",24,20.35,"No",0,24
"6586-MYGKD","Male",50,"No","No",70,2,"DSL",1,3,3,"Occasional",24,76.95,"No",0,"Male",50,"No","No",70,2,"DSL",1,3,3,"Occasional",24,76.95,"No",0,26
"6586-PSJOX","Male",19,"No","Yes",15,1,"DSL",0,3,0,"Occasional",12,55.2,"No",0,"Male",19,"No","Yes",15,1,"DSL",0,3,0,"Occasional",12,55.2,"No",0,33
"6595-COKXZ","Female",61,"No","No",1,1,"DSL",0,2,0,"Frequent",1,44.45,"Yes",0,"Female",61,"No","No",1,1,"DSL",0,2,0,"Frequent",1,44.45,"Yes",0,NA
"6598-RFFVI","Male",53,"No","No",2,1,"No",0,1,0,"Occasional",12,19.3,"Yes",0,"Male",53,"No","No",2,1,"No",0,1,0,"Occasional",12,19.3,"Yes",0,NA
"6599-CEBNN","Female",56,"No","No",34,1,"5G",2,2,0,"Frequent",1,73.95,"Yes",1,"Female",56,"No","No",34,1,"5G",2,2,0,"Frequent",1,73.95,"Yes",1,NA
"6599-RCLCJ","Male",49,"Yes","No",47,2,"5G",2,3,3,"Occasional",1,109.55,"Yes",0,"Male",49,"Yes","No",47,2,"5G",2,3,3,"Occasional",1,109.55,"Yes",0,NA
"6599-SFQVE","Female",55,"No","No",6,1,"DSL",0,2,2,"Occasional",1,55,"No",0,"Female",55,"No","No",6,1,"DSL",0,2,2,"Occasional",1,55,"No",0,15
"6608-QQLVK","Male",56,"No","No",1,1,"DSL",0,2,0,"Frequent",1,50.5,"Yes",0,"Male",56,"No","No",1,1,"DSL",0,2,0,"Occasional",1,50.5,"Yes",0,NA
"6609-MXJHJ","Female",22,"Yes","Yes",30,2,"No",0,1,0,"Occasional",24,25.1,"No",0,"Female",22,"Yes","Yes",30,2,"No",0,1,0,"Occasional",24,25.1,"No",0,36
"6614-FHDBO","Male",45,"No","No",72,2,"5G",2,3,3,"Occasional",24,109.2,"No",1,"Male",45,"No","No",72,2,"5G",2,3,3,"Occasional",24,109.2,"No",1,43
"6614-VBEGU","Female",57,"Yes","No",24,1,"5G",2,2,3,"Occasional",1,69.45,"No",1,"Female",57,"Yes","No",24,1,"5G",2,2,3,"Occasional",1,69.45,"No",1,45
"6614-YOLAC","Female",40,"No","No",71,0,"5G",3,3,3,"Occasional",24,58.65,"No",0,"Female",40,"No","No",71,0,"5G",3,3,3,"Occasional",24,58.65,"No",0,41
"6615-ZGEDR","Male",19,"No","No",1,1,"No",0,1,0,"Occasional",1,19.7,"Yes",0,"Male",19,"No","No",1,1,"No",0,1,0,"Occasional",1,19.7,"Yes",0,NA
"6616-AALSR","Female",43,"Yes","Yes",65,2,"Fiber optic",1,2,3,"Occasional",24,104.3,"No",0,"Female",43,"Yes","Yes",65,2,"Fiber optic",1,2,3,"Occasional",24,104.3,"No",0,22
"6617-WLBQC","Female",34,"Yes","Yes",23,2,"Fiber optic",1,2,0,"Occasional",12,81.85,"No",0,"Female",34,"Yes","Yes",23,2,"Fiber optic",1,2,0,"Occasional",12,81.85,"No",0,14
"6618-RYATB","Female",19,"No","No",1,2,"Fiber optic",0,2,0,"Frequent",1,79.55,"Yes",0,"Female",19,"No","No",1,2,"Fiber optic",0,2,0,"Occasional",1,79.55,"Yes",0,NA
"6619-RPLQZ","Female",21,"Yes","Yes",45,1,"5G",0,1,0,"Occasional",24,20.85,"No",0,"Female",21,"Yes","Yes",45,1,"5G",0,1,0,"Occasional",24,20.85,"No",0,37
"6620-HVDUJ","Male",57,"No","No",24,1,"No",3,3,0,"Occasional",1,60.45,"No",0,"Male",57,"No","No",24,1,"No",3,3,0,"Occasional",1,60.45,"No",0,15
"6621-NRZAK","Female",42,"No","No",63,1,"5G",0,1,0,"Occasional",24,20,"No",0,"Female",42,"No","No",63,1,"5G",0,1,0,"Occasional",24,20,"No",0,37
"6621-YOBKI","Male",44,"No","No",5,1,"5G",0,1,0,"Occasional",1,20.35,"No",1,"Male",44,"No","No",5,1,"5G",0,1,0,"Occasional",1,20.35,"No",1,12
"6624-JDRDS","Female",39,"No","No",6,0,"DSL",1,2,0,"Occasional",1,29.45,"No",0,"Female",39,"No","No",6,0,"DSL",1,2,0,"Occasional",1,29.45,"No",0,5
"6625-FLENO","Male",57,"No","No",58,1,"5G",0,1,0,"Occasional",24,20.75,"No",0,"Male",57,"No","No",58,1,"5G",0,1,0,"Occasional",24,20.75,"No",0,4
"6625-IUTTT","Male",42,"No","No",67,1,"DSL",1,2,2,"Occasional",24,65.55,"No",0,"Male",42,"No","No",67,1,"DSL",1,2,2,"Occasional",24,65.55,"No",0,5
"6625-UTXEW","Female",44,"Yes","No",12,1,"5G",2,2,0,"Occasional",1,51.25,"No",0,"Female",44,"Yes","No",12,1,"5G",2,2,0,"Occasional",1,51.25,"No",0,28
"6629-CZTTH","Male",25,"No","No",1,1,"DSL",0,2,2,"Frequent",1,55.7,"Yes",0,"Male",25,"No","No",1,1,"DSL",0,2,2,"Frequent",1,55.7,"Yes",0,NA
"6630-UJZMY","Female",65,"Yes","No",4,2,"5G",0,2,1,"Occasional",1,83.25,"No",1,"Female",65,"Yes","No",4,2,"5G",0,2,1,"Occasional",1,83.25,"No",1,10
"6631-HMANX","Male",25,"Yes","No",72,2,"DSL",2,3,3,"Occasional",24,85.45,"No",0,"Male",25,"Yes","No",72,2,"DSL",2,3,3,"Occasional",24,85.45,"No",0,33
"6633-MPWBS","Male",31,"No","No",5,1,"DSL",0,3,0,"Occasional",1,49.2,"Yes",0,"Male",31,"No","No",5,1,"DSL",0,3,0,"Occasional",1,49.2,"Yes",0,NA
"6635-MYYYZ","Female",64,"No","No",30,1,"DSL",3,3,3,"Occasional",12,85.35,"Yes",0,"Female",64,"No","No",30,1,"DSL",3,3,3,"Occasional",12,85.35,"Yes",0,NA
"6641-XRPSU","Female",56,"No","No",34,1,"5G",0,2,0,"Occasional",1,70,"Yes",1,"Female",56,"No","No",34,1,"5G",0,2,0,"Frequent",1,70,"Yes",1,NA
"6646-JPPHA","Female",85,"No","No",14,1,"Fiber optic",3,2,0,"Occasional",1,78.85,"No",0,"Female",85,"No","No",14,1,"Fiber optic",3,2,0,"Occasional",1,78.85,"No",0,36
"6646-QVXLR","Male",81,"Yes","No",62,2,"5G",2,2,3,"Occasional",12,103.75,"Yes",1,"Male",81,"Yes","No",62,2,"5G",2,2,3,"Frequent",12,103.75,"Yes",1,NA
"6646-VRFOL","Male",87,"Yes","No",53,2,"Fiber optic",2,2,3,"Frequent",1,103.85,"Yes",0,"Male",87,"Yes","No",53,2,"Fiber optic",2,2,3,"Occasional",1,103.85,"Yes",0,NA
"6647-ZEDXT","Female",53,"No","No",30,2,"DSL",2,3,3,"Occasional",12,110.45,"No",1,"Female",53,"No","No",30,2,"DSL",2,3,3,"Occasional",12,110.45,"No",1,0
"6650-VJONK","Male",47,"No","No",1,1,"5G",0,2,0,"Occasional",1,43.85,"No",0,"Male",47,"No","No",1,1,"5G",0,2,0,"Occasional",1,43.85,"No",0,40
"6651-AZVTJ","Male",49,"Yes","Yes",49,2,"5G",0,2,3,"Frequent",1,99.8,"Yes",0,"Male",49,"Yes","Yes",49,2,"5G",0,2,3,"Frequent",1,99.8,"Yes",0,NA
"6651-RLGGM","Male",22,"Yes","Yes",67,1,"No",0,1,0,"Occasional",24,26.3,"No",0,"Male",22,"Yes","Yes",67,1,"No",0,1,0,"Occasional",24,26.3,"No",0,45
"6652-YFFJO","Female",36,"No","No",11,1,"DSL",0,2,3,"Occasional",1,64.9,"No",0,"Female",36,"No","No",11,1,"DSL",0,2,3,"Occasional",1,64.9,"No",0,0
"6654-QGBZZ","Female",40,"No","No",1,1,"No",0,1,0,"Occasional",1,19.9,"No",0,"Female",40,"No","No",1,1,"No",0,1,0,"Occasional",1,19.9,"No",0,0
"6655-LHBYW","Male",39,"No","No",50,2,"5G",3,3,3,"Occasional",12,114.35,"No",1,"Male",39,"No","No",50,2,"5G",3,3,3,"Occasional",12,114.35,"No",1,54
"6656-GULJQ","Male",47,"Yes","Yes",72,2,"DSL",1,3,3,"Occasional",24,83.55,"No",0,"Male",47,"Yes","Yes",72,2,"DSL",1,3,3,"Occasional",24,83.55,"No",0,43
"6661-HBGWL","Female",83,"No","No",42,2,"Fiber optic",2,2,3,"Frequent",1,104.75,"Yes",0,"Female",83,"No","No",42,2,"Fiber optic",2,2,3,"Occasional",1,104.75,"Yes",0,NA
"6663-JOCQO","Male",43,"No","No",31,2,"5G",3,3,2,"Occasional",12,75.25,"No",1,"Male",43,"No","No",31,2,"5G",3,3,2,"Occasional",12,75.25,"No",1,19
"6668-CNMFP","Female",60,"Yes","Yes",19,2,"Fiber optic",0,3,2,"Occasional",12,89.35,"No",0,"Female",60,"Yes","Yes",19,2,"Fiber optic",0,3,2,"Occasional",12,89.35,"No",0,16
"6670-MFRPK","Male",47,"Yes","Yes",69,2,"5G",0,2,0,"Occasional",24,79.2,"No",0,"Male",47,"Yes","Yes",69,2,"5G",0,2,0,"Occasional",24,79.2,"No",0,38
"6671-NGWON","Female",56,"No","No",7,1,"No",0,1,0,"Occasional",1,20.35,"No",0,"Female",56,"No","No",7,1,"No",0,1,0,"Occasional",1,20.35,"No",0,43
"6674-KVJHG","Female",55,"No","No",11,2,"No",0,1,0,"Occasional",12,25.2,"No",0,"Female",55,"No","No",11,2,"No",0,1,0,"Occasional",12,25.2,"No",0,21
"6680-NENYN","Female",28,"No","No",43,2,"5G",2,2,3,"Occasional",24,104.6,"Yes",1,"Female",28,"No","No",43,2,"5G",2,2,3,"Frequent",24,104.6,"Yes",1,NA
"6680-WKXRZ","Female",55,"No","No",3,2,"DSL",0,2,0,"Occasional",1,74.4,"Yes",1,"Female",55,"No","No",3,2,"DSL",0,2,0,"Frequent",1,74.4,"Yes",1,NA
"6682-QJDGB","Male",33,"No","Yes",40,1,"DSL",3,2,0,"Frequent",1,55.25,"Yes",0,"Male",33,"No","Yes",40,1,"DSL",3,2,0,"Frequent",1,55.25,"Yes",0,NA
"6682-VCIXC","Female",50,"Yes","Yes",43,0,"5G",3,3,1,"Occasional",12,51.25,"No",0,"Female",50,"Yes","Yes",43,0,"5G",3,3,1,"Occasional",12,51.25,"No",0,19
"6683-VLCTZ","Male",67,"No","No",20,2,"5G",0,2,3,"Occasional",1,98.55,"Yes",1,"Male",67,"No","No",20,2,"5G",0,2,3,"Frequent",1,98.55,"Yes",1,NA
"6685-XSHHU","Male",21,"Yes","Yes",60,1,"No",0,1,0,"Occasional",24,20.95,"No",0,"Male",21,"Yes","Yes",60,1,"No",0,1,0,"Occasional",24,20.95,"No",0,27
"6686-YPGHK","Male",82,"No","No",47,1,"Fiber optic",1,2,2,"Frequent",1,85.5,"Yes",0,"Male",82,"No","No",47,1,"Fiber optic",1,2,2,"Frequent",1,85.5,"Yes",0,NA
"6689-TCZHQ","Female",89,"No","No",5,1,"5G",0,2,2,"Frequent",1,78.95,"Yes",0,"Female",89,"No","No",5,1,"5G",0,2,2,"Frequent",1,78.95,"Yes",0,NA
"6689-VRRTK","Female",73,"No","No",44,2,"DSL",3,2,3,"Occasional",12,109.8,"No",1,"Female",73,"No","No",44,2,"DSL",3,2,3,"Occasional",12,109.8,"No",1,30
"6691-CCIHA","Female",60,"Yes","No",62,2,"DSL",3,3,3,"Occasional",24,84.95,"No",0,"Female",60,"Yes","No",62,2,"DSL",3,3,3,"Occasional",24,84.95,"No",0,40
"6692-UDPJC","Female",54,"Yes","Yes",14,2,"Fiber optic",0,3,1,"Occasional",1,91.65,"Yes",0,"Female",54,"Yes","Yes",14,2,"Fiber optic",0,3,1,"Occasional",1,91.65,"Yes",0,NA
"6695-FRVEC","Male",24,"Yes","Yes",67,1,"5G",1,3,0,"Occasional",24,60.4,"No",0,"Male",24,"Yes","Yes",67,1,"5G",1,3,0,"Occasional",24,60.4,"No",0,38
"6696-YDAYZ","Male",41,"No","No",16,1,"No",0,1,0,"Occasional",24,20.5,"No",0,"Male",41,"No","No",16,1,"No",0,1,0,"Occasional",24,20.5,"No",0,19
"6698-OXETB","Male",48,"No","No",11,1,"No",0,1,0,"Occasional",24,20.4,"No",0,"Male",48,"No","No",11,1,"No",0,1,0,"Occasional",24,20.4,"No",0,39
"6701-DHKWQ","Female",24,"Yes","Yes",61,0,"5G",2,3,1,"Occasional",24,51.35,"No",0,"Female",24,"Yes","Yes",61,0,"5G",2,3,1,"Occasional",24,51.35,"No",0,43
"6705-LXORM","Female",73,"Yes","No",5,1,"5G",0,2,0,"Occasional",1,70.05,"No",1,"Female",73,"Yes","No",5,1,"5G",0,2,0,"Occasional",1,70.05,"No",1,2
"6711-FLDFB","Female",34,"No","No",7,2,"Fiber optic",0,2,0,"Frequent",1,74.9,"Yes",0,"Female",34,"No","No",7,2,"Fiber optic",0,2,0,"Frequent",1,74.9,"Yes",0,NA
"6711-VTNRE","Female",44,"No","No",36,1,"Fiber optic",0,3,2,"Occasional",1,87.55,"Yes",0,"Female",44,"No","No",36,1,"Fiber optic",0,3,2,"Occasional",1,87.55,"Yes",0,NA
"6712-OAWRH","Female",80,"No","No",26,1,"Fiber optic",0,2,3,"Frequent",1,91.25,"Yes",0,"Female",80,"No","No",26,1,"Fiber optic",0,2,3,"Frequent",1,91.25,"Yes",0,NA
"6713-OKOMC","Female",49,"No","No",10,0,"5G",1,2,0,"Occasional",1,29.75,"No",1,"Female",49,"No","No",10,0,"5G",1,2,0,"Occasional",1,29.75,"No",1,54
"6718-BDGHG","Female",29,"Yes","No",43,2,"5G",0,3,1,"Occasional",12,64.85,"No",0,"Female",29,"Yes","No",43,2,"5G",0,3,1,"Occasional",12,64.85,"No",0,29
"6719-OXYBR","Male",61,"No","No",15,1,"Fiber optic",0,2,1,"Occasional",1,85.3,"No",0,"Male",61,"No","No",15,1,"Fiber optic",0,2,1,"Occasional",1,85.3,"No",0,3
"6723-CEGQI","Female",60,"No","Yes",65,0,"DSL",2,3,1,"Occasional",24,45.25,"No",0,"Female",60,"No","Yes",65,0,"DSL",2,3,1,"Occasional",24,45.25,"No",0,5
"6723-WSNTY","Female",68,"Yes","No",66,2,"Fiber optic",2,3,3,"Occasional",12,108.1,"No",0,"Female",68,"Yes","No",66,2,"Fiber optic",2,3,3,"Occasional",12,108.1,"No",0,25
"6725-TPKJO","Male",20,"No","No",44,1,"No",0,1,0,"Occasional",24,20.05,"No",0,"Male",20,"No","No",44,1,"No",0,1,0,"Occasional",24,20.05,"No",0,6
"6727-IOTLZ","Male",62,"Yes","No",14,1,"5G",2,3,3,"Occasional",24,81.95,"No",1,"Male",62,"Yes","No",14,1,"5G",2,3,3,"Occasional",24,81.95,"No",1,50
"6728-CZFEI","Female",34,"No","No",15,1,"DSL",0,2,1,"Occasional",12,56.15,"No",0,"Female",34,"No","No",15,1,"DSL",0,2,1,"Occasional",12,56.15,"No",0,5
"6728-DKUCO","Female",26,"Yes","Yes",72,2,"5G",3,2,3,"Occasional",12,104.15,"No",1,"Female",26,"Yes","Yes",72,2,"5G",3,2,3,"Occasional",12,104.15,"No",1,43
"6728-VOIFY","Female",20,"Yes","No",63,1,"Fiber optic",2,2,3,"Occasional",12,96,"No",0,"Female",20,"Yes","No",63,1,"Fiber optic",2,2,3,"Occasional",12,96,"No",0,8
"6728-WYQBC","Male",19,"No","No",1,1,"No",0,1,0,"Occasional",1,20.95,"No",0,"Male",19,"No","No",1,1,"No",0,1,0,"Occasional",1,20.95,"No",0,40
"6729-FZWSY","Male",46,"No","No",67,1,"No",0,1,0,"Occasional",12,19.45,"No",0,"Male",46,"No","No",67,1,"No",0,1,0,"Occasional",12,19.45,"No",0,9
"6732-VAILE","Male",28,"Yes","Yes",70,2,"5G",2,3,3,"Occasional",24,85.95,"No",0,"Male",28,"Yes","Yes",70,2,"5G",2,3,3,"Occasional",24,85.95,"No",0,41
"6733-LRIZX","Male",57,"No","No",35,2,"Fiber optic",1,3,3,"Occasional",24,108.95,"No",0,"Male",57,"No","No",35,2,"Fiber optic",1,3,3,"Occasional",24,108.95,"No",0,9
"6734-CKRSM","Female",20,"No","No",3,1,"No",0,1,0,"Occasional",1,20,"No",0,"Female",20,"No","No",3,1,"No",0,1,0,"Occasional",1,20,"No",0,20
"6734-PSBAW","Male",60,"No","No",72,2,"5G",0,1,0,"Occasional",24,23.55,"No",1,"Male",60,"No","No",72,2,"5G",0,1,0,"Occasional",24,23.55,"No",1,69
"6738-ISCBM","Male",48,"No","No",44,0,"DSL",1,2,3,"Occasional",12,54,"No",0,"Male",48,"No","No",44,0,"DSL",1,2,3,"Occasional",12,54,"No",0,30
"6741-EGCBI","Male",85,"No","No",30,2,"Fiber optic",1,2,2,"Occasional",1,90.5,"No",0,"Male",85,"No","No",30,2,"Fiber optic",1,2,2,"Occasional",1,90.5,"No",0,29
"6743-HHQPF","Male",20,"Yes","No",42,0,"DSL",0,2,0,"Occasional",1,25.1,"No",0,"Male",20,"Yes","No",42,0,"DSL",0,2,0,"Occasional",1,25.1,"No",0,7
"6745-JEFZB","Male",23,"Yes","No",35,2,"5G",0,3,1,"Occasional",1,91.5,"No",1,"Male",23,"Yes","No",35,2,"5G",0,3,1,"Occasional",1,91.5,"No",1,20
"6746-WAUWT","Male",22,"No","No",19,1,"No",0,1,0,"Occasional",12,19.7,"No",0,"Male",22,"No","No",19,1,"No",0,1,0,"Occasional",12,19.7,"No",0,20
"6754-LZUKA","Male",64,"Yes","No",61,2,"DSL",2,2,3,"Occasional",24,80.9,"No",0,"Male",64,"Yes","No",61,2,"DSL",2,2,3,"Occasional",24,80.9,"No",0,10
"6769-DCQLI","Male",19,"No","No",52,1,"No",2,3,3,"Occasional",12,105,"Yes",0,"Male",19,"No","No",52,1,"No",2,3,3,"Occasional",12,105,"Yes",0,NA
"6769-DYBQN","Male",67,"No","No",46,1,"Fiber optic",1,2,2,"Frequent",1,85,"Yes",0,"Male",67,"No","No",46,1,"Fiber optic",1,2,2,"Occasional",1,85,"Yes",0,NA
"6770-UAYGJ","Female",42,"No","No",49,2,"5G",0,1,0,"Occasional",24,25.25,"No",0,"Female",42,"No","No",49,2,"5G",0,1,0,"Occasional",24,25.25,"No",0,17
"6772-KSATR","Male",62,"No","No",1,1,"No",1,2,0,"Frequent",1,81.7,"Yes",0,"Male",62,"No","No",1,1,"No",1,2,0,"Frequent",1,81.7,"Yes",0,NA
"6772-WFQRD","Male",20,"No","Yes",40,1,"No",0,1,0,"Occasional",12,20.4,"No",0,"Male",20,"No","Yes",40,1,"No",0,1,0,"Occasional",12,20.4,"No",0,26
"6777-TGHTM","Female",28,"No","No",53,2,"Fiber optic",1,2,3,"Frequent",12,106.95,"Yes",0,"Female",28,"No","No",53,2,"Fiber optic",1,2,3,"Occasional",12,106.95,"Yes",0,NA
"6778-EICRF","Male",22,"Yes","Yes",24,1,"No",1,2,3,"Occasional",12,74.8,"No",0,"Male",22,"Yes","Yes",24,1,"No",1,2,3,"Occasional",12,74.8,"No",0,42
"6778-JFCMK","Male",19,"No","No",24,0,"5G",1,2,3,"Occasional",12,50.6,"No",1,"Male",19,"No","No",24,0,"5G",1,2,3,"Occasional",12,50.6,"No",1,54
"6778-YSNIH","Female",42,"No","No",2,1,"5G",2,2,1,"Occasional",1,59,"No",1,"Female",42,"No","No",2,1,"5G",2,2,1,"Occasional",1,59,"No",1,26
"6784-XYJAE","Female",39,"No","No",36,2,"5G",0,2,0,"Occasional",12,55.8,"No",0,"Female",39,"No","No",36,2,"5G",0,2,0,"Occasional",12,55.8,"No",0,35
"6786-OBWQR","Female",33,"Yes","Yes",5,1,"5G",0,2,1,"Occasional",1,80.85,"No",1,"Female",33,"Yes","Yes",5,1,"5G",0,2,1,"Occasional",1,80.85,"No",1,35
"6789-HJBWG","Female",44,"No","No",12,1,"5G",2,2,0,"Occasional",1,49.4,"No",0,"Female",44,"No","No",12,1,"5G",2,2,0,"Occasional",1,49.4,"No",0,5
"6794-HKIAJ","Male",56,"No","No",62,1,"No",3,2,0,"Occasional",1,90.7,"No",0,"Male",56,"No","No",62,1,"No",3,2,0,"Occasional",1,90.7,"No",0,40
"6797-LNAQX","Male",61,"Yes","Yes",70,2,"Fiber optic",2,2,3,"Occasional",24,98.3,"Yes",0,"Male",61,"Yes","Yes",70,2,"Fiber optic",2,2,3,"Occasional",24,98.3,"Yes",0,NA
"6797-UCJHZ","Female",85,"Yes","No",66,2,"5G",2,2,3,"Occasional",12,104.6,"No",1,"Female",85,"Yes","No",66,2,"5G",2,2,3,"Occasional",12,104.6,"No",1,22
"6806-YDEUL","Female",87,"No","No",6,1,"5G",0,1,0,"Occasional",1,19.5,"No",0,"Female",87,"No","No",6,1,"5G",0,1,0,"Occasional",1,19.5,"No",0,12
"6807-SIWJI","Male",45,"No","No",38,2,"5G",3,2,3,"Occasional",12,104.85,"No",0,"Male",45,"No","No",38,2,"5G",3,2,3,"Occasional",12,104.85,"No",0,9
"6810-VCAEX","Female",20,"No","No",47,0,"DSL",3,3,0,"Occasional",12,39.65,"No",0,"Female",20,"No","No",47,0,"DSL",3,3,0,"Occasional",12,39.65,"No",0,29
"6813-GZQCG","Female",19,"Yes","Yes",45,2,"No",0,1,0,"Occasional",24,24.65,"No",0,"Female",19,"Yes","Yes",45,2,"No",0,1,0,"Occasional",24,24.65,"No",0,9
"6814-ZPWFQ","Male",19,"No","No",51,2,"No",0,1,0,"Occasional",12,25,"No",0,"Male",19,"No","No",51,2,"No",0,1,0,"Occasional",12,25,"No",0,41
"6815-ABQFQ","Male",32,"Yes","No",56,2,"5G",2,3,3,"Occasional",12,107.25,"No",1,"Male",32,"Yes","No",56,2,"5G",2,3,3,"Occasional",12,107.25,"No",1,40
"6818-WOBHJ","Female",86,"Yes","No",68,2,"5G",2,2,2,"Frequent",1,89.6,"Yes",0,"Female",86,"Yes","No",68,2,"5G",2,2,2,"Frequent",1,89.6,"Yes",0,NA
"6821-BUXUX","Female",30,"No","No",13,2,"Fiber optic",3,2,1,"Occasional",1,96.65,"Yes",0,"Female",30,"No","No",13,2,"Fiber optic",3,2,1,"Frequent",1,96.65,"Yes",0,NA
"6823-SIDFQ","Male",55,"No","No",28,1,"No",0,1,0,"Occasional",12,18.25,"No",0,"Male",55,"No","No",28,1,"No",0,1,0,"Occasional",12,18.25,"No",0,43
"6825-UYPFK","Female",33,"No","No",23,2,"DSL",0,2,0,"Occasional",1,75.6,"Yes",1,"Female",33,"No","No",23,2,"DSL",0,2,0,"Frequent",1,75.6,"Yes",1,NA
"6827-IEAUQ","Female",48,"Yes","Yes",27,1,"5G",3,3,0,"Occasional",12,66.15,"No",1,"Female",48,"Yes","Yes",27,1,"5G",3,3,0,"Occasional",12,66.15,"No",1,68
"6833-JMZYP","Female",30,"No","No",15,1,"Fiber optic",0,2,3,"Occasional",1,94,"No",0,"Female",30,"No","No",15,1,"Fiber optic",0,2,3,"Occasional",1,94,"No",0,9
"6834-NXDCA","Female",22,"No","No",13,0,"DSL",0,2,0,"Frequent",1,23.9,"Yes",0,"Female",22,"No","No",13,0,"DSL",0,2,0,"Frequent",1,23.9,"Yes",0,NA
"6837-BJYDQ","Male",63,"No","No",3,1,"5G",0,1,0,"Occasional",12,19.6,"No",1,"Male",63,"No","No",3,1,"5G",0,1,0,"Occasional",12,19.6,"No",1,61
"6838-HVLXG","Female",20,"No","No",12,1,"No",0,1,0,"Occasional",1,20.3,"No",0,"Female",20,"No","No",12,1,"No",0,1,0,"Occasional",1,20.3,"No",0,24
"6838-YAUVY","Female",37,"No","No",54,2,"No",0,3,2,"Occasional",24,95.1,"No",0,"Female",37,"No","No",54,2,"No",0,3,2,"Occasional",24,95.1,"No",0,16
"6839-ITVZJ","Female",51,"Yes","Yes",26,2,"5G",2,3,0,"Occasional",1,60.05,"Yes",0,"Female",51,"Yes","Yes",26,2,"5G",2,3,0,"Occasional",1,60.05,"Yes",0,NA
"6840-RESVB","Male",51,"Yes","Yes",24,2,"DSL",1,3,3,"Occasional",12,84.8,"No",0,"Male",51,"Yes","Yes",24,2,"DSL",1,3,3,"Occasional",12,84.8,"No",0,20
"6844-DZKRF","Male",54,"No","No",2,1,"5G",0,3,0,"Occasional",1,50.2,"No",0,"Male",54,"No","No",2,1,"5G",0,3,0,"Occasional",1,50.2,"No",0,22
"6847-KJLTS","Female",87,"Yes","No",58,2,"Fiber optic",0,3,3,"Occasional",1,100.4,"No",0,"Female",87,"Yes","No",58,2,"Fiber optic",0,3,3,"Occasional",1,100.4,"No",0,8
"6848-YLDFR","Male",48,"Yes","Yes",58,1,"DSL",2,3,3,"Occasional",12,75.2,"No",0,"Male",48,"Yes","Yes",58,1,"DSL",2,3,3,"Occasional",12,75.2,"No",0,34
"6849-OYAMU","Male",55,"Yes","Yes",19,1,"Fiber optic",2,3,3,"Occasional",12,100,"Yes",0,"Male",55,"Yes","Yes",19,1,"Fiber optic",2,3,3,"Occasional",12,100,"Yes",0,NA
"6851-WEFYX","Male",74,"Yes","No",35,2,"5G",0,2,3,"Occasional",1,100.8,"No",1,"Male",74,"Yes","No",35,2,"5G",0,2,3,"Occasional",1,100.8,"No",1,65
"6856-RAURS","Female",59,"No","No",2,2,"Fiber optic",0,2,0,"Occasional",1,74.9,"No",0,"Female",59,"No","No",2,2,"Fiber optic",0,2,0,"Occasional",1,74.9,"No",0,33
"6857-VWJDT","Female",39,"No","No",1,1,"No",0,2,3,"Frequent",1,95.65,"Yes",0,"Female",39,"No","No",1,1,"No",0,2,3,"Frequent",1,95.65,"Yes",0,NA
"6859-QNXIQ","Female",51,"Yes","Yes",72,2,"5G",3,3,3,"Occasional",24,113.1,"No",1,"Female",51,"Yes","Yes",72,2,"5G",3,3,3,"Occasional",24,113.1,"No",1,19
"6859-RKMZJ","Male",26,"Yes","No",11,1,"DSL",0,2,1,"Occasional",1,55.05,"No",0,"Male",26,"Yes","No",11,1,"DSL",0,2,1,"Occasional",1,55.05,"No",0,3
"6860-YRJZP","Male",89,"No","No",9,1,"No",0,2,0,"Occasional",1,74.05,"No",0,"Male",89,"No","No",9,1,"No",0,2,0,"Occasional",1,74.05,"No",0,28
"6861-XWTWQ","Male",73,"Yes","No",7,1,"No",0,2,3,"Frequent",1,99.25,"Yes",0,"Male",73,"Yes","No",7,1,"No",0,2,3,"Frequent",1,99.25,"Yes",0,NA
"6862-CQUMB","Male",31,"No","No",37,1,"DSL",2,2,3,"Occasional",1,96.1,"No",1,"Male",31,"No","No",37,1,"DSL",2,2,3,"Occasional",1,96.1,"No",1,39
"6865-JZNKO","Female",36,"No","No",30,1,"5G",3,2,0,"Occasional",1,55.3,"No",1,"Female",36,"No","No",30,1,"5G",3,2,0,"Occasional",1,55.3,"No",1,58
"6869-FGJJC","Male",36,"No","No",68,2,"No",2,2,0,"Occasional",12,79.6,"No",0,"Male",36,"No","No",68,2,"No",2,2,0,"Occasional",12,79.6,"No",0,31
"6870-ECSHE","Female",21,"No","No",2,1,"No",0,1,0,"Occasional",12,20.45,"No",0,"Female",21,"No","No",2,1,"No",0,1,0,"Occasional",12,20.45,"No",0,43
"6870-ZWMNX","Male",21,"Yes","No",70,2,"5G",2,3,1,"Occasional",24,76.1,"No",0,"Male",21,"Yes","No",70,2,"5G",2,3,1,"Occasional",24,76.1,"No",0,35
"6872-HXFNF","Female",39,"Yes","No",64,2,"DSL",0,3,0,"Occasional",12,58.35,"No",0,"Female",39,"Yes","No",64,2,"DSL",0,3,0,"Occasional",12,58.35,"No",0,6
"6873-UDNLD","Male",24,"No","No",40,1,"DSL",1,2,2,"Occasional",1,67.45,"No",0,"Male",24,"No","No",40,1,"DSL",1,2,2,"Occasional",1,67.45,"No",0,22
"6874-SGLHU","Male",41,"No","No",30,1,"Fiber optic",2,2,3,"Occasional",12,97,"No",0,"Male",41,"No","No",30,1,"Fiber optic",2,2,3,"Occasional",12,97,"No",0,17
"6877-LGWXO","Male",89,"Yes","No",18,1,"Fiber optic",0,2,2,"Frequent",1,78.55,"Yes",0,"Male",89,"Yes","No",18,1,"Fiber optic",0,2,2,"Occasional",1,78.55,"Yes",0,NA
"6877-TJMBR","Male",32,"Yes","No",1,1,"No",0,3,1,"Occasional",1,84.8,"Yes",0,"Male",32,"Yes","No",1,1,"No",0,3,1,"Occasional",1,84.8,"Yes",0,NA
"6878-GGDWG","Female",40,"No","No",32,1,"No",0,1,0,"Occasional",1,19.4,"No",0,"Female",40,"No","No",32,1,"No",0,1,0,"Occasional",1,19.4,"No",0,18
"6885-PKOAM","Female",32,"Yes","No",71,2,"5G",3,3,3,"Occasional",24,85.75,"No",1,"Female",32,"Yes","No",71,2,"5G",3,3,3,"Occasional",24,85.75,"No",1,17
"6888-SBYAI","Male",30,"No","No",1,1,"DSL",1,2,0,"Occasional",1,50.7,"No",0,"Male",30,"No","No",1,1,"DSL",1,2,0,"Occasional",1,50.7,"No",0,38
"6891-JPYFF","Female",36,"Yes","Yes",48,2,"5G",3,2,3,"Occasional",1,105.25,"No",0,"Female",36,"Yes","Yes",48,2,"5G",3,2,3,"Occasional",1,105.25,"No",0,29
"6892-BOGQE","Female",55,"No","No",71,1,"No",0,1,0,"Occasional",24,20.9,"No",0,"Female",55,"No","No",71,1,"No",0,1,0,"Occasional",24,20.9,"No",0,42
"6892-EZDTG","Female",42,"Yes","No",4,2,"Fiber optic",2,2,1,"Occasional",1,91.65,"Yes",0,"Female",42,"Yes","No",4,2,"Fiber optic",2,2,1,"Frequent",1,91.65,"Yes",0,NA
"6893-ODYYE","Male",21,"No","No",50,1,"Fiber optic",3,3,0,"Occasional",12,90.1,"No",0,"Male",21,"No","No",50,1,"Fiber optic",3,3,0,"Occasional",12,90.1,"No",0,16
"6894-LFHLY","Male",86,"No","No",1,2,"Fiber optic",0,2,0,"Occasional",1,75.75,"Yes",0,"Male",86,"No","No",1,2,"Fiber optic",0,2,0,"Occasional",1,75.75,"Yes",0,NA
"6897-RWMUB","Male",21,"Yes","Yes",61,1,"DSL",3,3,0,"Occasional",24,68.05,"No",0,"Male",21,"Yes","Yes",61,1,"DSL",3,3,0,"Occasional",24,68.05,"No",0,27
"6897-UUBNU","Male",34,"No","No",29,1,"Fiber optic",2,3,1,"Occasional",1,89.65,"No",0,"Male",34,"No","No",29,1,"Fiber optic",2,3,1,"Occasional",1,89.65,"No",0,16
"6898-MDLZW","Male",45,"No","No",12,1,"DSL",2,3,0,"Occasional",1,53.75,"No",0,"Male",45,"No","No",12,1,"DSL",2,3,0,"Occasional",1,53.75,"No",0,6
"6900-PXRMS","Male",76,"Yes","Yes",26,2,"Fiber optic",2,2,3,"Frequent",1,105.75,"Yes",0,"Male",76,"Yes","Yes",26,2,"Fiber optic",2,2,3,"Frequent",1,105.75,"Yes",0,NA
"6900-RBKER","Male",54,"No","No",52,2,"5G",0,2,2,"Occasional",24,89.45,"No",0,"Male",54,"No","No",52,2,"5G",0,2,2,"Occasional",24,89.45,"No",0,14
"6904-JLBGY","Female",82,"No","No",72,2,"Fiber optic",3,3,3,"Occasional",24,117.35,"No",0,"Female",82,"No","No",72,2,"Fiber optic",3,3,3,"Occasional",24,117.35,"No",0,2
"6905-NIQIN","Male",46,"No","No",1,1,"DSL",2,2,0,"Frequent",1,50.65,"Yes",1,"Male",46,"No","No",1,1,"DSL",2,2,0,"Frequent",1,50.65,"Yes",1,NA
"6907-CQGPN","Male",60,"No","No",29,0,"DSL",2,3,0,"Occasional",1,34.3,"No",0,"Male",60,"No","No",29,0,"DSL",2,3,0,"Occasional",1,34.3,"No",0,9
"6907-FLBER","Male",25,"No","No",1,2,"DSL",2,2,0,"Occasional",1,54.3,"No",0,"Male",25,"No","No",1,2,"DSL",2,2,0,"Occasional",1,54.3,"No",0,21
"6907-NZZIJ","Female",63,"No","No",36,2,"Fiber optic",2,2,3,"Frequent",1,99.15,"Yes",0,"Female",63,"No","No",36,2,"Fiber optic",2,2,3,"Frequent",1,99.15,"Yes",0,NA
"6908-VVYHM","Male",51,"Yes","No",65,2,"5G",2,2,2,"Occasional",1,90.65,"No",0,"Male",51,"Yes","No",65,2,"5G",2,2,2,"Occasional",1,90.65,"No",0,4
"6910-HADCM","Female",51,"No","No",1,1,"DSL",0,2,0,"Frequent",1,76.35,"Yes",0,"Female",51,"No","No",1,1,"DSL",0,2,0,"Frequent",1,76.35,"Yes",0,NA
"6916-HIJSE","Female",40,"No","No",65,1,"5G",3,3,3,"Occasional",24,84.85,"No",1,"Female",40,"No","No",65,1,"5G",3,3,3,"Occasional",24,84.85,"No",1,26
"6917-FIJHC","Female",22,"Yes","No",72,2,"No",0,1,0,"Occasional",24,26,"No",0,"Female",22,"Yes","No",72,2,"No",0,1,0,"Occasional",24,26,"No",0,14
"6917-IAYHD","Male",36,"No","No",1,0,"DSL",2,3,0,"Occasional",1,33.6,"No",0,"Male",36,"No","No",1,0,"DSL",2,3,0,"Occasional",1,33.6,"No",0,41
"6918-UMQCG","Female",21,"No","No",5,1,"Fiber optic",0,2,1,"Occasional",1,80.2,"No",0,"Female",21,"No","No",5,1,"Fiber optic",0,2,1,"Occasional",1,80.2,"No",0,4
"6919-ELBGL","Male",87,"Yes","Yes",72,2,"5G",3,3,3,"Occasional",24,114.95,"No",1,"Male",87,"Yes","Yes",72,2,"5G",3,3,3,"Occasional",24,114.95,"No",1,26
"6922-NCEDI","Male",19,"No","Yes",56,1,"5G",0,1,0,"Occasional",12,21.2,"No",0,"Male",19,"No","Yes",56,1,"5G",0,1,0,"Occasional",12,21.2,"No",0,20
"6923-AQONU","Male",43,"No","No",23,1,"No",0,1,0,"Occasional",24,20.9,"No",0,"Male",43,"No","No",23,1,"No",0,1,0,"Occasional",24,20.9,"No",0,4
"6923-JHPMP","Female",39,"No","No",2,1,"5G",1,2,0,"Occasional",1,80.45,"No",1,"Female",39,"No","No",2,1,"5G",1,2,0,"Occasional",1,80.45,"No",1,29
"6924-TDGMT","Male",56,"No","No",11,1,"DSL",0,1,0,"Occasional",12,20.55,"No",0,"Male",56,"No","No",11,1,"DSL",0,1,0,"Occasional",12,20.55,"No",0,0
"6928-ONTRW","Female",60,"No","No",72,1,"No",0,1,0,"Occasional",24,19.7,"No",0,"Female",60,"No","No",72,1,"No",0,1,0,"Occasional",24,19.7,"No",0,32
"6933-FHBZC","Female",44,"No","No",26,1,"DSL",2,2,0,"Occasional",12,56.05,"No",0,"Female",44,"No","No",26,1,"DSL",2,2,0,"Occasional",12,56.05,"No",0,44
"6933-VLYFX","Male",46,"Yes","Yes",31,0,"DSL",1,3,3,"Occasional",12,59.95,"No",0,"Male",46,"Yes","Yes",31,0,"DSL",1,3,3,"Occasional",12,59.95,"No",0,25
"6941-KXRRV","Female",81,"Yes","No",48,1,"DSL",2,2,2,"Occasional",12,58.95,"No",0,"Female",81,"Yes","No",48,1,"DSL",2,2,2,"Occasional",12,58.95,"No",0,10
"6941-PMGEP","Female",43,"No","No",5,1,"5G",0,2,2,"Occasional",1,80,"Yes",0,"Female",43,"No","No",5,1,"5G",0,2,2,"Frequent",1,80,"Yes",0,NA
"6942-LBFDP","Female",20,"No","No",2,1,"DSL",0,1,0,"Occasional",1,20.55,"No",1,"Female",20,"No","No",2,1,"DSL",0,1,0,"Occasional",1,20.55,"No",1,0
"6946-LMSQS","Male",67,"Yes","No",25,2,"Fiber optic",1,2,2,"Frequent",12,89.05,"Yes",0,"Male",67,"Yes","No",25,2,"Fiber optic",1,2,2,"Frequent",12,89.05,"Yes",0,NA
"6950-TWMYB","Male",19,"Yes","Yes",54,1,"5G",2,3,0,"Occasional",24,79.95,"No",0,"Male",19,"Yes","Yes",54,1,"5G",2,3,0,"Occasional",24,79.95,"No",0,26
"6952-OMNWB","Male",71,"Yes","No",68,2,"5G",0,2,0,"Occasional",1,80.35,"No",1,"Male",71,"Yes","No",68,2,"5G",0,2,0,"Occasional",1,80.35,"No",1,20
"6953-PBDIN","Male",30,"Yes","No",70,2,"DSL",2,3,1,"Occasional",24,72.95,"No",0,"Male",30,"Yes","No",70,2,"DSL",2,3,1,"Occasional",24,72.95,"No",0,35
"6954-OOYZZ","Male",34,"Yes","No",18,1,"DSL",0,2,0,"Occasional",1,44.35,"No",0,"Male",34,"Yes","No",18,1,"DSL",0,2,0,"Occasional",1,44.35,"No",0,9
"6956-SMUCM","Female",40,"No","No",3,1,"Fiber optic",1,2,3,"Frequent",1,99,"Yes",0,"Female",40,"No","No",3,1,"Fiber optic",1,2,3,"Occasional",1,99,"Yes",0,NA
"6959-GQEGV","Male",23,"No","No",45,1,"5G",1,2,3,"Occasional",1,75.95,"No",0,"Male",23,"No","No",45,1,"5G",1,2,3,"Occasional",1,75.95,"No",0,14
"6959-UWKHF","Male",63,"No","No",1,1,"DSL",0,2,0,"Frequent",1,42.9,"Yes",0,"Male",63,"No","No",1,1,"DSL",0,2,0,"Frequent",1,42.9,"Yes",0,NA
"6960-HVYXR","Female",46,"No","No",1,2,"5G",0,2,0,"Frequent",1,76,"Yes",0,"Female",46,"No","No",1,2,"5G",0,2,0,"Frequent",1,76,"Yes",0,NA
"6967-QIQRV","Male",50,"Yes","Yes",15,1,"5G",1,3,3,"Occasional",12,101.9,"No",1,"Male",50,"Yes","Yes",15,1,"5G",1,3,3,"Occasional",12,101.9,"No",1,33
"6968-GMKPR","Female",59,"No","No",55,1,"5G",2,2,0,"Occasional",1,81.55,"No",0,"Female",59,"No","No",55,1,"5G",2,2,0,"Occasional",1,81.55,"No",0,26
"6968-MHOMU","Male",25,"Yes","No",58,1,"No",0,2,3,"Occasional",12,45,"No",0,"Male",25,"Yes","No",58,1,"No",0,2,3,"Occasional",12,45,"No",0,4
"6968-URWQU","Male",58,"Yes","No",43,1,"DSL",0,2,1,"Occasional",12,56.35,"No",0,"Male",58,"Yes","No",43,1,"DSL",0,2,1,"Occasional",12,56.35,"No",0,21
"6969-MVBAI","Female",88,"No","No",9,2,"Fiber optic",0,2,1,"Occasional",1,90.1,"No",0,"Female",88,"No","No",9,2,"Fiber optic",0,2,1,"Occasional",1,90.1,"No",0,33
"6974-DAFLI","Female",20,"Yes","No",55,1,"5G",0,1,0,"Occasional",12,19.7,"No",0,"Female",20,"Yes","No",55,1,"5G",0,1,0,"Occasional",12,19.7,"No",0,15
"6976-BWGLQ","Female",37,"No","No",72,2,"No",0,1,0,"Occasional",24,25.2,"No",0,"Female",37,"No","No",72,2,"No",0,1,0,"Occasional",24,25.2,"No",0,30
"6979-TNDEU","Female",62,"No","No",8,1,"5G",0,1,0,"Occasional",1,19.2,"No",0,"Female",62,"No","No",8,1,"5G",0,1,0,"Occasional",1,19.2,"No",0,14
"6980-CDGFC","Female",19,"Yes","No",67,1,"No",0,1,0,"Occasional",12,20.85,"No",0,"Female",19,"Yes","No",67,1,"No",0,1,0,"Occasional",12,20.85,"No",0,13
"6981-TDRFT","Male",56,"Yes","Yes",44,0,"DSL",0,3,3,"Occasional",12,54.3,"No",0,"Male",56,"Yes","Yes",44,0,"DSL",0,3,3,"Occasional",12,54.3,"No",0,19
"6982-SSHFK","Male",62,"No","No",1,1,"5G",0,2,0,"Occasional",1,44.4,"Yes",1,"Male",62,"No","No",1,1,"5G",0,2,0,"Frequent",1,44.4,"Yes",1,NA
"6986-IJDHX","Male",50,"Yes","Yes",39,1,"5G",2,2,1,"Occasional",1,86.3,"Yes",1,"Male",50,"Yes","Yes",39,1,"5G",2,2,1,"Frequent",1,86.3,"Yes",1,NA
"6986-IXNDM","Male",42,"No","No",14,1,"Fiber optic",0,2,3,"Occasional",1,92.9,"No",0,"Male",42,"No","No",14,1,"Fiber optic",0,2,3,"Occasional",1,92.9,"No",0,7
"6987-XQSJT","Female",90,"No","No",54,2,"Fiber optic",2,2,0,"Frequent",1,79.5,"Yes",0,"Female",90,"No","No",54,2,"Fiber optic",2,2,0,"Frequent",1,79.5,"Yes",0,NA
"6988-CJEYV","Male",19,"No","No",49,1,"No",2,2,3,"Occasional",1,98.7,"No",0,"Male",19,"No","No",49,1,"No",2,2,3,"Occasional",1,98.7,"No",0,29
"6990-YNRIO","Male",20,"Yes","Yes",65,2,"5G",1,3,3,"Occasional",24,108.65,"Yes",0,"Male",20,"Yes","Yes",65,2,"5G",1,3,3,"Occasional",24,108.65,"Yes",0,NA
"6993-YCOBK","Male",35,"Yes","Yes",60,2,"Fiber optic",1,3,3,"Occasional",24,110.6,"No",0,"Male",35,"Yes","Yes",60,2,"Fiber optic",1,3,3,"Occasional",24,110.6,"No",0,24
"6993-YGFJV","Male",31,"Yes","No",69,2,"5G",3,3,3,"Occasional",24,112.55,"No",0,"Male",31,"Yes","No",69,2,"5G",3,3,3,"Occasional",24,112.55,"No",0,26
"6994-FGRHH","Male",45,"Yes","Yes",70,1,"Fiber optic",2,3,3,"Occasional",12,106.15,"No",0,"Male",45,"Yes","Yes",70,1,"Fiber optic",2,3,3,"Occasional",12,106.15,"No",0,8
"6994-KERXL","Male",20,"No","No",4,1,"DSL",0,2,2,"Occasional",1,55.9,"No",0,"Male",20,"No","No",4,1,"DSL",0,2,2,"Occasional",1,55.9,"No",0,15
"6994-ORCWG","Female",24,"No","No",14,2,"5G",2,2,0,"Occasional",12,54.25,"No",0,"Female",24,"No","No",14,2,"5G",2,2,0,"Occasional",12,54.25,"No",0,26
"6996-KNSML","Female",59,"No","No",1,1,"Fiber optic",0,2,0,"Frequent",1,74.9,"Yes",0,"Female",59,"No","No",1,1,"Fiber optic",0,2,0,"Frequent",1,74.9,"Yes",0,NA
"6997-UVGOX","Male",44,"Yes","Yes",71,2,"No",3,3,3,"Occasional",24,85.45,"No",0,"Male",44,"Yes","Yes",71,2,"No",3,3,3,"Occasional",24,85.45,"No",0,24
"6999-CHVCF","Male",49,"No","No",68,2,"Fiber optic",3,2,2,"Occasional",24,102.1,"No",0,NA,NA,NA,NA,NA,NA,NA,NA,NA,NA,NA,NA,NA,NA,NA,NA
"7005-CYUIL","Female",80,"Yes","No",71,1,"DSL",3,3,1,"Occasional",24,99.4,"No",0,"Female",80,"Yes","No",71,1,"DSL",3,3,1,"Occasional",24,99.4,"No",0,12
"7008-LZVOZ","Male",22,"Yes","Yes",66,2,"No",0,1,0,"Occasional",24,25.3,"No",0,"Male",22,"Yes","Yes",66,2,"No",0,1,0,"Occasional",24,25.3,"No",0,43
"7009-LGECI","Female",50,"No","No",4,1,"DSL",1,2,0,"Occasional",1,50.55,"No",0,"Female",50,"No","No",4,1,"DSL",1,2,0,"Occasional",1,50.55,"No",0,43
"7009-PCARS","Male",20,"No","Yes",55,1,"DSL",0,1,0,"Occasional",12,19.1,"No",0,"Male",20,"No","Yes",55,1,"DSL",0,1,0,"Occasional",12,19.1,"No",0,0
"7010-BRBUU","Male",19,"Yes","Yes",72,2,"5G",0,1,0,"Occasional",24,24.1,"No",0,"Male",19,"Yes","Yes",72,2,"5G",0,1,0,"Occasional",24,24.1,"No",0,14
"7011-CVEUC","Male",25,"Yes","No",25,1,"Fiber optic",0,3,3,"Occasional",1,95.7,"No",0,"Male",25,"Yes","No",25,1,"Fiber optic",0,3,3,"Occasional",1,95.7,"No",0,23
"7013-PSXHK","Female",19,"No","No",40,2,"5G",0,3,3,"Occasional",12,80.75,"No",0,"Female",19,"No","No",40,2,"5G",0,3,3,"Occasional",12,80.75,"No",0,11
"7014-ZZXAW","Female",49,"No","No",71,2,"5G",0,1,0,"Occasional",24,24.25,"No",1,"Female",49,"No","No",71,2,"5G",0,1,0,"Occasional",24,24.25,"No",1,50
"7017-VFHAY","Female",60,"Yes","Yes",61,2,"5G",3,3,3,"Occasional",24,115.1,"No",1,"Female",60,"Yes","Yes",61,2,"5G",3,3,3,"Occasional",24,115.1,"No",1,63
"7017-VFULY","Female",55,"No","No",2,1,"No",0,1,0,"Occasional",1,20.1,"No",0,"Female",55,"No","No",2,1,"No",0,1,0,"Occasional",1,20.1,"No",0,36
"7018-FPXHH","Male",51,"Yes","Yes",56,1,"DSL",3,2,0,"Occasional",24,59.8,"No",0,"Male",51,"Yes","Yes",56,1,"DSL",3,2,0,"Occasional",24,59.8,"No",0,36
"7018-WBJNK","Male",22,"No","Yes",13,1,"5G",0,2,1,"Occasional",1,78.3,"No",1,"Male",22,"No","Yes",13,1,"5G",0,2,1,"Occasional",1,78.3,"No",1,53
"7020-OZKXZ","Female",82,"No","No",9,1,"5G",0,2,0,"Occasional",1,75.5,"No",0,"Female",82,"No","No",9,1,"5G",0,2,0,"Occasional",1,75.5,"No",0,36
"7021-XSNYE","Male",62,"Yes","Yes",7,0,"5G",1,3,2,"Occasional",24,49.65,"No",0,"Male",62,"Yes","Yes",7,0,"5G",1,3,2,"Occasional",24,49.65,"No",0,39
"7024-OHCCK","Female",71,"No","No",2,2,"DSL",0,2,3,"Frequent",1,93.85,"Yes",0,"Female",71,"No","No",2,2,"DSL",0,2,3,"Frequent",1,93.85,"Yes",0,NA
"7025-IWFHT","Male",46,"No","No",41,1,"Fiber optic",2,3,1,"Occasional",12,89.55,"No",0,"Male",46,"No","No",41,1,"Fiber optic",2,3,1,"Occasional",12,89.55,"No",0,22
"7025-WCBNE","Male",79,"No","No",47,2,"5G",2,3,0,"Occasional",24,59.6,"No",1,"Male",79,"No","No",47,2,"5G",2,3,0,"Occasional",24,59.6,"No",1,31
"7026-YMSBE","Male",20,"No","No",30,1,"No",0,1,0,"Occasional",12,19.7,"No",0,"Male",20,"No","No",30,1,"No",0,1,0,"Occasional",12,19.7,"No",0,4
"7028-DVOIQ","Male",71,"No","No",35,2,"5G",0,2,3,"Occasional",1,99.05,"Yes",1,"Male",71,"No","No",35,2,"5G",0,2,3,"Frequent",1,99.05,"Yes",1,NA
"7029-IJEJK","Female",28,"No","No",54,1,"No",1,3,2,"Occasional",12,44.1,"No",0,"Female",28,"No","No",54,1,"No",1,3,2,"Occasional",12,44.1,"No",0,11
"7029-RPUAV","Male",65,"Yes","No",17,2,"DSL",0,2,3,"Occasional",1,100.45,"Yes",0,"Male",65,"Yes","No",17,2,"DSL",0,2,3,"Frequent",1,100.45,"Yes",0,NA
"7030-NJVDP","Male",53,"Yes","No",24,1,"5G",1,3,2,"Occasional",1,89.25,"No",0,"Male",53,"Yes","No",24,1,"5G",1,3,2,"Occasional",1,89.25,"No",0,37
"7032-LMBHI","Female",51,"No","No",37,2,"DSL",1,2,1,"Occasional",12,64.65,"No",0,"Female",51,"No","No",37,2,"DSL",1,2,1,"Occasional",12,64.65,"No",0,42
"7036-TYDEC","Female",46,"No","No",69,2,"5G",0,3,3,"Occasional",24,104,"No",0,"Female",46,"No","No",69,2,"5G",0,3,3,"Occasional",24,104,"No",0,34
"7036-ZZKBD","Male",64,"Yes","No",31,1,"DSL",0,3,2,"Occasional",1,66.4,"No",0,"Male",64,"Yes","No",31,1,"DSL",0,3,2,"Occasional",1,66.4,"No",0,12
"7037-MTYVW","Male",58,"No","No",38,1,"DSL",1,3,3,"Occasional",24,85.4,"No",0,"Male",58,"No","No",38,1,"DSL",1,3,3,"Occasional",24,85.4,"No",0,14
"7041-TXQJH","Female",29,"No","No",37,0,"5G",0,2,2,"Occasional",1,40.2,"No",0,"Female",29,"No","No",37,0,"5G",0,2,2,"Occasional",1,40.2,"No",0,35
"7048-GXDAY","Male",27,"No","No",39,2,"Fiber optic",3,2,3,"Occasional",1,106.4,"No",0,"Male",27,"No","No",39,2,"Fiber optic",3,2,3,"Occasional",1,106.4,"No",0,17
"7049-GKVZY","Female",45,"No","No",17,1,"DSL",3,3,3,"Occasional",12,79.85,"No",0,"Female",45,"No","No",17,1,"DSL",3,3,3,"Occasional",12,79.85,"No",0,40
"7054-ENNGU","Female",54,"Yes","No",9,1,"DSL",2,2,0,"Occasional",1,50.85,"No",0,"Female",54,"Yes","No",9,1,"DSL",2,2,0,"Occasional",1,50.85,"No",0,22
"7054-LGEQW","Female",32,"No","No",1,1,"5G",0,2,0,"Frequent",1,45.95,"Yes",0,"Female",32,"No","No",1,1,"5G",0,2,0,"Frequent",1,45.95,"Yes",0,NA
"7055-HNEOJ","Male",39,"Yes","No",3,1,"5G",0,3,0,"Occasional",1,55.8,"No",0,"Male",39,"Yes","No",3,1,"5G",0,3,0,"Occasional",1,55.8,"No",0,0
"7056-IMHCC","Male",84,"Yes","No",53,1,"No",2,2,3,"Frequent",1,101.9,"Yes",0,"Male",84,"Yes","No",53,1,"No",2,2,3,"Frequent",1,101.9,"Yes",0,NA
"7061-OVMIM","Female",19,"Yes","Yes",30,1,"5G",0,1,0,"Occasional",12,19.55,"No",0,"Female",19,"Yes","Yes",30,1,"5G",0,1,0,"Occasional",12,19.55,"No",0,29
"7064-JHXCE","Male",62,"No","No",62,1,"DSL",0,1,0,"Occasional",24,20.05,"No",0,"Male",62,"No","No",62,1,"DSL",0,1,0,"Occasional",24,20.05,"No",0,33
"7067-KSAZT","Female",83,"Yes","No",65,2,"Fiber optic",2,2,3,"Frequent",12,106.25,"Yes",0,"Female",83,"Yes","No",65,2,"Fiber optic",2,2,3,"Frequent",12,106.25,"Yes",0,NA
"7073-QETQY","Male",19,"Yes","Yes",66,1,"5G",0,1,0,"Occasional",12,20.35,"No",0,"Male",19,"Yes","Yes",66,1,"5G",0,1,0,"Occasional",12,20.35,"No",0,0
"7074-IEVOJ","Female",90,"No","No",3,2,"DSL",2,2,0,"Occasional",1,79.4,"Yes",1,"Female",90,"No","No",3,2,"DSL",2,2,0,"Frequent",1,79.4,"Yes",1,NA
"7075-BNDVQ","Female",62,"No","No",4,1,"No",1,2,0,"Occasional",1,35,"No",0,"Female",62,"No","No",4,1,"No",1,2,0,"Occasional",1,35,"No",0,25
"7078-NVFAM","Female",22,"Yes","Yes",32,0,"DSL",3,2,0,"Occasional",1,35.15,"No",0,"Female",22,"Yes","Yes",32,0,"DSL",3,2,0,"Occasional",1,35.15,"No",0,10
"7079-QRCBC","Female",44,"No","No",24,2,"5G",0,2,3,"Frequent",1,98.75,"Yes",0,"Female",44,"No","No",24,2,"5G",0,2,3,"Frequent",1,98.75,"Yes",0,NA
"7080-TNUWP","Male",26,"Yes","No",70,1,"No",2,2,1,"Occasional",12,95,"No",0,"Male",26,"Yes","No",70,1,"No",2,2,1,"Occasional",12,95,"No",0,9
"7083-MIOPC","Female",19,"No","No",72,1,"DSL",0,1,0,"Frequent",24,20.25,"No",1,"Female",19,"No","No",72,1,"DSL",0,1,0,"Occasional",24,20.25,"No",1,70
"7083-YNSKY","Female",19,"No","No",15,2,"No",0,1,0,"Occasional",1,25.4,"Yes",0,"Female",19,"No","No",15,2,"No",0,1,0,"Occasional",1,25.4,"Yes",0,NA
"7089-IVVAZ","Female",56,"No","No",8,2,"No",1,3,3,"Occasional",1,103.35,"Yes",0,"Female",56,"No","No",8,2,"No",1,3,3,"Occasional",1,103.35,"Yes",0,NA
"7089-RKVSZ","Male",44,"No","No",8,2,"5G",0,1,0,"Occasional",12,24.4,"No",0,"Male",44,"No","No",8,2,"5G",0,1,0,"Occasional",12,24.4,"No",0,13
"7089-XXAYG","Male",61,"No","No",25,1,"No",0,2,1,"Occasional",12,38.1,"No",0,"Male",61,"No","No",25,1,"No",0,2,1,"Occasional",12,38.1,"No",0,25
"7094-MSZAO","Male",20,"Yes","Yes",10,1,"No",0,1,0,"Occasional",1,20.05,"No",0,"Male",20,"Yes","Yes",10,1,"No",0,1,0,"Occasional",1,20.05,"No",0,24
"7096-ZNBZI","Female",51,"No","No",72,2,"No",0,1,0,"Occasional",24,26.45,"No",0,"Female",51,"No","No",72,2,"No",0,1,0,"Occasional",24,26.45,"No",0,31
"7100-FQPRV","Male",19,"Yes","Yes",43,2,"5G",1,3,2,"Occasional",12,71.9,"No",1,"Male",19,"Yes","Yes",43,2,"5G",1,3,2,"Occasional",12,71.9,"No",1,70
"7101-HRBLJ","Female",61,"Yes","Yes",72,1,"5G",3,3,3,"Occasional",24,83.7,"No",0,"Female",61,"Yes","Yes",72,1,"5G",3,3,3,"Occasional",24,83.7,"No",0,28
"7102-JJVTX","Female",28,"Yes","Yes",9,1,"DSL",1,2,0,"Frequent",12,48.6,"No",1,"Female",28,"Yes","Yes",9,1,"DSL",1,2,0,"Occasional",12,48.6,"No",1,42
"7103-IPXPJ","Male",23,"Yes","No",50,2,"Fiber optic",0,3,3,"Occasional",12,99.4,"No",0,"Male",23,"Yes","No",50,2,"Fiber optic",0,3,3,"Occasional",12,99.4,"No",0,21
"7103-ZGVNT","Female",42,"Yes","Yes",69,2,"DSL",3,3,1,"Occasional",12,73.7,"No",0,"Female",42,"Yes","Yes",69,2,"DSL",3,3,1,"Occasional",12,73.7,"No",0,32
"7105-BENQF","Male",32,"No","Yes",15,1,"DSL",1,2,2,"Occasional",12,64.85,"No",0,"Male",32,"No","Yes",15,1,"DSL",1,2,2,"Occasional",12,64.85,"No",0,26
"7108-DGVUU","Female",89,"Yes","No",21,2,"5G",2,2,2,"Occasional",12,71.7,"No",0,"Female",89,"Yes","No",21,2,"5G",2,2,2,"Occasional",12,71.7,"No",0,25
"7109-CQYUZ","Male",46,"No","No",52,1,"No",3,3,3,"Occasional",24,89.25,"No",0,"Male",46,"No","No",52,1,"No",3,3,3,"Occasional",24,89.25,"No",0,18
"7109-MFBYV","Male",21,"No","No",26,1,"DSL",0,2,0,"Occasional",1,45.45,"No",0,"Male",21,"No","No",26,1,"DSL",0,2,0,"Occasional",1,45.45,"No",0,39
"7110-BDTWG","Female",54,"Yes","No",71,0,"DSL",0,3,2,"Occasional",24,47.05,"No",0,"Female",54,"Yes","No",71,0,"DSL",0,3,2,"Occasional",24,47.05,"No",0,27
"7113-HIPFI","Male",55,"Yes","Yes",66,1,"DSL",3,3,0,"Occasional",24,65.85,"No",0,"Male",55,"Yes","Yes",66,1,"DSL",3,3,0,"Occasional",24,65.85,"No",0,41
"7114-AEOZE","Female",20,"No","No",60,1,"5G",0,1,0,"Occasional",24,19.85,"No",0,"Female",20,"No","No",60,1,"5G",0,1,0,"Occasional",24,19.85,"No",0,18
"7115-IRDHS","Female",40,"No","No",72,2,"5G",0,1,0,"Occasional",24,24.65,"No",0,"Female",40,"No","No",72,2,"5G",0,1,0,"Occasional",24,24.65,"No",0,2
"7120-RFMVS","Male",32,"No","No",1,1,"No",0,2,1,"Frequent",1,84.5,"Yes",0,"Male",32,"No","No",1,1,"No",0,2,1,"Frequent",1,84.5,"Yes",0,NA
"7123-WQUHX","Male",52,"No","No",38,2,"5G",0,3,1,"Occasional",12,95,"No",1,"Male",52,"No","No",38,2,"5G",0,3,1,"Occasional",12,95,"No",1,50
"7126-RBHSD","Female",48,"Yes","No",17,2,"5G",1,2,0,"Occasional",1,78.9,"No",0,"Female",48,"Yes","No",17,2,"5G",1,2,0,"Occasional",1,78.9,"No",0,19
"7128-GGCNO","Male",58,"No","No",46,2,"Fiber optic",0,2,0,"Occasional",1,72.8,"No",0,"Male",58,"No","No",46,2,"Fiber optic",0,2,0,"Occasional",1,72.8,"No",0,4
"7129-ACFOG","Female",39,"No","No",5,2,"5G",1,2,0,"Occasional",1,53.8,"No",0,"Female",39,"No","No",5,2,"5G",1,2,0,"Occasional",1,53.8,"No",0,38
"7129-AZJDE","Male",50,"Yes","Yes",34,1,"5G",0,2,2,"Occasional",12,78.95,"No",1,"Male",50,"Yes","Yes",34,1,"5G",0,2,2,"Occasional",12,78.95,"No",1,13
"7129-CAKJW","Female",57,"No","No",17,2,"Fiber optic",0,2,0,"Occasional",1,80.05,"No",0,"Female",57,"No","No",17,2,"Fiber optic",0,2,0,"Occasional",1,80.05,"No",0,33
"7130-CTCUS","Male",90,"Yes","No",16,1,"DSL",3,2,0,"Occasional",1,54.55,"No",0,"Male",90,"Yes","No",16,1,"DSL",3,2,0,"Occasional",1,54.55,"No",0,44
"7131-ZQZNK","Female",59,"Yes","Yes",60,0,"DSL",1,3,3,"Occasional",24,59.85,"No",1,"Female",59,"Yes","Yes",60,0,"DSL",1,3,3,"Occasional",24,59.85,"No",1,10
"7133-VBDCG","Female",46,"No","No",25,1,"DSL",3,2,0,"Occasional",1,79.85,"Yes",1,"Female",46,"No","No",25,1,"DSL",3,2,0,"Frequent",1,79.85,"Yes",1,NA
"7134-MJPDY","Female",75,"No","No",66,2,"5G",0,3,3,"Occasional",12,102.85,"No",1,"Female",75,"No","No",66,2,"5G",0,3,3,"Occasional",12,102.85,"No",1,42
"7136-RVDTZ","Male",65,"No","No",70,0,"DSL",0,2,3,"Frequent",12,45.25,"Yes",0,"Male",65,"No","No",70,0,"DSL",0,2,3,"Frequent",12,45.25,"Yes",0,NA
"7137-RYLPP","Male",67,"Yes","No",37,2,"Fiber optic",0,2,1,"Frequent",1,85.7,"Yes",0,"Male",67,"Yes","No",37,2,"Fiber optic",0,2,1,"Frequent",1,85.7,"Yes",0,NA
"7138-GIRSH","Male",53,"No","No",50,2,"5G",0,3,2,"Occasional",24,69.5,"No",1,"Male",53,"No","No",50,2,"5G",0,3,2,"Occasional",24,69.5,"No",1,32
"7139-JZFVG","Male",48,"Yes","Yes",60,1,"DSL",3,2,0,"Occasional",24,60.5,"No",0,"Male",48,"Yes","Yes",60,1,"DSL",3,2,0,"Occasional",24,60.5,"No",0,40
"7142-HVGBG","Male",70,"Yes","No",43,2,"Fiber optic",2,2,3,"Occasional",1,103,"Yes",0,"Male",70,"Yes","No",43,2,"Fiber optic",2,2,3,"Occasional",1,103,"Yes",0,NA
"7143-BQIBA","Male",47,"No","No",10,1,"DSL",1,3,1,"Occasional",1,62.25,"No",0,"Male",47,"No","No",10,1,"DSL",1,3,1,"Occasional",1,62.25,"No",0,22
"7145-FEJWU","Female",51,"No","Yes",12,2,"No",2,2,3,"Occasional",1,105.3,"No",0,"Female",51,"No","Yes",12,2,"No",2,2,3,"Occasional",1,105.3,"No",0,38
"7147-AYBAA","Male",59,"No","No",37,1,"5G",0,2,0,"Occasional",1,70.35,"No",0,"Male",59,"No","No",37,1,"5G",0,2,0,"Occasional",1,70.35,"No",0,44
"7156-MHUGY","Male",86,"No","No",13,1,"DSL",0,2,3,"Frequent",1,90.5,"Yes",0,"Male",86,"No","No",13,1,"DSL",0,2,3,"Frequent",1,90.5,"Yes",0,NA
"7156-MXBJE","Female",37,"No","No",43,2,"DSL",2,3,3,"Occasional",12,85.1,"No",1,"Female",37,"No","No",43,2,"DSL",2,3,3,"Occasional",12,85.1,"No",1,29
"7157-SMCFK","Male",22,"No","Yes",61,1,"5G",0,1,0,"Occasional",24,19.75,"No",1,"Male",22,"No","Yes",61,1,"5G",0,1,0,"Occasional",24,19.75,"No",1,61
"7159-FVYPK","Female",36,"Yes","Yes",3,2,"DSL",2,2,1,"Occasional",1,69.15,"No",0,"Female",36,"Yes","Yes",3,2,"DSL",2,2,1,"Occasional",1,69.15,"No",0,26
"7161-DFHUF","Female",21,"Yes","No",71,2,"No",0,1,0,"Occasional",24,23.85,"No",0,"Female",21,"Yes","No",71,2,"No",0,1,0,"Occasional",24,23.85,"No",0,3
"7162-WPHPM","Male",46,"Yes","Yes",58,2,"DSL",3,3,0,"Occasional",24,71.6,"No",0,"Male",46,"Yes","Yes",58,2,"DSL",3,3,0,"Occasional",24,71.6,"No",0,27
"7169-YWAMK","Male",48,"Yes","Yes",72,1,"DSL",3,3,1,"Occasional",24,68.4,"No",0,"Male",48,"Yes","Yes",72,1,"DSL",3,3,1,"Occasional",24,68.4,"No",0,25
"7173-TETGO","Female",75,"Yes","No",72,2,"Fiber optic",1,2,0,"Occasional",24,78.5,"No",0,"Female",75,"Yes","No",72,2,"Fiber optic",1,2,0,"Occasional",24,78.5,"No",0,9
"7175-NTIXE","Female",22,"No","No",25,1,"DSL",1,3,3,"Occasional",1,76.15,"No",0,"Female",22,"No","No",25,1,"DSL",1,3,3,"Occasional",1,76.15,"No",0,38
"7176-WIONM","Female",43,"Yes","No",12,0,"DSL",0,2,3,"Occasional",1,49.85,"No",0,"Female",43,"Yes","No",12,0,"DSL",0,2,3,"Occasional",1,49.85,"No",0,14
"7182-OVLBJ","Female",32,"Yes","Yes",62,2,"5G",1,2,3,"Occasional",24,101.15,"No",0,"Female",32,"Yes","Yes",62,2,"5G",1,2,3,"Occasional",24,101.15,"No",0,13
"7184-LRUUR","Female",53,"No","No",22,1,"DSL",2,2,1,"Occasional",12,65.25,"No",0,"Female",53,"No","No",22,1,"DSL",2,2,1,"Occasional",12,65.25,"No",0,21
"7188-CBBBA","Female",64,"No","No",65,2,"5G",2,2,1,"Occasional",12,95.5,"No",0,"Female",64,"No","No",65,2,"5G",2,2,1,"Occasional",12,95.5,"No",0,40
"7196-LIWRH","Female",21,"No","No",6,1,"No",0,1,0,"Occasional",24,19.55,"No",0,"Female",21,"No","No",6,1,"No",0,1,0,"Occasional",24,19.55,"No",0,2
"7197-VOJMM","Male",63,"No","No",67,1,"No",3,3,2,"Occasional",24,69.2,"No",0,"Male",63,"No","No",67,1,"No",3,3,2,"Occasional",24,69.2,"No",0,28
"7198-GLXTC","Male",54,"No","No",2,1,"5G",0,2,1,"Frequent",1,79,"Yes",0,"Male",54,"No","No",2,1,"5G",0,2,1,"Frequent",1,79,"Yes",0,NA
"7203-OYKCT","Male",59,"No","No",72,2,"Fiber optic",2,2,3,"Occasional",12,104.95,"No",0,"Male",59,"No","No",72,2,"Fiber optic",2,2,3,"Occasional",12,104.95,"No",0,27
"7207-RMRDB","Female",61,"Yes","Yes",65,2,"5G",2,2,3,"Occasional",1,105.5,"Yes",1,"Female",61,"Yes","Yes",65,2,"5G",2,2,3,"Frequent",1,105.5,"Yes",1,NA
"7209-JCUDS","Male",54,"No","No",10,1,"No",0,2,3,"Frequent",1,94.9,"Yes",0,"Male",54,"No","No",10,1,"No",0,2,3,"Frequent",1,94.9,"Yes",0,NA
"7216-EWTRS","Female",69,"Yes","No",1,2,"5G",0,2,3,"Frequent",1,100.8,"Yes",0,"Female",69,"Yes","No",1,2,"5G",0,2,3,"Frequent",1,100.8,"Yes",0,NA
"7216-KAOID","Male",20,"Yes","Yes",41,1,"No",0,1,0,"Occasional",12,19.5,"No",0,"Male",20,"Yes","Yes",41,1,"No",0,1,0,"Occasional",12,19.5,"No",0,23
"7218-HKQFK","Male",61,"Yes","No",2,1,"5G",0,3,3,"Occasional",1,94.2,"Yes",1,"Male",61,"Yes","No",2,1,"5G",0,3,3,"Occasional",1,94.2,"Yes",1,NA
"7219-TLZHO","Female",52,"No","No",4,1,"5G",0,1,0,"Occasional",1,20.85,"No",1,"Female",52,"No","No",4,1,"5G",0,1,0,"Occasional",1,20.85,"No",1,56
"7225-CBZPL","Male",78,"Yes","No",17,2,"Fiber optic",0,2,3,"Occasional",1,94.8,"No",0,"Male",78,"Yes","No",17,2,"Fiber optic",0,2,3,"Occasional",1,94.8,"No",0,39
"7225-IILWY","Male",42,"No","No",68,1,"No",0,1,0,"Occasional",24,25.75,"No",0,"Male",42,"No","No",68,1,"No",0,1,0,"Occasional",24,25.75,"No",0,40
"7228-OMTPN","Male",21,"No","No",4,1,"Fiber optic",0,2,3,"Frequent",1,88.45,"Yes",0,"Male",21,"No","No",4,1,"Fiber optic",0,2,3,"Frequent",1,88.45,"Yes",0,NA
"7228-PAQPD","Female",29,"No","No",14,1,"DSL",0,3,2,"Occasional",12,59.1,"No",0,"Female",29,"No","No",14,1,"DSL",0,3,2,"Occasional",12,59.1,"No",0,11
"7233-DRTRF","Male",19,"Yes","No",63,2,"Fiber optic",2,2,3,"Occasional",1,102.4,"No",0,"Male",19,"Yes","No",63,2,"Fiber optic",2,2,3,"Occasional",1,102.4,"No",0,34
"7233-PAHHL","Male",37,"Yes","Yes",66,2,"5G",1,3,3,"Occasional",24,84,"No",1,"Male",37,"Yes","Yes",66,2,"5G",1,3,3,"Occasional",24,84,"No",1,58
"7234-FECYN","Female",86,"No","No",8,2,"Fiber optic",0,2,3,"Frequent",1,101.35,"Yes",0,"Female",86,"No","No",8,2,"Fiber optic",0,2,3,"Occasional",1,101.35,"Yes",0,NA
"7235-NXZCP","Male",65,"No","No",2,2,"Fiber optic",0,2,0,"Frequent",1,74.85,"Yes",0,"Male",65,"No","No",2,2,"Fiber optic",0,2,0,"Occasional",1,74.85,"Yes",0,NA
"7239-HZZCX","Male",55,"No","No",1,1,"No",0,1,0,"Occasional",1,19.75,"Yes",0,"Male",55,"No","No",1,1,"No",0,1,0,"Occasional",1,19.75,"Yes",0,NA
"7240-ETPTR","Female",25,"Yes","No",9,0,"DSL",0,2,3,"Frequent",1,48.75,"Yes",0,"Female",25,"Yes","No",9,0,"DSL",0,2,3,"Occasional",1,48.75,"Yes",0,NA
"7240-FQLHE","Female",90,"Yes","No",18,2,"Fiber optic",0,3,3,"Occasional",1,99.75,"Yes",0,"Female",90,"Yes","No",18,2,"Fiber optic",0,3,3,"Occasional",1,99.75,"Yes",0,NA
"7241-AJHFS","Male",28,"No","No",32,2,"5G",1,3,0,"Occasional",1,87.65,"No",0,"Male",28,"No","No",32,2,"5G",1,3,0,"Occasional",1,87.65,"No",0,28
"7242-EDTYC","Male",19,"No","Yes",44,1,"No",0,1,0,"Occasional",24,19.55,"No",0,"Male",19,"No","Yes",44,1,"No",0,1,0,"Occasional",24,19.55,"No",0,11
"7244-KXYZN","Female",41,"No","No",24,1,"No",0,1,0,"Occasional",12,20.45,"No",0,"Female",41,"No","No",24,1,"No",0,1,0,"Occasional",12,20.45,"No",0,35
"7244-QWYHG","Male",25,"Yes","No",50,0,"DSL",1,3,1,"Occasional",12,44.45,"No",0,"Male",25,"Yes","No",50,0,"DSL",1,3,1,"Occasional",12,44.45,"No",0,22
"7246-ZGQDF","Female",53,"No","Yes",1,1,"DSL",1,3,0,"Occasional",1,54.5,"No",0,"Female",53,"No","Yes",1,1,"DSL",1,3,0,"Occasional",1,54.5,"No",0,44
"7248-VZQLC","Female",68,"No","No",47,2,"Fiber optic",2,2,0,"Frequent",1,85.2,"Yes",0,"Female",68,"No","No",47,2,"Fiber optic",2,2,0,"Occasional",1,85.2,"Yes",0,NA
"7251-LJBQN","Female",84,"No","No",40,2,"5G",0,3,3,"Occasional",12,103.75,"No",1,"Female",84,"No","No",40,2,"5G",0,3,3,"Occasional",12,103.75,"No",1,36
"7251-XFOIL","Female",41,"No","No",61,2,"Fiber optic",0,2,2,"Occasional",1,89.2,"No",0,"Female",41,"No","No",61,2,"Fiber optic",0,2,2,"Occasional",1,89.2,"No",0,22
"7253-UVNDW","Female",58,"No","No",46,1,"DSL",0,3,0,"Occasional",24,54.35,"Yes",0,"Female",58,"No","No",46,1,"DSL",0,3,0,"Occasional",24,54.35,"Yes",0,NA
"7255-SSFBC","Male",40,"Yes","Yes",72,2,"5G",2,3,3,"Occasional",24,112.25,"No",1,"Male",40,"Yes","Yes",72,2,"5G",2,3,3,"Occasional",24,112.25,"No",1,44
"7266-GSSJX","Male",21,"Yes","Yes",11,1,"5G",0,1,0,"Occasional",1,20.45,"No",0,"Male",21,"Yes","Yes",11,1,"5G",0,1,0,"Occasional",1,20.45,"No",0,34
"7267-FRMJW","Female",21,"Yes","Yes",25,1,"No",0,1,0,"Occasional",24,20.1,"No",0,"Female",21,"Yes","Yes",25,1,"No",0,1,0,"Occasional",24,20.1,"No",0,4
"7268-IGMFD","Male",73,"No","No",18,2,"5G",0,3,1,"Occasional",1,93.9,"No",0,"Male",73,"No","No",18,2,"5G",0,3,1,"Occasional",1,93.9,"No",0,7
"7268-WNTCP","Male",64,"No","No",62,1,"No",0,1,0,"Occasional",24,20.45,"No",0,"Male",64,"No","No",62,1,"No",0,1,0,"Occasional",24,20.45,"No",0,37
"7269-JISCY","Female",25,"No","No",55,1,"DSL",0,2,0,"Occasional",12,45.05,"No",0,"Female",25,"No","No",55,1,"DSL",0,2,0,"Occasional",12,45.05,"No",0,42
"7270-BDIOA","Female",41,"No","No",22,2,"Fiber optic",0,3,1,"Occasional",1,90,"Yes",0,"Female",41,"No","No",22,2,"Fiber optic",0,3,1,"Occasional",1,90,"Yes",0,NA
"7271-AJDTL","Female",46,"Yes","No",55,1,"No",2,2,1,"Occasional",1,94.45,"No",0,"Female",46,"Yes","No",55,1,"No",2,2,1,"Occasional",1,94.45,"No",0,4
"7273-TEFQD","Male",74,"No","No",3,0,"5G",0,2,2,"Frequent",1,41.15,"Yes",1,"Male",74,"No","No",3,0,"5G",0,2,2,"Frequent",1,41.15,"Yes",1,NA
"7274-CGTOD","Male",22,"No","No",62,1,"No",3,3,0,"Occasional",24,43.7,"No",0,"Male",22,"No","No",62,1,"No",3,3,0,"Occasional",24,43.7,"No",0,5
"7274-RTAPZ","Male",58,"No","No",1,1,"Fiber optic",0,2,3,"Frequent",1,90.55,"Yes",0,"Male",58,"No","No",1,1,"Fiber optic",0,2,3,"Frequent",1,90.55,"Yes",0,NA
"7277-KAMWT","Male",52,"No","No",13,1,"5G",0,1,0,"Occasional",24,20,"No",1,"Male",52,"No","No",13,1,"5G",0,1,0,"Occasional",24,20,"No",1,4
"7277-OZCGZ","Female",26,"No","No",22,1,"5G",1,3,2,"Occasional",1,89.05,"No",1,"Female",26,"No","No",22,1,"5G",1,3,2,"Occasional",1,89.05,"No",1,44
"7278-CKDNC","Male",67,"No","No",24,2,"Fiber optic",2,2,0,"Occasional",1,80.5,"No",0,"Male",67,"No","No",24,2,"Fiber optic",2,2,0,"Occasional",1,80.5,"No",0,25
"7279-BUYWN","Female",80,"No","No",41,2,"5G",3,2,3,"Frequent",1,113.2,"Yes",0,"Female",80,"No","No",41,2,"5G",3,2,3,"Frequent",1,113.2,"Yes",0,NA
"7279-NMVJC","Female",59,"No","No",17,1,"5G",0,1,0,"Occasional",12,19.9,"No",0,"Female",59,"No","No",17,1,"5G",0,1,0,"Occasional",12,19.9,"No",0,11
"7284-ZZLOH","Male",25,"Yes","No",45,1,"No",1,2,0,"Occasional",24,53.3,"No",0,"Male",25,"Yes","No",45,1,"No",1,2,0,"Occasional",24,53.3,"No",0,39
"7285-KLOTR","Female",46,"Yes","No",12,1,"No",1,2,3,"Occasional",12,78.85,"No",0,"Female",46,"Yes","No",12,1,"No",1,2,3,"Occasional",12,78.85,"No",0,18
"7293-LSCDV","Female",63,"No","No",60,1,"5G",0,1,0,"Occasional",24,19.25,"No",1,"Female",63,"No","No",60,1,"5G",0,1,0,"Occasional",24,19.25,"No",1,32
"7294-TMAOP","Female",45,"No","No",1,1,"5G",0,2,3,"Occasional",1,90.55,"Yes",1,"Female",45,"No","No",1,1,"5G",0,2,3,"Frequent",1,90.55,"Yes",1,NA
"7295-JOMMD","Female",24,"No","Yes",4,1,"No",0,3,3,"Occasional",1,98.1,"Yes",0,"Female",24,"No","Yes",4,1,"No",0,3,3,"Occasional",1,98.1,"Yes",0,NA
"7296-PIXQY","Female",40,"Yes","Yes",14,1,"5G",0,2,0,"Occasional",1,70.2,"No",0,"Female",40,"Yes","Yes",14,1,"5G",0,2,0,"Occasional",1,70.2,"No",0,29
"7298-IZWLY","Female",22,"No","No",1,1,"No",0,1,0,"Occasional",1,19.4,"No",0,"Female",22,"No","No",1,1,"No",0,1,0,"Occasional",1,19.4,"No",0,37
"7301-ABVAD","Female",35,"No","No",72,2,"5G",2,3,3,"Occasional",24,86.6,"No",1,"Female",35,"No","No",72,2,"5G",2,3,3,"Occasional",24,86.6,"No",1,45
"7302-ZHMHP","Female",21,"No","No",1,1,"5G",0,1,0,"Occasional",1,19.15,"No",1,"Female",21,"No","No",1,1,"5G",0,1,0,"Occasional",1,19.15,"No",1,38
"7306-YDSOI","Male",58,"Yes","Yes",69,1,"DSL",3,2,0,"Occasional",24,59.75,"No",0,"Male",58,"Yes","Yes",69,1,"DSL",3,2,0,"Occasional",24,59.75,"No",0,41
"7310-EGVHZ","Male",20,"No","No",1,1,"5G",0,1,0,"Occasional",1,20.2,"No",1,"Male",20,"No","No",1,1,"5G",0,1,0,"Occasional",1,20.2,"No",1,45
"7311-MQJCH","Female",19,"No","No",5,1,"5G",0,1,0,"Occasional",12,19.55,"No",0,"Female",19,"No","No",5,1,"5G",0,1,0,"Occasional",12,19.55,"No",0,8
"7312-XSBAT","Male",59,"No","No",1,1,"DSL",1,2,0,"Occasional",1,49.75,"No",0,"Male",59,"No","No",1,1,"DSL",1,2,0,"Occasional",1,49.75,"No",0,34
"7314-OXENN","Male",34,"No","No",2,2,"5G",2,2,0,"Occasional",1,82,"Yes",1,"Male",34,"No","No",2,2,"5G",2,2,0,"Frequent",1,82,"Yes",1,NA
"7317-GGVPB","Male",27,"Yes","No",71,1,"No",2,3,3,"Occasional",24,108.6,"Yes",0,"Male",27,"Yes","No",71,1,"No",2,3,3,"Occasional",24,108.6,"Yes",0,NA
"7318-EIVKO","Male",44,"No","No",8,2,"5G",0,2,1,"Occasional",1,59.25,"No",0,"Male",44,"No","No",8,2,"5G",0,2,1,"Occasional",1,59.25,"No",0,39
"7319-VENRZ","Male",40,"No","No",7,1,"5G",0,3,1,"Occasional",1,64.3,"No",1,"Male",40,"No","No",7,1,"5G",0,3,1,"Occasional",1,64.3,"No",1,31
"7319-ZNRTR","Male",20,"Yes","Yes",25,1,"No",0,1,0,"Occasional",12,19.6,"No",0,"Male",20,"Yes","Yes",25,1,"No",0,1,0,"Occasional",12,19.6,"No",0,22
"7321-KKSDU","Male",41,"No","No",32,1,"5G",0,1,0,"Occasional",24,20.5,"No",0,"Male",41,"No","No",32,1,"5G",0,1,0,"Occasional",24,20.5,"No",0,33
"7321-ZNSLA","Male",36,"Yes","Yes",13,0,"DSL",3,3,0,"Occasional",24,40.55,"No",0,"Male",36,"Yes","Yes",13,0,"DSL",3,3,0,"Occasional",24,40.55,"No",0,34
"7325-ENZFI","Female",48,"No","No",39,0,"DSL",3,3,0,"Occasional",12,40.3,"No",0,"Female",48,"No","No",39,0,"DSL",3,3,0,"Occasional",12,40.3,"No",0,9
"7326-RIGQZ","Male",57,"Yes","Yes",6,1,"Fiber optic",0,2,0,"Occasional",1,69.8,"No",0,"Male",57,"Yes","Yes",6,1,"Fiber optic",0,2,0,"Occasional",1,69.8,"No",0,29
"7328-OWMOM","Female",61,"No","No",31,1,"5G",0,1,0,"Occasional",12,20.1,"No",0,"Female",61,"No","No",31,1,"5G",0,1,0,"Occasional",12,20.1,"No",0,21
"7328-ZJAJO","Female",39,"No","No",59,1,"No",0,1,0,"Occasional",24,19.5,"No",0,"Female",39,"No","No",59,1,"No",0,1,0,"Occasional",24,19.5,"No",0,25
"7330-WZLNC","Female",37,"No","No",5,2,"Fiber optic",2,2,1,"Occasional",1,90.8,"Yes",0,"Female",37,"No","No",5,2,"Fiber optic",2,2,1,"Frequent",1,90.8,"Yes",0,NA
"7336-RLLRH","Male",27,"Yes","No",27,2,"5G",1,3,3,"Occasional",12,80.85,"No",0,"Male",27,"Yes","No",27,2,"5G",1,3,3,"Occasional",12,80.85,"No",0,0
"7338-ERIVA","Male",22,"No","Yes",39,0,"5G",1,3,1,"Occasional",12,45.05,"No",0,"Male",22,"No","Yes",39,0,"5G",1,3,1,"Occasional",12,45.05,"No",0,33
"7340-KEFQE","Female",21,"Yes","Yes",51,0,"DSL",1,3,0,"Occasional",24,34.2,"No",0,"Female",21,"Yes","Yes",51,0,"DSL",1,3,0,"Occasional",24,34.2,"No",0,34
"7341-LXCAF","Male",26,"Yes","No",4,1,"No",0,2,0,"Frequent",1,74.65,"Yes",0,"Male",26,"Yes","No",4,1,"No",0,2,0,"Frequent",1,74.65,"Yes",0,NA
"7343-EOBEU","Male",50,"No","No",3,2,"5G",0,1,0,"Occasional",1,23.6,"No",1,"Male",50,"No","No",3,2,"5G",0,1,0,"Occasional",1,23.6,"No",1,36
"7349-ALMUX","Male",31,"No","No",37,1,"DSL",3,3,0,"Occasional",24,65.6,"No",0,"Male",31,"No","No",37,1,"DSL",3,3,0,"Occasional",24,65.6,"No",0,27
"7351-KYHQH","Female",77,"No","No",7,1,"DSL",2,2,1,"Occasional",1,64.95,"No",0,"Female",77,"No","No",7,1,"DSL",2,2,1,"Occasional",1,64.95,"No",0,38
"7353-YOWFP","Female",21,"No","No",7,1,"No",0,1,0,"Occasional",12,20.25,"No",0,"Female",21,"No","No",7,1,"No",0,1,0,"Occasional",12,20.25,"No",0,12
"7354-OIJLX","Male",54,"No","No",9,2,"Fiber optic",0,2,0,"Occasional",1,75.85,"No",0,"Male",54,"No","No",9,2,"Fiber optic",0,2,0,"Occasional",1,75.85,"No",0,44
"7356-AYNJP","Female",38,"No","No",4,2,"No",0,1,0,"Occasional",12,23.9,"No",0,"Female",38,"No","No",4,2,"No",0,1,0,"Occasional",12,23.9,"No",0,32
"7356-IWLFW","Male",25,"Yes","Yes",46,2,"Fiber optic",2,2,0,"Occasional",1,80,"No",0,"Male",25,"Yes","Yes",46,2,"Fiber optic",2,2,0,"Occasional",1,80,"No",0,30
"7359-SSBJK","Female",72,"No","No",64,1,"DSL",3,3,1,"Occasional",24,70.2,"Yes",0,"Female",72,"No","No",64,1,"DSL",3,3,1,"Occasional",24,70.2,"Yes",0,NA
"7361-YPXFS","Female",78,"No","No",28,2,"5G",2,3,0,"Occasional",1,64.45,"No",0,"Female",78,"No","No",28,2,"5G",2,3,0,"Occasional",1,64.45,"No",0,16
"7363-QTBIW","Female",33,"Yes","No",9,1,"5G",0,2,2,"Occasional",1,79.75,"No",0,"Female",33,"Yes","No",9,1,"5G",0,2,2,"Occasional",1,79.75,"No",0,36
"7365-BVCJH","Male",50,"No","No",1,2,"No",0,2,0,"Occasional",1,24.4,"No",0,"Male",50,"No","No",1,2,"No",0,2,0,"Occasional",1,24.4,"No",0,42
"7369-TRPFD","Male",20,"No","No",19,1,"DSL",0,1,0,"Occasional",12,18.8,"No",0,"Male",20,"No","No",19,1,"DSL",0,1,0,"Occasional",12,18.8,"No",0,41
"7379-FNIUJ","Male",29,"No","No",2,1,"Fiber optic",3,2,3,"Occasional",1,100.2,"No",0,"Male",29,"No","No",2,1,"Fiber optic",3,2,3,"Occasional",1,100.2,"No",0,20
"7379-POKDZ","Male",62,"Yes","No",3,1,"5G",0,2,0,"Occasional",1,70.3,"Yes",1,"Male",62,"Yes","No",3,1,"5G",0,2,0,"Frequent",1,70.3,"Yes",1,NA
"7382-DFJTU","Male",20,"No","No",18,1,"DSL",0,3,0,"Occasional",1,55.2,"No",1,"Male",20,"No","No",18,1,"DSL",0,3,0,"Occasional",1,55.2,"No",1,10
"7384-GHBPI","Male",21,"Yes","No",3,0,"DSL",0,2,2,"Frequent",1,35.15,"Yes",0,"Male",21,"Yes","No",3,0,"DSL",0,2,2,"Occasional",1,35.15,"Yes",0,NA
"7392-YYPYJ","Male",22,"No","No",22,2,"Fiber optic",2,2,3,"Occasional",1,100.65,"No",0,"Male",22,"No","No",22,2,"Fiber optic",2,2,3,"Occasional",1,100.65,"No",0,40
"7394-FKDNK","Female",31,"Yes","No",9,1,"Fiber optic",0,2,3,"Frequent",1,89.45,"Yes",0,"Female",31,"Yes","No",9,1,"Fiber optic",0,2,3,"Frequent",1,89.45,"Yes",0,NA
"7394-LWLYN","Female",31,"No","No",2,1,"Fiber optic",0,2,0,"Occasional",1,70.15,"No",0,"Female",31,"No","No",2,1,"Fiber optic",0,2,0,"Occasional",1,70.15,"No",0,26
"7395-IGJOS","Male",75,"Yes","No",17,1,"DSL",0,2,2,"Frequent",1,81.5,"Yes",0,"Male",75,"Yes","No",17,1,"DSL",0,2,2,"Frequent",1,81.5,"Yes",0,NA
"7395-XWZOY","Male",38,"No","No",20,0,"DSL",3,3,1,"Occasional",1,55,"No",0,"Male",38,"No","No",20,0,"DSL",3,3,1,"Occasional",1,55,"No",0,8
"7396-VJUZB","Male",61,"Yes","Yes",4,1,"DSL",0,2,0,"Occasional",1,45.25,"No",0,"Male",61,"Yes","Yes",4,1,"DSL",0,2,0,"Occasional",1,45.25,"No",0,14
"7398-HPYZQ","Male",55,"Yes","No",71,2,"DSL",3,3,3,"Occasional",24,90.55,"No",0,"Male",55,"Yes","No",71,2,"DSL",3,3,3,"Occasional",24,90.55,"No",0,21
"7398-LXGYX","Male",39,"Yes","No",44,2,"Fiber optic",1,2,0,"Occasional",1,84.8,"No",0,"Male",39,"Yes","No",44,2,"Fiber optic",1,2,0,"Occasional",1,84.8,"No",0,10
"7398-SKNQZ","Female",40,"No","No",3,2,"5G",0,2,3,"Occasional",1,94.9,"No",0,"Female",40,"No","No",3,2,"5G",0,2,3,"Occasional",1,94.9,"No",0,8
"7402-EYFXX","Male",67,"No","No",26,2,"Fiber optic",0,2,3,"Occasional",1,93.6,"No",0,"Male",67,"No","No",26,2,"Fiber optic",0,2,3,"Occasional",1,93.6,"No",0,22
"7402-PWYJJ","Female",60,"Yes","No",53,2,"Fiber optic",0,3,2,"Occasional",12,91.15,"No",0,"Female",60,"Yes","No",53,2,"Fiber optic",0,3,2,"Occasional",12,91.15,"No",0,10
"7404-JLKQG","Female",21,"No","No",3,1,"DSL",0,2,1,"Occasional",1,57.55,"No",0,"Female",21,"No","No",3,1,"DSL",0,2,1,"Occasional",1,57.55,"No",0,37
"7407-SUJIZ","Male",22,"No","No",25,1,"No",0,1,0,"Occasional",1,20.6,"No",0,"Male",22,"No","No",25,1,"No",0,1,0,"Occasional",1,20.6,"No",0,38
"7408-OFWXJ","Female",27,"Yes","Yes",72,2,"5G",3,3,3,"Occasional",24,89.8,"No",1,"Female",27,"Yes","Yes",72,2,"5G",3,3,3,"Occasional",24,89.8,"No",1,0
"7409-JURKQ","Female",55,"Yes","No",53,2,"5G",2,3,3,"Occasional",12,111.8,"No",0,"Female",55,"Yes","No",53,2,"5G",2,3,3,"Occasional",12,111.8,"No",0,22
"7410-KTVFV","Male",28,"Yes","No",18,1,"No",0,2,0,"Frequent",1,49.55,"Yes",0,"Male",28,"Yes","No",18,1,"No",0,2,0,"Frequent",1,49.55,"Yes",0,NA
"7410-OIEDU","Male",53,"No","No",10,1,"5G",1,2,0,"Occasional",1,79.85,"No",1,"Male",53,"No","No",10,1,"5G",1,2,0,"Occasional",1,79.85,"No",1,63
"7416-CKTEP","Female",22,"Yes","No",57,1,"5G",0,1,0,"Occasional",24,19.6,"No",0,"Female",22,"Yes","No",57,1,"5G",0,1,0,"Occasional",24,19.6,"No",0,17
"7421-ZLUPA","Female",46,"No","No",8,0,"DSL",2,2,0,"Occasional",1,29.25,"No",0,"Female",46,"No","No",8,0,"DSL",2,2,0,"Occasional",1,29.25,"No",0,10
"7422-WNBTY","Male",33,"Yes","No",33,2,"5G",2,2,2,"Occasional",1,93.35,"No",0,"Male",33,"Yes","No",33,2,"5G",2,2,2,"Occasional",1,93.35,"No",0,40
"7426-GSWPO","Male",74,"No","No",64,2,"Fiber optic",3,2,3,"Occasional",1,103.5,"No",0,"Male",74,"No","No",64,2,"Fiber optic",3,2,3,"Occasional",1,103.5,"No",0,38
"7426-RHZGU","Male",24,"No","No",9,1,"5G",0,3,3,"Occasional",1,95.9,"No",0,"Male",24,"No","No",9,1,"5G",0,3,3,"Occasional",1,95.9,"No",0,19
"7426-WEIJX","Male",74,"Yes","Yes",60,2,"DSL",1,2,0,"Occasional",1,80.95,"No",0,"Male",74,"Yes","Yes",60,2,"DSL",1,2,0,"Occasional",1,80.95,"No",0,40
"7427-AUFPY","Male",60,"No","No",54,1,"DSL",0,1,0,"Occasional",24,19.65,"No",0,"Male",60,"No","No",54,1,"DSL",0,1,0,"Occasional",24,19.65,"No",0,18
"7432-FFVAR","Female",37,"Yes","Yes",46,1,"Fiber optic",0,3,2,"Occasional",12,90.95,"No",0,"Female",37,"Yes","Yes",46,1,"Fiber optic",0,3,2,"Occasional",12,90.95,"No",0,28
"7434-SHXLS","Female",22,"No","No",1,1,"No",0,1,0,"Occasional",1,20.9,"Yes",0,"Female",22,"No","No",1,1,"No",0,1,0,"Occasional",1,20.9,"Yes",0,NA
"7435-ZNUYY","Male",57,"No","No",6,1,"No",0,1,0,"Occasional",12,20.6,"No",0,"Male",57,"No","No",6,1,"No",0,1,0,"Occasional",12,20.6,"No",0,41
"7442-YGZFK","Male",40,"No","No",1,2,"5G",0,2,0,"Occasional",1,49.8,"No",0,"Male",40,"No","No",1,2,"5G",0,2,0,"Occasional",1,49.8,"No",0,42
"7446-KQISO","Male",62,"Yes","Yes",45,2,"Fiber optic",2,3,3,"Occasional",24,109.75,"No",0,"Male",62,"Yes","Yes",45,2,"Fiber optic",2,3,3,"Occasional",24,109.75,"No",0,14
"7446-SFAOA","Female",35,"No","No",37,1,"DSL",0,1,0,"Occasional",12,19.85,"No",0,"Female",35,"No","No",37,1,"DSL",0,1,0,"Occasional",12,19.85,"No",0,31
"7446-YPODE","Male",90,"No","No",11,2,"DSL",3,2,0,"Occasional",1,60.25,"No",0,"Male",90,"No","No",11,2,"DSL",3,2,0,"Occasional",1,60.25,"No",0,31
"7449-HVPIV","Male",54,"Yes","Yes",55,2,"DSL",0,2,1,"Occasional",1,90.4,"No",0,"Male",54,"Yes","Yes",55,2,"DSL",0,2,1,"Occasional",1,90.4,"No",0,10
"7459-IMVYU","Male",39,"No","No",38,2,"5G",3,3,0,"Occasional",1,69.95,"No",0,"Male",39,"No","No",38,2,"5G",3,3,0,"Occasional",1,69.95,"No",0,35
"7460-ITWWP","Female",90,"Yes","No",45,1,"5G",0,2,2,"Occasional",1,86.1,"No",0,"Female",90,"Yes","No",45,1,"5G",0,2,2,"Occasional",1,86.1,"No",0,6
"7463-IFMQU","Female",59,"No","No",72,1,"No",0,1,0,"Occasional",24,20.05,"No",0,"Female",59,"No","No",72,1,"No",0,1,0,"Occasional",24,20.05,"No",0,24
"7469-LKBCI","Male",21,"No","No",16,1,"5G",0,1,0,"Occasional",24,18.95,"No",1,"Male",21,"No","No",16,1,"5G",0,1,0,"Occasional",24,18.95,"No",1,64
"7470-DYNOE","Male",55,"No","No",53,1,"DSL",0,2,2,"Occasional",12,61.1,"No",0,"Male",55,"No","No",53,1,"DSL",0,2,2,"Occasional",12,61.1,"No",0,20
"7471-WNSUF","Male",65,"No","No",60,2,"5G",0,1,0,"Occasional",12,24.15,"No",1,"Male",65,"No","No",60,2,"5G",0,1,0,"Occasional",12,24.15,"No",1,0
"7472-EQOAV","Male",80,"Yes","Yes",71,1,"Fiber optic",3,2,0,"Occasional",12,86.7,"No",0,"Male",80,"Yes","Yes",71,1,"Fiber optic",3,2,0,"Occasional",12,86.7,"No",0,16
"7479-NITWS","Male",43,"No","No",7,2,"Fiber optic",0,2,1,"Occasional",1,89.35,"Yes",0,"Male",43,"No","No",7,2,"Fiber optic",0,2,1,"Frequent",1,89.35,"Yes",0,NA
"7480-QNVZJ","Male",82,"No","No",50,2,"Fiber optic",0,2,3,"Frequent",1,95.7,"Yes",0,"Male",82,"No","No",50,2,"Fiber optic",0,2,3,"Frequent",1,95.7,"Yes",0,NA
"7481-ATQQS","Female",86,"No","No",49,2,"Fiber optic",0,2,2,"Frequent",1,90.85,"Yes",0,"Female",86,"No","No",49,2,"Fiber optic",0,2,2,"Frequent",1,90.85,"Yes",0,NA
"7486-KSRVI","Male",56,"No","No",43,2,"Fiber optic",0,3,3,"Occasional",12,100,"Yes",0,"Male",56,"No","No",43,2,"Fiber optic",0,3,3,"Occasional",12,100,"Yes",0,NA
"7488-MXJIV","Female",33,"No","No",4,2,"DSL",0,2,1,"Frequent",1,85.65,"Yes",0,"Female",33,"No","No",4,2,"DSL",0,2,1,"Frequent",1,85.65,"Yes",0,NA
"7492-TAFJD","Male",56,"No","No",7,0,"5G",3,2,0,"Occasional",24,38.55,"No",0,"Male",56,"No","No",7,0,"5G",3,2,0,"Occasional",24,38.55,"No",0,23
"7495-OOKFY","Female",67,"Yes","No",8,2,"5G",2,2,0,"Frequent",1,80.65,"Yes",1,"Female",67,"Yes","No",8,2,"5G",2,2,0,"Frequent",1,80.65,"Yes",1,NA
"7501-IWUNG","Female",63,"No","No",61,1,"5G",0,3,3,"Occasional",24,73.8,"No",1,"Female",63,"No","No",61,1,"5G",0,3,3,"Occasional",24,73.8,"No",1,27
"7502-BNYGS","Female",20,"Yes","No",46,1,"DSL",2,2,3,"Occasional",1,69.1,"No",0,"Female",20,"Yes","No",46,1,"DSL",2,2,3,"Occasional",1,69.1,"No",0,15
"7503-EPSZW","Female",52,"No","No",64,2,"No",0,1,0,"Occasional",24,24.05,"No",0,"Female",52,"No","No",64,2,"No",0,1,0,"Occasional",24,24.05,"No",0,2
"7503-MIOGA","Female",72,"Yes","No",72,2,"5G",3,3,3,"Occasional",24,89.85,"No",1,"Female",72,"Yes","No",72,2,"5G",3,3,3,"Occasional",24,89.85,"No",1,28
"7503-QQRVF","Male",87,"Yes","No",16,1,"No",2,2,0,"Frequent",1,74.3,"Yes",0,"Male",87,"Yes","No",16,1,"No",2,2,0,"Frequent",1,74.3,"Yes",0,NA
"7503-ZGUZJ","Male",52,"No","No",1,2,"Fiber optic",0,2,1,"Occasional",1,84.65,"Yes",0,"Male",52,"No","No",1,2,"Fiber optic",0,2,1,"Frequent",1,84.65,"Yes",0,NA
"7508-DQAKK","Female",19,"No","No",64,2,"DSL",3,3,3,"Occasional",24,86.4,"No",0,"Female",19,"No","No",64,2,"DSL",3,3,3,"Occasional",24,86.4,"No",0,3
"7508-KBIMB","Male",23,"Yes","Yes",24,1,"DSL",1,2,0,"Occasional",12,56.25,"No",0,"Male",23,"Yes","Yes",24,1,"DSL",1,2,0,"Occasional",12,56.25,"No",0,26
"7508-MYBOG","Male",47,"Yes","No",14,2,"No",0,2,1,"Frequent",1,86.1,"Yes",0,"Male",47,"Yes","No",14,2,"No",0,2,1,"Frequent",1,86.1,"Yes",0,NA
"7508-SMHXL","Female",84,"No","No",15,2,"DSL",2,2,1,"Occasional",1,89,"No",1,"Female",84,"No","No",15,2,"DSL",2,2,1,"Occasional",1,89,"No",1,41
"7511-YMXVQ","Male",43,"No","No",9,0,"5G",0,2,3,"Frequent",1,45.4,"Yes",0,"Male",43,"No","No",9,0,"5G",0,2,3,"Frequent",1,45.4,"Yes",0,NA
"7515-LODFU","Male",57,"No","No",69,1,"No",0,1,0,"Occasional",24,20.3,"No",0,"Male",57,"No","No",69,1,"No",0,1,0,"Occasional",24,20.3,"No",0,5
"7516-GMHUV","Male",65,"Yes","No",50,1,"No",1,2,3,"Occasional",24,105.05,"No",0,"Male",65,"Yes","No",50,1,"No",1,2,3,"Occasional",24,105.05,"No",0,17
"7517-LDMPS","Female",55,"No","No",12,1,"No",2,2,2,"Occasional",1,84.6,"No",0,"Female",55,"No","No",12,1,"No",2,2,2,"Occasional",1,84.6,"No",0,30
"7517-SAWMO","Female",33,"Yes","No",19,1,"5G",1,2,0,"Frequent",1,73.2,"Yes",0,"Female",33,"Yes","No",19,1,"5G",1,2,0,"Frequent",1,73.2,"Yes",0,NA
"7519-JTWQH","Female",62,"No","No",69,2,"DSL",2,3,3,"Occasional",24,110.5,"No",0,"Female",62,"No","No",69,2,"DSL",2,3,3,"Occasional",24,110.5,"No",0,16
"7520-HQWJU","Female",51,"Yes","Yes",66,2,"5G",3,2,0,"Occasional",1,67.45,"No",1,"Female",51,"Yes","Yes",66,2,"5G",3,2,0,"Occasional",1,67.45,"No",1,36
"7521-AFHAB","Female",62,"No","No",5,1,"5G",0,2,0,"Occasional",1,44.8,"No",1,"Female",62,"No","No",5,1,"5G",0,2,0,"Occasional",1,44.8,"No",1,43
"7521-YXVZY","Male",19,"No","Yes",3,1,"5G",0,1,0,"Occasional",1,19.95,"No",0,"Male",19,"No","Yes",3,1,"5G",0,1,0,"Occasional",1,19.95,"No",0,44
"7524-VRLPL","Male",85,"No","No",69,2,"DSL",1,3,2,"Occasional",24,74.1,"No",0,"Male",85,"No","No",69,2,"DSL",1,3,2,"Occasional",24,74.1,"No",0,33
"7526-BEZQB","Male",61,"No","No",12,1,"No",0,2,3,"Frequent",1,96.05,"Yes",0,"Male",61,"No","No",12,1,"No",0,2,3,"Frequent",1,96.05,"Yes",0,NA
"7526-IVLYU","Male",57,"No","No",3,1,"No",0,1,0,"Occasional",1,19.65,"No",0,"Male",57,"No","No",3,1,"No",0,1,0,"Occasional",1,19.65,"No",0,40
"7527-QNRUS","Male",59,"No","No",17,2,"No",0,1,0,"Occasional",24,25.15,"No",0,"Male",59,"No","No",17,2,"No",0,1,0,"Occasional",24,25.15,"No",0,2
"7529-ZDFXI","Male",89,"Yes","No",57,2,"5G",2,2,2,"Occasional",1,89.85,"No",1,"Male",89,"Yes","No",57,2,"5G",2,2,2,"Occasional",1,89.85,"No",1,59
"7531-GQHME","Male",59,"No","No",12,1,"5G",0,1,0,"Occasional",1,20.05,"No",1,"Male",59,"No","No",12,1,"5G",0,1,0,"Occasional",1,20.05,"No",1,0
"7534-BFESC","Male",90,"No","No",24,2,"5G",0,2,0,"Occasional",1,76.1,"Yes",1,"Male",90,"No","No",24,2,"5G",0,2,0,"Frequent",1,76.1,"Yes",1,NA
"7537-CBQUZ","Male",78,"No","No",63,2,"Fiber optic",3,2,3,"Occasional",1,109.4,"No",0,"Male",78,"No","No",63,2,"Fiber optic",3,2,3,"Occasional",1,109.4,"No",0,31
"7537-RBWEA","Female",19,"No","No",1,0,"DSL",0,2,0,"Occasional",1,25.15,"No",0,"Female",19,"No","No",1,0,"DSL",0,2,0,"Occasional",1,25.15,"No",0,26
"7538-GWHML","Female",33,"No","No",2,1,"5G",0,2,0,"Occasional",1,69.65,"Yes",1,"Female",33,"No","No",2,1,"5G",0,2,0,"Frequent",1,69.65,"Yes",1,NA
"7541-YLXCL","Male",22,"No","No",36,1,"DSL",2,3,2,"Occasional",12,65.4,"Yes",0,"Male",22,"No","No",36,1,"DSL",2,3,2,"Occasional",12,65.4,"Yes",0,NA
"7542-CYDDM","Male",19,"No","No",18,1,"No",0,1,0,"Occasional",1,20.05,"No",0,"Male",19,"No","No",18,1,"No",0,1,0,"Occasional",1,20.05,"No",0,38
"7547-EKNFS","Male",19,"Yes","No",42,2,"Fiber optic",2,2,1,"Frequent",1,95.25,"Yes",0,"Male",19,"Yes","No",42,2,"Fiber optic",2,2,1,"Occasional",1,95.25,"Yes",0,NA
"7548-SEPYI","Female",45,"No","No",5,1,"5G",2,2,3,"Frequent",1,96.25,"Yes",0,"Female",45,"No","No",5,1,"5G",2,2,3,"Frequent",1,96.25,"Yes",0,NA
"7549-MYGPK","Female",20,"Yes","Yes",63,2,"5G",3,2,1,"Occasional",1,100.55,"Yes",1,"Female",20,"Yes","Yes",63,2,"5G",3,2,1,"Frequent",1,100.55,"Yes",1,NA
"7551-DACSP","Male",37,"Yes","Yes",6,1,"DSL",2,2,0,"Frequent",1,55.3,"Yes",0,"Male",37,"Yes","Yes",6,1,"DSL",2,2,0,"Occasional",1,55.3,"Yes",0,NA
"7551-JOHTI","Female",52,"No","No",1,1,"5G",0,1,0,"Occasional",1,19.5,"Yes",0,"Female",52,"No","No",1,1,"5G",0,1,0,"Occasional",1,19.5,"Yes",0,NA
"7554-NEWDD","Male",56,"No","No",10,2,"5G",0,1,0,"Occasional",24,25.7,"No",1,"Male",56,"No","No",10,2,"5G",0,1,0,"Occasional",24,25.7,"No",1,68
"7560-QRBXH","Female",19,"No","Yes",48,1,"5G",0,1,0,"Occasional",12,19.95,"No",0,"Female",19,"No","Yes",48,1,"5G",0,1,0,"Occasional",12,19.95,"No",0,12
"7562-UXTPG","Female",51,"No","No",13,1,"Fiber optic",0,2,0,"Occasional",1,70.15,"No",0,"Female",51,"No","No",13,1,"Fiber optic",0,2,0,"Occasional",1,70.15,"No",0,3
"7563-BIUPC","Male",38,"No","No",5,1,"5G",0,2,1,"Frequent",1,80.6,"Yes",1,"Male",38,"No","No",5,1,"5G",0,2,1,"Frequent",1,80.6,"Yes",1,NA
"7564-GHCVB","Female",36,"Yes","Yes",72,2,"5G",1,2,0,"Occasional",24,79.05,"No",1,"Female",36,"Yes","Yes",72,2,"5G",1,2,0,"Occasional",24,79.05,"No",1,27
"7567-ECMCM","Male",63,"No","No",24,1,"DSL",0,2,2,"Occasional",1,79.85,"No",1,"Male",63,"No","No",24,1,"DSL",0,2,2,"Occasional",1,79.85,"No",1,4
"7568-PODML","Male",54,"No","No",1,0,"DSL",0,2,3,"Frequent",1,45.3,"Yes",0,"Male",54,"No","No",1,0,"DSL",0,2,3,"Occasional",1,45.3,"Yes",0,NA
"7569-NMZYQ","Female",23,"Yes","Yes",72,2,"Fiber optic",3,3,3,"Occasional",24,118.75,"No",0,"Female",23,"Yes","Yes",72,2,"Fiber optic",3,3,3,"Occasional",24,118.75,"No",0,16
"7571-YXDAD","Female",51,"No","No",2,2,"Fiber optic",0,2,0,"Frequent",1,74.9,"Yes",0,"Female",51,"No","No",2,2,"Fiber optic",0,2,0,"Frequent",1,74.9,"Yes",0,NA
"7576-ASEJU","Female",44,"Yes","Yes",41,1,"5G",1,3,3,"Occasional",12,74.7,"No",1,"Female",44,"Yes","Yes",41,1,"5G",1,3,3,"Occasional",12,74.7,"No",1,55
"7576-JMYWV","Female",67,"Yes","Yes",46,2,"Fiber optic",3,3,3,"Occasional",1,110.2,"No",0,"Female",67,"Yes","Yes",46,2,"Fiber optic",3,3,3,"Occasional",1,110.2,"No",0,34
"7576-OYWBN","Male",66,"No","No",3,1,"No",0,2,0,"Frequent",1,76.05,"Yes",0,"Male",66,"No","No",3,1,"No",0,2,0,"Frequent",1,76.05,"Yes",0,NA
"7579-KKLOE","Male",24,"Yes","Yes",71,2,"5G",3,3,3,"Occasional",24,91.25,"No",0,"Male",24,"Yes","Yes",71,2,"5G",3,3,3,"Occasional",24,91.25,"No",0,4
"7579-OOPEC","Female",83,"Yes","No",2,1,"DSL",2,2,0,"Frequent",1,50.15,"Yes",0,"Female",83,"Yes","No",2,1,"DSL",2,2,0,"Frequent",1,50.15,"Yes",0,NA
"7581-EBBOU","Female",46,"No","No",60,1,"DSL",2,3,1,"Occasional",12,70.15,"No",0,"Female",46,"No","No",60,1,"DSL",2,3,1,"Occasional",12,70.15,"No",0,0
"7586-ZATGZ","Male",47,"No","No",40,1,"No",0,2,1,"Occasional",1,84.9,"No",0,"Male",47,"No","No",40,1,"No",0,2,1,"Occasional",1,84.9,"No",0,36
"7587-AOVVU","Male",56,"Yes","Yes",27,2,"No",3,3,1,"Occasional",1,100.75,"No",0,"Male",56,"Yes","Yes",27,2,"No",3,3,1,"Occasional",1,100.75,"No",0,34
"7587-RZNME","Male",49,"No","No",3,1,"DSL",0,2,0,"Frequent",1,43.3,"Yes",0,"Male",49,"No","No",3,1,"DSL",0,2,0,"Frequent",1,43.3,"Yes",0,NA
"7590-VHVEG","Female",19,"Yes","No",1,0,"DSL",2,2,0,"Occasional",1,29.85,"No",1,"Female",19,"Yes","No",1,0,"DSL",2,2,0,"Occasional",1,29.85,"No",1,31
"7593-JNWRU","Male",39,"Yes","Yes",6,1,"DSL",0,2,0,"Frequent",1,44.6,"Yes",0,"Male",39,"Yes","Yes",6,1,"DSL",0,2,0,"Frequent",1,44.6,"Yes",0,NA
"7594-LZNWR","Male",78,"No","No",34,1,"Fiber optic",0,2,0,"Occasional",1,69.15,"No",0,"Male",78,"No","No",34,1,"Fiber optic",0,2,0,"Occasional",1,69.15,"No",0,38
"7594-RQHXR","Female",42,"No","Yes",1,1,"Fiber optic",0,2,2,"Frequent",1,79.6,"Yes",0,"Female",42,"No","Yes",1,1,"Fiber optic",0,2,2,"Frequent",1,79.6,"Yes",0,NA
"7595-EHCDL","Male",41,"Yes","Yes",32,0,"5G",0,2,3,"Occasional",1,50.6,"No",1,"Male",41,"Yes","Yes",32,0,"5G",0,2,3,"Occasional",1,50.6,"No",1,5
"7595-EUIVN","Female",47,"No","No",1,1,"5G",2,2,0,"Frequent",1,75.8,"Yes",0,"Female",47,"No","No",1,1,"5G",2,2,0,"Frequent",1,75.8,"Yes",0,NA
"7596-IIWYC","Female",21,"No","No",27,1,"5G",0,1,0,"Occasional",24,20.25,"No",0,"Female",21,"No","No",27,1,"5G",0,1,0,"Occasional",24,20.25,"No",0,44
"7596-ZYWBB","Female",33,"No","No",65,1,"DSL",3,3,0,"Occasional",24,59.6,"No",1,"Female",33,"No","No",65,1,"DSL",3,3,0,"Occasional",24,59.6,"No",1,13
"7599-FKVXZ","Male",55,"No","No",42,2,"Fiber optic",0,3,3,"Occasional",1,106.15,"Yes",0,"Male",55,"No","No",42,2,"Fiber optic",0,3,3,"Occasional",1,106.15,"Yes",0,NA
"7599-NTMDP","Female",33,"Yes","Yes",62,2,"No",3,3,1,"Occasional",24,48.7,"No",0,"Female",33,"Yes","Yes",62,2,"No",3,3,1,"Occasional",24,48.7,"No",0,6
"7601-DHFWZ","Female",52,"No","No",48,2,"No",0,1,0,"Occasional",24,24,"No",0,"Female",52,"No","No",48,2,"No",0,1,0,"Occasional",24,24,"No",0,14
"7601-GNDYK","Male",20,"Yes","Yes",35,1,"5G",0,1,0,"Occasional",24,19.6,"No",1,"Male",20,"Yes","Yes",35,1,"5G",0,1,0,"Occasional",24,19.6,"No",1,25
"7601-WFVZV","Male",21,"No","No",1,1,"No",0,1,0,"Occasional",1,19.55,"No",0,"Male",21,"No","No",1,1,"No",0,1,0,"Occasional",1,19.55,"No",0,6
"7602-DBTOU","Female",21,"Yes","No",71,1,"No",0,1,0,"Occasional",24,19.6,"No",0,"Female",21,"Yes","No",71,1,"No",0,1,0,"Occasional",24,19.6,"No",0,39
"7603-USHJS","Male",39,"No","No",12,2,"Fiber optic",0,2,0,"Frequent",1,73.75,"Yes",0,"Male",39,"No","No",12,2,"Fiber optic",0,2,0,"Occasional",1,73.75,"Yes",0,NA
"7605-BDWDC","Female",46,"No","No",31,0,"5G",3,3,2,"Occasional",24,49.85,"No",1,"Female",46,"No","No",31,0,"5G",3,3,2,"Occasional",24,49.85,"No",1,55
"7605-SNLQG","Female",46,"No","No",45,1,"DSL",0,2,0,"Occasional",1,50.25,"No",0,"Female",46,"No","No",45,1,"DSL",0,2,0,"Occasional",1,50.25,"No",0,24
"7606-BPHHN","Male",47,"No","No",72,1,"DSL",0,1,0,"Frequent",24,19.8,"No",1,"Male",47,"No","No",72,1,"DSL",0,1,0,"Occasional",24,19.8,"No",1,27
"7607-QKKTJ","Male",36,"Yes","Yes",45,2,"5G",2,2,2,"Occasional",12,95,"No",0,"Male",36,"Yes","Yes",45,2,"5G",2,2,2,"Occasional",12,95,"No",0,37
"7608-RGIRO","Male",35,"No","No",62,2,"No",0,1,0,"Occasional",24,24.4,"No",0,"Male",35,"No","No",62,2,"No",0,1,0,"Occasional",24,24.4,"No",0,39
"7609-NRNCA","Female",22,"No","No",17,1,"No",0,1,0,"Occasional",12,19.55,"No",0,"Female",22,"No","No",17,1,"No",0,1,0,"Occasional",12,19.55,"No",0,33
"7609-YBPXG","Male",64,"No","No",54,2,"DSL",1,3,3,"Occasional",24,87.1,"No",0,"Male",64,"No","No",54,2,"DSL",1,3,3,"Occasional",24,87.1,"No",0,40
"7610-TVOPG","Male",20,"No","No",15,1,"No",0,1,0,"Occasional",1,26.35,"No",0,"Male",20,"No","No",15,1,"No",0,1,0,"Occasional",1,26.35,"No",0,6
"7611-YKYTC","Male",32,"Yes","Yes",22,1,"Fiber optic",1,2,0,"Occasional",1,75,"No",0,"Male",32,"Yes","Yes",22,1,"Fiber optic",1,2,0,"Occasional",1,75,"No",0,28
"7613-LLQFO","Male",28,"No","No",12,1,"No",0,2,1,"Frequent",1,84.45,"Yes",0,"Male",28,"No","No",12,1,"No",0,2,1,"Frequent",1,84.45,"Yes",0,NA
"7615-ESMYF","Female",36,"Yes","No",2,0,"5G",0,2,3,"Frequent",1,44.6,"Yes",0,"Female",36,"Yes","No",2,0,"5G",0,2,3,"Frequent",1,44.6,"Yes",0,NA
"7617-EYGLW","Male",62,"No","No",1,1,"5G",0,1,0,"Occasional",1,19.45,"No",0,"Male",62,"No","No",1,1,"5G",0,1,0,"Occasional",1,19.45,"No",0,32
"7619-ODSGN","Male",48,"Yes","Yes",24,2,"5G",1,2,0,"Frequent",1,54.75,"Yes",0,"Male",48,"Yes","Yes",24,2,"5G",1,2,0,"Frequent",1,54.75,"Yes",0,NA
"7619-PLRLP","Female",59,"Yes","No",53,2,"DSL",3,2,2,"Occasional",12,74.1,"No",0,"Female",59,"Yes","No",53,2,"DSL",3,2,2,"Occasional",12,74.1,"No",0,2
"7622-FWGEW","Male",86,"Yes","No",56,1,"5G",3,3,3,"Occasional",24,85.65,"No",0,"Male",86,"Yes","No",56,1,"5G",3,3,3,"Occasional",24,85.65,"No",0,22
"7622-NXQZR","Male",65,"No","No",28,0,"DSL",0,3,0,"Occasional",1,30.1,"No",0,"Male",65,"No","No",28,0,"DSL",0,3,0,"Occasional",1,30.1,"No",0,40
"7623-TRNQN","Male",62,"No","Yes",1,1,"DSL",0,3,0,"Occasional",1,49.9,"Yes",0,"Male",62,"No","Yes",1,1,"DSL",0,3,0,"Occasional",1,49.9,"Yes",0,NA
"7625-XCQRH","Female",31,"No","No",11,2,"Fiber optic",0,2,0,"Frequent",1,76.5,"Yes",0,"Female",31,"No","No",11,2,"Fiber optic",0,2,0,"Frequent",1,76.5,"Yes",0,NA
"7629-WFGLW","Female",74,"Yes","No",56,2,"Fiber optic",3,3,0,"Occasional",12,95.65,"No",0,"Female",74,"Yes","No",56,2,"Fiber optic",3,3,0,"Occasional",12,95.65,"No",0,1
"7629-WIXZF","Female",60,"No","No",7,1,"No",1,2,2,"Occasional",12,59.1,"No",0,"Female",60,"No","No",7,1,"No",1,2,2,"Occasional",12,59.1,"No",0,23
"7632-MNYOY","Male",80,"No","No",66,2,"Fiber optic",2,3,3,"Occasional",12,110.9,"Yes",0,"Male",80,"No","No",66,2,"Fiber optic",2,3,3,"Occasional",12,110.9,"Yes",0,NA
"7633-MVPUY","Male",50,"Yes","No",57,1,"5G",3,3,0,"Occasional",24,59.75,"No",1,"Male",50,"Yes","No",57,1,"5G",3,3,0,"Occasional",24,59.75,"No",1,63
"7634-HLQJR","Female",64,"No","No",47,1,"No",0,1,0,"Occasional",24,20.05,"No",0,"Female",64,"No","No",47,1,"No",0,1,0,"Occasional",24,20.05,"No",0,15
"7634-WSWDB","Female",62,"No","No",8,0,"DSL",1,2,2,"Occasional",1,38.5,"No",0,"Female",62,"No","No",8,0,"DSL",1,2,2,"Occasional",1,38.5,"No",0,27
"7636-OWBPG","Male",72,"No","No",12,1,"No",2,2,0,"Occasional",1,29.35,"No",0,"Male",72,"No","No",12,1,"No",2,2,0,"Occasional",1,29.35,"No",0,24
"7636-XUHWW","Male",21,"No","No",2,1,"No",0,1,0,"Occasional",1,19.9,"No",0,"Male",21,"No","No",2,1,"No",0,1,0,"Occasional",1,19.9,"No",0,0
"7638-QVMVY","Female",35,"No","No",7,1,"Fiber optic",0,2,1,"Frequent",1,79,"Yes",0,"Female",35,"No","No",7,1,"Fiber optic",0,2,1,"Frequent",1,79,"Yes",0,NA
"7639-LIAYI","Male",55,"No","No",52,2,"5G",1,3,3,"Occasional",24,79.75,"No",1,"Male",55,"No","No",52,2,"5G",1,3,3,"Occasional",24,79.75,"No",1,54
"7639-SUPCW","Female",45,"No","No",22,1,"DSL",1,2,0,"Frequent",1,48.8,"Yes",0,"Female",45,"No","No",22,1,"DSL",1,2,0,"Frequent",1,48.8,"Yes",0,NA
"7641-EUYET","Male",76,"Yes","Yes",46,2,"No",3,2,1,"Frequent",1,100.7,"Yes",0,"Male",76,"Yes","Yes",46,2,"No",3,2,1,"Frequent",1,100.7,"Yes",0,NA
"7641-TQFHN","Male",29,"No","Yes",39,1,"No",0,3,3,"Occasional",24,100.55,"No",0,"Male",29,"No","Yes",39,1,"No",0,3,3,"Occasional",24,100.55,"No",0,27
"7643-RCHXS","Female",22,"Yes","Yes",63,1,"5G",0,1,0,"Occasional",24,19.35,"No",0,"Female",22,"Yes","Yes",63,1,"5G",0,1,0,"Occasional",24,19.35,"No",0,16
"7647-GYYKX","Female",19,"Yes","Yes",54,1,"No",0,1,0,"Occasional",24,20.35,"No",0,"Female",19,"Yes","Yes",54,1,"No",0,1,0,"Occasional",24,20.35,"No",0,8
"7649-PHJVR","Male",40,"No","No",11,1,"5G",0,1,0,"Occasional",12,19.5,"No",0,"Male",40,"No","No",11,1,"5G",0,1,0,"Occasional",12,19.5,"No",0,2
"7649-SIJJF","Male",51,"Yes","No",71,2,"5G",3,3,2,"Occasional",24,80.1,"No",0,"Male",51,"Yes","No",71,2,"5G",3,3,2,"Occasional",24,80.1,"No",0,25
"7654-YWJUF","Male",19,"Yes","No",43,1,"5G",1,3,0,"Occasional",12,84.25,"No",1,"Male",19,"Yes","No",43,1,"5G",1,3,0,"Occasional",12,84.25,"No",1,57
"7657-DYEPJ","Male",90,"No","No",38,1,"No",2,3,1,"Occasional",12,70.15,"Yes",0,"Male",90,"No","No",38,1,"No",2,3,1,"Occasional",12,70.15,"Yes",0,NA
"7658-UYUQS","Male",78,"Yes","No",21,1,"Fiber optic",0,2,1,"Occasional",1,86.55,"No",0,"Male",78,"Yes","No",21,1,"Fiber optic",0,2,1,"Occasional",1,86.55,"No",0,39
"7663-RGWBC","Male",56,"No","No",1,1,"No",0,2,0,"Frequent",1,44.15,"Yes",0,"Male",56,"No","No",1,1,"No",0,2,0,"Frequent",1,44.15,"Yes",0,NA
"7663-ZTEGJ","Male",28,"No","Yes",29,2,"5G",2,3,2,"Occasional",12,100.55,"No",1,"Male",28,"No","Yes",29,2,"5G",2,3,2,"Occasional",12,100.55,"No",1,43
"7665-NKLAV","Female",37,"No","No",36,1,"No",1,3,0,"Occasional",24,40.65,"No",0,"Female",37,"No","No",36,1,"No",1,3,0,"Occasional",24,40.65,"No",0,4
"7665-TOALD","Female",23,"No","No",1,1,"Fiber optic",0,2,0,"Frequent",1,69.6,"Yes",0,"Female",23,"No","No",1,1,"Fiber optic",0,2,0,"Frequent",1,69.6,"Yes",0,NA
"7665-VIGUD","Male",46,"No","No",10,1,"DSL",0,1,0,"Occasional",12,20.35,"No",1,"Male",46,"No","No",10,1,"DSL",0,1,0,"Occasional",12,20.35,"No",1,23
"7666-WKRON","Female",53,"No","No",39,1,"Fiber optic",0,3,0,"Occasional",24,80.45,"Yes",0,"Female",53,"No","No",39,1,"Fiber optic",0,3,0,"Occasional",24,80.45,"Yes",0,NA
"7668-XCFYV","Female",83,"Yes","No",17,2,"Fiber optic",0,2,3,"Occasional",1,92.55,"No",0,"Female",83,"Yes","No",17,2,"Fiber optic",0,2,3,"Occasional",1,92.55,"No",0,7
"7670-ZBPOQ","Female",64,"Yes","No",58,2,"5G",1,3,0,"Occasional",12,61.05,"No",0,"Female",64,"Yes","No",58,2,"5G",1,3,0,"Occasional",12,61.05,"No",0,3
"7673-LPRNY","Female",32,"No","No",23,2,"DSL",1,2,3,"Occasional",12,78.55,"No",0,"Female",32,"No","No",23,2,"DSL",1,2,3,"Occasional",12,78.55,"No",0,20
"7674-YTAFD","Female",44,"No","No",33,1,"5G",2,3,0,"Occasional",12,79.95,"No",1,"Female",44,"No","No",33,1,"5G",2,3,0,"Occasional",12,79.95,"No",1,70
"7675-OZCZG","Female",84,"No","No",3,1,"5G",0,2,0,"Frequent",1,45,"Yes",0,"Female",84,"No","No",3,1,"5G",0,2,0,"Frequent",1,45,"Yes",0,NA
"7677-SJJJK","Male",22,"Yes","Yes",8,1,"DSL",0,1,0,"Occasional",12,19.9,"No",0,"Male",22,"Yes","Yes",8,1,"DSL",0,1,0,"Occasional",12,19.9,"No",0,1
"7682-AZNDK","Male",34,"Yes","Yes",34,1,"No",2,2,1,"Occasional",1,89.85,"No",0,"Male",34,"Yes","Yes",34,1,"No",2,2,1,"Occasional",1,89.85,"No",0,41
"7683-CBDKJ","Male",30,"Yes","Yes",14,1,"DSL",3,2,1,"Frequent",1,65.45,"Yes",0,"Male",30,"Yes","Yes",14,1,"DSL",3,2,1,"Frequent",1,65.45,"Yes",0,NA
"7684-XSZIY","Male",59,"No","No",72,2,"5G",0,1,0,"Occasional",24,24.3,"No",0,"Male",59,"No","No",72,2,"5G",0,1,0,"Occasional",24,24.3,"No",0,32
"7688-AWMDX","Male",34,"Yes","No",71,1,"DSL",1,3,0,"Occasional",24,54.5,"No",0,"Male",34,"Yes","No",71,1,"DSL",1,3,0,"Occasional",24,54.5,"No",0,24
"7690-KPNCU","Male",60,"Yes","Yes",64,1,"5G",1,2,3,"Occasional",12,73.05,"No",0,"Male",60,"Yes","Yes",64,1,"5G",1,2,3,"Occasional",12,73.05,"No",0,39
"7691-XVTZH","Female",29,"Yes","No",68,2,"Fiber optic",0,2,1,"Occasional",24,89.95,"No",0,"Female",29,"Yes","No",68,2,"Fiber optic",0,2,1,"Occasional",24,89.95,"No",0,12
"7693-LCKZL","Male",32,"Yes","Yes",5,2,"Fiber optic",2,2,0,"Occasional",1,80.15,"Yes",0,"Male",32,"Yes","Yes",5,2,"Fiber optic",2,2,0,"Occasional",1,80.15,"Yes",0,NA
"7694-VLBWQ","Male",24,"Yes","No",67,2,"5G",2,2,3,"Frequent",12,104.1,"Yes",0,"Male",24,"Yes","No",67,2,"5G",2,2,3,"Frequent",12,104.1,"Yes",0,NA
"7695-PKLCZ","Female",22,"No","No",68,1,"5G",0,1,0,"Occasional",24,20.5,"No",1,"Female",22,"No","No",68,1,"5G",0,1,0,"Occasional",24,20.5,"No",1,5
"7696-CFTAT","Male",42,"No","No",37,1,"5G",0,1,0,"Occasional",24,19.8,"No",0,"Male",42,"No","No",37,1,"5G",0,1,0,"Occasional",24,19.8,"No",0,7
"7706-DZNKK","Male",19,"No","No",11,1,"5G",0,1,0,"Occasional",1,20.45,"No",1,"Male",19,"No","No",11,1,"5G",0,1,0,"Occasional",1,20.45,"No",1,29
"7717-BICXI","Male",54,"No","No",60,2,"No",0,1,0,"Occasional",24,20.55,"No",0,"Male",54,"No","No",60,2,"No",0,1,0,"Occasional",24,20.55,"No",0,17
"7718-UPSKJ","Female",43,"Yes","No",69,1,"Fiber optic",3,3,3,"Occasional",12,106.4,"No",0,"Female",43,"Yes","No",69,1,"Fiber optic",3,3,3,"Occasional",12,106.4,"No",0,38
"7721-DVEKZ","Female",20,"No","No",1,1,"No",0,1,0,"Occasional",1,19.65,"No",0,"Female",20,"No","No",1,1,"No",0,1,0,"Occasional",1,19.65,"No",0,24
"7721-JXEAW","Male",48,"Yes","No",59,0,"5G",2,2,2,"Frequent",1,41.05,"Yes",0,"Male",48,"Yes","No",59,0,"5G",2,2,2,"Frequent",1,41.05,"Yes",0,NA
"7727-SHVZV","Female",55,"No","No",9,1,"No",0,1,0,"Occasional",1,19.5,"No",0,"Female",55,"No","No",9,1,"No",0,1,0,"Occasional",1,19.5,"No",0,17
"7729-JTEEC","Male",39,"Yes","Yes",2,1,"DSL",0,2,0,"Occasional",1,44.5,"No",0,"Male",39,"Yes","Yes",2,1,"DSL",0,2,0,"Occasional",1,44.5,"No",0,33
"7730-CLDSV","Female",21,"Yes","Yes",72,1,"No",2,3,2,"Occasional",24,98.65,"No",0,"Female",21,"Yes","Yes",72,1,"No",2,3,2,"Occasional",24,98.65,"No",0,36
"7730-IUTDZ","Male",45,"No","No",43,1,"Fiber optic",1,2,0,"Frequent",1,75.2,"Yes",0,"Male",45,"No","No",43,1,"Fiber optic",1,2,0,"Frequent",1,75.2,"Yes",0,NA
"7734-DBOAI","Female",51,"No","No",1,0,"DSL",0,3,1,"Occasional",1,40.1,"Yes",0,"Female",51,"No","No",1,0,"DSL",0,3,1,"Occasional",1,40.1,"Yes",0,NA
"7739-LAXOG","Female",55,"Yes","Yes",32,2,"Fiber optic",0,2,2,"Frequent",1,91.05,"Yes",0,"Female",55,"Yes","Yes",32,2,"Fiber optic",0,2,2,"Occasional",1,91.05,"Yes",0,NA
"7740-BTPUX","Male",83,"Yes","No",55,2,"No",2,3,3,"Occasional",24,113.6,"No",0,"Male",83,"Yes","No",55,2,"No",2,3,3,"Occasional",24,113.6,"No",0,19
"7742-MYPGI","Female",44,"Yes","Yes",6,1,"No",0,3,0,"Occasional",1,48.8,"No",0,"Female",44,"Yes","Yes",6,1,"No",0,3,0,"Occasional",1,48.8,"No",0,6
"7746-QYVCO","Male",47,"Yes","Yes",16,1,"5G",3,2,0,"Occasional",12,55.85,"No",0,"Male",47,"Yes","Yes",16,1,"5G",3,2,0,"Occasional",12,55.85,"No",0,37
"7750-EYXWZ","Female",38,"No","No",12,0,"DSL",2,3,3,"Occasional",12,60.65,"No",0,"Female",38,"No","No",12,0,"DSL",2,3,3,"Occasional",12,60.65,"No",0,24
"7752-XUSCI","Female",38,"No","No",60,2,"DSL",2,2,3,"Frequent",1,105.9,"Yes",1,"Female",38,"No","No",60,2,"DSL",2,2,3,"Frequent",1,105.9,"Yes",1,NA
"7758-XKCBS","Male",51,"No","No",15,0,"DSL",0,3,0,"Occasional",1,29.7,"Yes",0,"Male",51,"No","No",15,0,"DSL",0,3,0,"Occasional",1,29.7,"Yes",0,NA
"7760-OYPDY","Female",26,"No","No",2,1,"5G",0,2,1,"Occasional",1,80.65,"Yes",1,"Female",26,"No","No",2,1,"5G",0,2,1,"Frequent",1,80.65,"Yes",1,NA
"7762-ONLJY","Female",21,"Yes","Yes",6,1,"No",0,1,0,"Occasional",12,19.7,"No",0,"Female",21,"Yes","Yes",6,1,"No",0,1,0,"Occasional",12,19.7,"No",0,8
"7764-BDPEE","Male",22,"No","Yes",3,1,"5G",0,1,0,"Occasional",1,20.85,"No",1,"Male",22,"No","Yes",3,1,"5G",0,1,0,"Occasional",1,20.85,"No",1,44
"7765-LWVVH","Female",63,"No","No",72,1,"No",3,2,1,"Occasional",24,95.1,"No",0,"Female",63,"No","No",72,1,"No",3,2,1,"Occasional",24,95.1,"No",0,37
"7766-CLTIC","Female",51,"No","No",10,1,"DSL",0,3,2,"Occasional",1,60.95,"No",0,"Female",51,"No","No",10,1,"DSL",0,3,2,"Occasional",1,60.95,"No",0,45
"7767-UXAGJ","Male",60,"No","No",1,2,"5G",0,2,0,"Frequent",1,50.45,"Yes",0,"Male",60,"No","No",1,2,"5G",0,2,0,"Frequent",1,50.45,"Yes",0,NA
"7774-OJSXI","Male",53,"No","No",31,1,"DSL",2,2,3,"Frequent",12,103.45,"Yes",0,"Male",53,"No","No",31,1,"DSL",2,2,3,"Frequent",12,103.45,"Yes",0,NA
"7776-QGYJC","Female",29,"Yes","Yes",39,1,"5G",0,3,0,"Occasional",1,81.5,"No",0,"Female",29,"Yes","Yes",39,1,"5G",0,3,0,"Occasional",1,81.5,"No",0,33
"7777-UNYHB","Female",20,"Yes","Yes",12,1,"No",0,1,0,"Occasional",1,20.1,"No",0,"Female",20,"Yes","Yes",12,1,"No",0,1,0,"Occasional",1,20.1,"No",0,4
"7779-ORAEL","Male",71,"Yes","No",45,2,"DSL",1,3,2,"Occasional",24,75.15,"No",0,"Male",71,"Yes","No",45,2,"DSL",1,3,2,"Occasional",24,75.15,"No",0,12
"7780-OTDSO","Male",37,"Yes","No",18,1,"No",1,2,3,"Frequent",1,99.4,"Yes",0,"Male",37,"Yes","No",18,1,"No",1,2,3,"Frequent",1,99.4,"Yes",0,NA
"7781-EWARA","Male",36,"Yes","Yes",70,0,"DSL",2,3,3,"Occasional",12,60.35,"No",0,"Male",36,"Yes","Yes",70,0,"DSL",2,3,3,"Occasional",12,60.35,"No",0,25
"7781-HVGMK","Female",59,"Yes","Yes",72,0,"5G",3,3,3,"Occasional",24,65.2,"No",1,"Female",59,"Yes","Yes",72,0,"5G",3,3,3,"Occasional",24,65.2,"No",1,9
"7783-YKGDV","Female",56,"No","No",12,2,"DSL",3,2,2,"Frequent",1,99.7,"Yes",1,"Female",56,"No","No",12,2,"DSL",3,2,2,"Frequent",1,99.7,"Yes",1,NA
"7785-RDVIG","Female",38,"No","No",3,1,"No",0,1,0,"Occasional",1,19.3,"No",0,"Female",38,"No","No",3,1,"No",0,1,0,"Occasional",1,19.3,"No",0,26
"7786-WBJYI","Female",26,"No","No",4,1,"DSL",2,2,0,"Frequent",1,77.95,"Yes",0,"Female",26,"No","No",4,1,"DSL",2,2,0,"Frequent",1,77.95,"Yes",0,NA
"7787-BNTZM","Male",22,"No","No",6,1,"No",0,1,0,"Occasional",1,20.15,"No",0,"Male",22,"No","No",6,1,"No",0,1,0,"Occasional",1,20.15,"No",0,28
"7789-CRUVC","Female",65,"Yes","No",61,2,"Fiber optic",3,3,0,"Occasional",1,94.2,"No",0,"Female",65,"Yes","No",61,2,"Fiber optic",3,3,0,"Occasional",1,94.2,"No",0,0
"7794-JASDG","Male",37,"No","No",1,1,"DSL",1,2,0,"Occasional",1,50.75,"No",0,"Male",37,"No","No",1,1,"DSL",1,2,0,"Occasional",1,50.75,"No",0,31
"7795-CFOCW","Male",24,"No","No",45,0,"5G",1,3,0,"Frequent",12,42.3,"No",1,"Male",24,"No","No",45,0,"5G",1,3,0,"Occasional",12,42.3,"No",1,44
"7797-EJMDP","Female",32,"No","No",8,1,"DSL",1,3,2,"Occasional",1,66.05,"No",0,"Female",32,"No","No",8,1,"DSL",1,3,2,"Occasional",1,66.05,"No",0,37
"7799-LGRDP","Female",38,"No","No",43,2,"5G",0,1,0,"Occasional",24,25.7,"No",1,"Female",38,"No","No",43,2,"5G",0,1,0,"Occasional",24,25.7,"No",1,66
"7801-CEDNV","Male",28,"Yes","No",27,1,"DSL",1,2,0,"Occasional",12,48.7,"No",0,"Male",28,"Yes","No",27,1,"DSL",1,2,0,"Occasional",12,48.7,"No",0,25
"7801-KICAO","Female",60,"No","No",18,2,"Fiber optic",0,2,0,"Occasional",1,74.15,"No",0,"Female",60,"No","No",18,2,"Fiber optic",0,2,0,"Occasional",1,74.15,"No",0,19
"7802-EFKNY","Male",47,"No","No",5,0,"5G",0,2,0,"Frequent",1,24.95,"Yes",0,"Male",47,"No","No",5,0,"5G",0,2,0,"Frequent",1,24.95,"Yes",0,NA
"7803-XOCCZ","Female",35,"Yes","Yes",52,1,"5G",1,3,0,"Occasional",1,84.05,"No",1,"Female",35,"Yes","Yes",52,1,"5G",1,3,0,"Occasional",1,84.05,"No",1,25
"7808-DVWEP","Male",19,"Yes","No",3,1,"No",0,1,0,"Occasional",1,20,"No",0,"Male",19,"Yes","No",3,1,"No",0,1,0,"Occasional",1,20,"No",0,26
"7811-JIVPF","Female",19,"No","No",23,1,"DSL",0,2,0,"Occasional",1,49.7,"No",0,"Female",19,"No","No",23,1,"DSL",0,2,0,"Occasional",1,49.7,"No",0,17
"7812-FZHPE","Female",46,"No","No",17,2,"No",0,1,0,"Occasional",1,24.1,"Yes",0,"Female",46,"No","No",17,2,"No",0,1,0,"Occasional",1,24.1,"Yes",0,NA
"7814-LEEVE","Female",36,"No","No",1,1,"No",0,1,0,"Occasional",1,20.3,"No",0,"Female",36,"No","No",1,1,"No",0,1,0,"Occasional",1,20.3,"No",0,36
"7815-PDTHL","Male",61,"No","No",35,1,"No",0,1,0,"Occasional",24,20.2,"No",0,"Male",61,"No","No",35,1,"No",0,1,0,"Occasional",24,20.2,"No",0,30
"7816-VGHTO","Female",59,"Yes","Yes",6,0,"DSL",2,3,0,"Occasional",24,40.55,"No",0,"Female",59,"Yes","Yes",6,0,"DSL",2,3,0,"Occasional",24,40.55,"No",0,9
"7817-OMJNA","Male",61,"No","No",14,1,"5G",0,1,0,"Occasional",12,20.4,"No",1,"Male",61,"No","No",14,1,"5G",0,1,0,"Occasional",12,20.4,"No",1,1
"7820-ZYGNY","Male",39,"No","No",63,2,"Fiber optic",2,2,2,"Occasional",12,90.45,"No",0,"Male",39,"No","No",63,2,"Fiber optic",2,2,2,"Occasional",12,90.45,"No",0,30
"7821-DPRQE","Male",58,"Yes","No",68,2,"Fiber optic",3,3,3,"Occasional",1,107.7,"No",0,"Male",58,"Yes","No",68,2,"Fiber optic",3,3,3,"Occasional",1,107.7,"No",0,19
"7823-JSOAG","Male",56,"No","No",3,2,"Fiber optic",0,2,0,"Occasional",1,74.5,"No",0,"Male",56,"No","No",3,2,"Fiber optic",0,2,0,"Occasional",1,74.5,"No",0,12
"7824-PANSQ","Male",55,"No","No",58,2,"Fiber optic",0,3,0,"Occasional",1,80.65,"No",0,"Male",55,"No","No",58,2,"Fiber optic",0,3,0,"Occasional",1,80.65,"No",0,4
"7825-ECJRF","Female",20,"No","No",19,1,"5G",1,3,3,"Occasional",1,106.6,"Yes",1,"Female",20,"No","No",19,1,"5G",1,3,3,"Occasional",1,106.6,"Yes",1,NA
"7825-GKXMW","Female",60,"No","No",1,1,"DSL",0,2,0,"Frequent",1,45.8,"Yes",0,"Female",60,"No","No",1,1,"DSL",0,2,0,"Frequent",1,45.8,"Yes",0,NA
"7826-VVKWT","Female",74,"Yes","Yes",24,1,"Fiber optic",0,2,3,"Occasional",24,96.55,"No",0,"Female",74,"Yes","Yes",24,1,"Fiber optic",0,2,3,"Occasional",24,96.55,"No",0,31
"7831-QGOXH","Female",32,"No","No",18,2,"5G",0,2,1,"Frequent",1,85.2,"Yes",0,"Female",32,"No","No",18,2,"5G",0,2,1,"Frequent",1,85.2,"Yes",0,NA
"7838-LAZFO","Male",32,"Yes","No",45,1,"DSL",3,2,3,"Occasional",12,78.8,"No",1,"Male",32,"Yes","No",45,1,"DSL",3,2,3,"Occasional",12,78.8,"No",1,21
"7839-NUIAA","Female",43,"Yes","Yes",61,2,"DSL",3,2,0,"Occasional",1,59.8,"No",0,"Female",43,"Yes","Yes",61,2,"DSL",3,2,0,"Occasional",1,59.8,"No",0,28
"7839-QRKXN","Female",20,"No","No",1,1,"No",0,1,0,"Occasional",1,20.2,"Yes",0,"Female",20,"No","No",1,1,"No",0,1,0,"Occasional",1,20.2,"Yes",0,NA
"7841-TZDMQ","Male",57,"No","No",2,1,"DSL",0,2,0,"Frequent",1,46,"Yes",1,"Male",57,"No","No",2,1,"DSL",0,2,0,"Frequent",1,46,"Yes",1,NA
"7845-URHJN","Female",56,"No","No",8,1,"No",0,1,0,"Occasional",1,20.15,"Yes",0,"Female",56,"No","No",8,1,"No",0,1,0,"Occasional",1,20.15,"Yes",0,NA
"7850-THJMU","Female",45,"No","No",26,1,"No",0,1,0,"Occasional",24,19.65,"No",0,"Female",45,"No","No",26,1,"No",0,1,0,"Occasional",24,19.65,"No",0,24
"7850-VWJUU","Female",21,"No","No",23,1,"DSL",1,2,0,"Occasional",1,75,"No",1,"Female",21,"No","No",23,1,"DSL",1,2,0,"Occasional",1,75,"No",1,67
"7851-WZEKY","Female",19,"No","No",2,2,"5G",0,2,3,"Frequent",1,95.15,"Yes",0,"Female",19,"No","No",2,2,"5G",0,2,3,"Frequent",1,95.15,"Yes",0,NA
"7852-LECYP","Male",86,"Yes","No",13,2,"Fiber optic",3,2,2,"Occasional",1,93.8,"No",0,"Male",86,"Yes","No",13,2,"Fiber optic",3,2,2,"Occasional",1,93.8,"No",0,19
"7853-OETYL","Female",41,"No","No",4,0,"DSL",1,2,0,"Occasional",1,29.05,"No",0,"Female",41,"No","No",4,0,"DSL",1,2,0,"Occasional",1,29.05,"No",0,35
"7853-WNZSY","Male",20,"No","No",1,1,"No",0,1,0,"Occasional",1,19.75,"No",0,"Male",20,"No","No",1,1,"No",0,1,0,"Occasional",1,19.75,"No",0,23
"7854-EDSSA","Male",22,"No","No",22,1,"No",3,2,0,"Frequent",1,59,"Yes",0,"Male",22,"No","No",22,1,"No",3,2,0,"Frequent",1,59,"Yes",0,NA
"7854-FOKSF","Male",46,"No","No",1,1,"No",0,2,2,"Frequent",1,35.9,"Yes",0,"Male",46,"No","No",1,1,"No",0,2,2,"Frequent",1,35.9,"Yes",0,NA
"7855-DIWPO","Female",50,"No","No",21,1,"No",0,2,0,"Occasional",1,68.65,"No",0,"Female",50,"No","No",21,1,"No",0,2,0,"Occasional",1,68.65,"No",0,41
"7856-GANIL","Male",81,"Yes","No",45,2,"Fiber optic",2,3,1,"Occasional",12,98.7,"No",0,"Male",81,"Yes","No",45,2,"Fiber optic",2,3,1,"Occasional",12,98.7,"No",0,33
"7858-GTZSP","Female",51,"No","No",12,2,"Fiber optic",0,2,2,"Occasional",1,86.55,"No",0,"Female",51,"No","No",12,2,"Fiber optic",0,2,2,"Occasional",1,86.55,"No",0,9
"7860-UXCRM","Male",47,"Yes","Yes",63,1,"DSL",3,3,1,"Occasional",24,74.5,"No",0,"Male",47,"Yes","Yes",63,1,"DSL",3,3,1,"Occasional",24,74.5,"No",0,32
"7868-BGSZA","Male",31,"Yes","No",43,2,"DSL",1,2,3,"Occasional",12,80.2,"No",0,"Male",31,"Yes","No",43,2,"DSL",1,2,3,"Occasional",12,80.2,"No",0,26
"7868-TMWMZ","Female",65,"Yes","No",60,1,"5G",3,3,3,"Occasional",24,110,"No",0,"Female",65,"Yes","No",60,1,"5G",3,3,3,"Occasional",24,110,"No",0,3
"7872-BAAZR","Female",44,"No","No",53,1,"No",0,1,0,"Occasional",12,19.55,"No",0,"Female",44,"No","No",53,1,"No",0,1,0,"Occasional",12,19.55,"No",0,15
"7872-RDDLZ","Female",88,"No","No",67,2,"DSL",2,2,0,"Occasional",1,54.9,"No",0,"Female",88,"No","No",67,2,"DSL",2,2,0,"Occasional",1,54.9,"No",0,33
"7876-AEHIG","Female",35,"No","Yes",51,0,"5G",1,3,3,"Occasional",12,60.15,"No",1,"Female",35,"No","Yes",51,0,"5G",1,3,3,"Occasional",12,60.15,"No",1,29
"7876-DNYAP","Female",58,"No","No",69,1,"5G",0,1,0,"Occasional",24,19.8,"No",0,"Female",58,"No","No",69,1,"5G",0,1,0,"Occasional",24,19.8,"No",0,27
"7878-JGDKK","Male",33,"No","No",4,1,"No",0,2,0,"Occasional",1,44.55,"No",0,"Male",33,"No","No",4,1,"No",0,2,0,"Occasional",1,44.55,"No",0,4
"7878-RTCZG","Female",62,"No","No",1,1,"No",0,1,0,"Occasional",1,19.9,"No",0,"Female",62,"No","No",1,1,"No",0,1,0,"Occasional",1,19.9,"No",0,13
"7881-EVUAD","Female",39,"No","No",2,0,"5G",3,2,2,"Frequent",1,42.6,"Yes",0,"Female",39,"No","No",2,0,"5G",3,2,2,"Frequent",1,42.6,"Yes",0,NA
"7881-INRLC","Male",63,"No","No",45,2,"Fiber optic",2,2,3,"Frequent",1,100.85,"Yes",0,"Male",63,"No","No",45,2,"Fiber optic",2,2,3,"Occasional",1,100.85,"Yes",0,NA
"7883-ROJOC","Female",61,"Yes","No",19,1,"No",0,2,0,"Occasional",1,44.9,"No",0,"Female",61,"Yes","No",19,1,"No",0,2,0,"Occasional",1,44.9,"No",0,14
"7890-VYYWG","Male",75,"Yes","No",3,1,"No",0,2,1,"Frequent",1,36.45,"Yes",0,"Male",75,"Yes","No",3,1,"No",0,2,1,"Frequent",1,36.45,"Yes",0,NA
"7892-POOKP","Female",33,"Yes","No",28,2,"DSL",0,3,3,"Occasional",1,104.8,"Yes",1,"Female",33,"Yes","No",28,2,"DSL",0,3,3,"Occasional",1,104.8,"Yes",1,NA
"7892-QVYKW","Female",19,"Yes","Yes",23,2,"5G",0,2,2,"Occasional",1,85.6,"No",0,"Female",19,"Yes","Yes",23,2,"5G",0,2,2,"Occasional",1,85.6,"No",0,4
"7893-IXHRQ","Male",20,"No","No",1,1,"5G",0,1,0,"Occasional",1,20.55,"Yes",0,"Male",20,"No","No",1,1,"5G",0,1,0,"Occasional",1,20.55,"Yes",0,NA
"7895-VONWT","Female",22,"No","No",25,0,"DSL",0,2,3,"Occasional",1,48.25,"No",0,"Female",22,"No","No",25,0,"DSL",0,2,3,"Occasional",1,48.25,"No",0,35
"7898-PDWQE","Male",34,"Yes","No",71,2,"5G",3,3,2,"Occasional",24,80.4,"No",0,"Male",34,"Yes","No",71,2,"5G",3,3,2,"Occasional",24,80.4,"No",0,22
"7901-HXJVA","Male",30,"No","No",14,1,"DSL",0,2,0,"Occasional",1,76.45,"No",0,"Male",30,"No","No",14,1,"DSL",0,2,0,"Occasional",1,76.45,"No",0,36
"7901-IIDQV","Male",51,"No","No",24,2,"DSL",0,3,0,"Occasional",12,54.6,"No",0,"Male",51,"No","No",24,2,"DSL",0,3,0,"Occasional",12,54.6,"No",0,22
"7901-TBKJX","Male",67,"No","No",56,2,"5G",0,2,3,"Occasional",1,101.05,"No",0,"Male",67,"No","No",56,2,"5G",0,2,3,"Occasional",1,101.05,"No",0,20
"7905-NJMXS","Male",89,"Yes","No",7,2,"5G",3,3,0,"Occasional",1,64.2,"No",0,"Male",89,"Yes","No",7,2,"5G",3,3,0,"Occasional",1,64.2,"No",0,9
"7905-TVXTA","Female",28,"No","No",5,1,"5G",1,3,1,"Occasional",1,64.35,"No",1,"Female",28,"No","No",5,1,"5G",1,3,1,"Occasional",1,64.35,"No",1,19
"7908-QCBCA","Female",56,"Yes","No",1,1,"Fiber optic",0,2,0,"Frequent",1,69.4,"Yes",0,"Female",56,"Yes","No",1,1,"Fiber optic",0,2,0,"Frequent",1,69.4,"Yes",0,NA
"7909-FIOIY","Female",20,"Yes","Yes",19,1,"No",0,2,0,"Occasional",1,24.85,"No",0,"Female",20,"Yes","Yes",19,1,"No",0,2,0,"Occasional",1,24.85,"No",0,21
"7916-VCCPB","Female",48,"Yes","Yes",16,1,"5G",2,2,0,"Occasional",1,73.25,"No",1,"Female",48,"Yes","Yes",16,1,"5G",2,2,0,"Occasional",1,73.25,"No",1,9
"7919-ZODZZ","Female",51,"No","No",10,1,"DSL",2,2,2,"Occasional",12,65.9,"No",0,"Female",51,"No","No",10,1,"DSL",2,2,2,"Occasional",12,65.9,"No",0,16
"7921-BEPCI","Female",27,"No","No",72,2,"DSL",3,2,0,"Occasional",24,59.75,"No",0,"Female",27,"No","No",72,2,"DSL",3,2,0,"Occasional",24,59.75,"No",0,17
"7923-IYJWY","Male",82,"No","No",67,2,"No",3,3,3,"Occasional",24,116.1,"No",0,"Male",82,"No","No",67,2,"No",3,3,3,"Occasional",24,116.1,"No",0,5
"7926-IJOOU","Male",55,"No","No",1,1,"No",0,1,0,"Occasional",1,19.3,"No",0,"Male",55,"No","No",1,1,"No",0,1,0,"Occasional",1,19.3,"No",0,29
"7928-VJYAB","Male",34,"Yes","Yes",11,1,"5G",0,2,3,"Occasional",1,90.6,"No",0,"Male",34,"Yes","Yes",11,1,"5G",0,2,3,"Occasional",1,90.6,"No",0,43
"7929-DMBCV","Female",30,"Yes","No",20,1,"5G",0,3,0,"Occasional",1,81,"No",1,"Female",30,"Yes","No",20,1,"5G",0,3,0,"Occasional",1,81,"No",1,1
"7931-PXHFC","Male",64,"No","No",38,1,"DSL",0,3,2,"Occasional",12,62.3,"Yes",0,"Male",64,"No","No",38,1,"DSL",0,3,2,"Occasional",12,62.3,"Yes",0,NA
"7932-WPTDS","Female",74,"Yes","No",1,0,"DSL",0,2,0,"Frequent",1,24.8,"Yes",0,"Female",74,"Yes","No",1,0,"DSL",0,2,0,"Frequent",1,24.8,"Yes",0,NA
"7938-OUHIO","Male",19,"No","No",3,1,"No",0,3,3,"Occasional",1,98.7,"Yes",0,"Male",19,"No","No",3,1,"No",0,3,3,"Occasional",1,98.7,"Yes",0,NA
"7945-HLKEA","Female",39,"No","No",60,2,"5G",1,3,0,"Occasional",12,64.75,"No",1,"Female",39,"No","No",60,2,"5G",1,3,0,"Occasional",12,64.75,"No",1,38
"7945-PRBVF","Male",46,"No","No",35,1,"No",0,1,0,"Occasional",24,21.45,"No",0,"Male",46,"No","No",35,1,"No",0,1,0,"Occasional",24,21.45,"No",0,22
"7950-XWOVN","Male",47,"No","No",11,0,"DSL",2,2,0,"Occasional",1,34.7,"No",0,"Male",47,"No","No",11,0,"DSL",2,2,0,"Occasional",1,34.7,"No",0,27
"7951-VRDVK","Female",36,"No","No",36,1,"5G",3,3,3,"Occasional",12,85.85,"No",0,"Female",36,"No","No",36,1,"5G",3,3,3,"Occasional",12,85.85,"No",0,0
"7952-OBOYL","Male",56,"No","No",3,1,"Fiber optic",0,3,1,"Occasional",1,89.85,"No",0,"Male",56,"No","No",3,1,"Fiber optic",0,3,1,"Occasional",1,89.85,"No",0,31
"7954-MLBUN","Male",43,"No","No",31,1,"5G",0,3,3,"Occasional",24,99.45,"No",1,"Male",43,"No","No",31,1,"5G",0,3,3,"Occasional",24,99.45,"No",1,0
"7963-GQRMY","Female",44,"Yes","Yes",3,1,"5G",0,2,0,"Frequent",1,44.3,"Yes",0,"Female",44,"Yes","Yes",3,1,"5G",0,2,0,"Frequent",1,44.3,"Yes",0,NA
"7963-SHNDT","Female",22,"No","No",52,1,"No",3,3,0,"Occasional",24,39.1,"No",0,"Female",22,"No","No",52,1,"No",3,3,0,"Occasional",24,39.1,"No",0,40
"7964-VEXDG","Male",33,"No","Yes",21,2,"Fiber optic",1,2,0,"Occasional",1,80.35,"No",0,"Male",33,"No","Yes",21,2,"Fiber optic",1,2,0,"Occasional",1,80.35,"No",0,24
"7964-YESJC","Female",31,"Yes","No",24,2,"DSL",3,2,0,"Occasional",1,66.3,"No",0,"Female",31,"Yes","No",24,2,"DSL",3,2,0,"Occasional",1,66.3,"No",0,32
"7964-ZRKKG","Male",30,"Yes","No",67,2,"Fiber optic",2,2,1,"Occasional",12,88.4,"No",0,"Male",30,"Yes","No",67,2,"Fiber optic",2,2,1,"Occasional",12,88.4,"No",0,5
"7966-YOTQW","Male",47,"No","No",10,1,"No",1,2,0,"Occasional",1,54.5,"No",0,"Male",47,"No","No",10,1,"No",1,2,0,"Occasional",1,54.5,"No",0,3
"7967-HYCDE","Male",30,"No","No",8,1,"5G",0,2,0,"Occasional",1,70.7,"No",0,"Male",30,"No","No",8,1,"5G",0,2,0,"Occasional",1,70.7,"No",0,10
"7968-QUXNS","Male",52,"No","No",6,1,"DSL",0,1,0,"Occasional",1,18.95,"No",0,"Male",52,"No","No",6,1,"DSL",0,1,0,"Occasional",1,18.95,"No",0,29
"7969-AULMZ","Female",49,"No","No",21,2,"Fiber optic",0,2,3,"Frequent",1,97.35,"Yes",0,"Female",49,"No","No",21,2,"Fiber optic",0,2,3,"Frequent",1,97.35,"Yes",0,NA
"7969-FFOWG","Male",49,"No","No",65,1,"5G",0,1,0,"Occasional",24,19.9,"No",1,"Male",49,"No","No",65,1,"5G",0,1,0,"Occasional",24,19.9,"No",1,34
"7971-HLVXI","Male",42,"Yes","Yes",72,2,"5G",0,2,2,"Occasional",24,84.5,"No",1,"Male",42,"Yes","Yes",72,2,"5G",0,2,2,"Occasional",24,84.5,"No",1,45
"7973-DZRKH","Female",38,"No","Yes",66,2,"Fiber optic",1,3,0,"Occasional",24,90.95,"No",0,"Female",38,"No","Yes",66,2,"Fiber optic",1,3,0,"Occasional",24,90.95,"No",0,10
"7975-JMZNT","Male",54,"Yes","No",66,2,"DSL",3,3,3,"Occasional",24,91.7,"No",0,"Male",54,"Yes","No",66,2,"DSL",3,3,3,"Occasional",24,91.7,"No",0,0
"7975-TZMLR","Male",54,"No","No",47,2,"DSL",2,2,3,"Occasional",12,103.1,"No",1,"Male",54,"No","No",47,2,"DSL",2,2,3,"Occasional",12,103.1,"No",1,29
"7976-CICYS","Male",57,"No","No",4,1,"No",0,1,0,"Occasional",1,20.7,"No",0,"Male",57,"No","No",4,1,"No",0,1,0,"Occasional",1,20.7,"No",0,1
"7978-DKUQH","Female",58,"Yes","No",25,1,"5G",0,2,0,"Occasional",1,74.6,"No",0,"Female",58,"Yes","No",25,1,"5G",0,2,0,"Occasional",1,74.6,"No",0,32
"7979-CORPM","Male",19,"No","No",24,2,"DSL",2,2,1,"Frequent",1,90.55,"Yes",0,"Male",19,"No","No",24,2,"DSL",2,2,1,"Frequent",1,90.55,"Yes",0,NA
"7980-MHFLQ","Female",21,"Yes","Yes",72,2,"No",0,1,0,"Occasional",24,24.9,"No",0,"Female",21,"Yes","Yes",72,2,"No",0,1,0,"Occasional",24,24.9,"No",0,27
"7982-VCELR","Female",46,"No","No",36,1,"5G",2,2,3,"Occasional",1,94.8,"No",1,"Female",46,"No","No",36,1,"5G",2,2,3,"Occasional",1,94.8,"No",1,25
"7989-AWGEH","Male",51,"No","No",49,0,"DSL",1,2,2,"Occasional",1,39.2,"No",0,"Male",51,"No","No",49,0,"DSL",1,2,2,"Occasional",1,39.2,"No",0,7
"7989-CHGTL","Male",55,"No","No",1,1,"5G",0,1,0,"Occasional",1,19.6,"Yes",1,"Male",55,"No","No",1,1,"5G",0,1,0,"Occasional",1,19.6,"Yes",1,NA
"7989-VCQOH","Male",27,"Yes","Yes",18,1,"DSL",1,3,3,"Occasional",1,83.25,"No",0,"Male",27,"Yes","Yes",18,1,"DSL",1,3,3,"Occasional",1,83.25,"No",0,22
"7993-NQLJE","Male",64,"Yes","Yes",15,2,"No",1,2,0,"Occasional",1,75.1,"No",0,"Male",64,"Yes","Yes",15,2,"No",1,2,0,"Occasional",1,75.1,"No",0,18
"7993-PYKOF","Male",47,"Yes","No",8,1,"DSL",1,2,0,"Frequent",1,75,"Yes",0,"Male",47,"Yes","No",8,1,"DSL",1,2,0,"Frequent",1,75,"Yes",0,NA
"7994-UYIVZ","Male",64,"Yes","No",8,1,"No",0,2,2,"Occasional",1,85.65,"No",0,"Male",64,"Yes","No",8,1,"No",0,2,2,"Occasional",1,85.65,"No",0,45
"7994-XIRTR","Male",80,"No","No",54,1,"DSL",0,3,2,"Occasional",12,65.25,"No",0,"Male",80,"No","No",54,1,"DSL",0,3,2,"Occasional",12,65.25,"No",0,16
"7995-ZHHNZ","Male",20,"Yes","No",42,2,"DSL",1,2,0,"Occasional",12,56.1,"No",0,"Male",20,"Yes","No",42,2,"DSL",1,2,0,"Occasional",12,56.1,"No",0,30
"7996-MHXLW","Female",20,"No","No",66,2,"5G",0,1,0,"Occasional",24,25.15,"No",0,"Female",20,"No","No",66,2,"5G",0,1,0,"Occasional",24,25.15,"No",0,10
"7997-EASSD","Female",46,"Yes","No",63,2,"5G",0,3,0,"Occasional",12,81.2,"No",1,"Female",46,"Yes","No",63,2,"5G",0,3,0,"Occasional",12,81.2,"No",1,5
"7998-WNZEM","Male",35,"No","No",71,2,"DSL",3,3,2,"Occasional",24,80.6,"No",0,"Male",35,"No","No",71,2,"DSL",3,3,2,"Occasional",24,80.6,"No",0,35
"7998-ZLXWN","Female",36,"No","No",15,1,"No",0,1,0,"Occasional",1,20.45,"No",0,"Female",36,"No","No",15,1,"No",0,1,0,"Occasional",1,20.45,"No",0,39
"8003-EWNDZ","Female",64,"No","No",10,1,"No",0,1,0,"Occasional",1,21.2,"No",0,"Female",64,"No","No",10,1,"No",0,1,0,"Occasional",1,21.2,"No",0,35
"8007-YYPWD","Female",42,"No","No",15,2,"5G",0,1,0,"Occasional",24,25.05,"No",0,"Female",42,"No","No",15,2,"5G",0,1,0,"Occasional",24,25.05,"No",0,17
"8008-ESFLK","Female",36,"Yes","No",53,1,"Fiber optic",3,3,3,"Occasional",12,110.5,"No",0,"Female",36,"Yes","No",53,1,"Fiber optic",3,3,3,"Occasional",12,110.5,"No",0,15
"8008-HAWED","Male",34,"No","No",14,0,"DSL",0,2,3,"Frequent",1,50.75,"Yes",0,"Male",34,"No","No",14,0,"DSL",0,2,3,"Frequent",1,50.75,"Yes",0,NA
"8010-EZLOU","Male",76,"No","No",15,2,"Fiber optic",2,2,0,"Frequent",1,80.2,"Yes",0,"Male",76,"No","No",15,2,"Fiber optic",2,2,0,"Frequent",1,80.2,"Yes",0,NA
"8012-SOUDQ","Female",72,"No","No",43,2,"DSL",2,2,1,"Occasional",1,90.25,"No",1,"Female",72,"No","No",43,2,"DSL",2,2,1,"Occasional",1,90.25,"No",1,59
"8015-IHCGW","Female",26,"Yes","Yes",72,2,"Fiber optic",3,3,3,"Occasional",24,115.5,"No",0,"Female",26,"Yes","Yes",72,2,"Fiber optic",3,3,3,"Occasional",24,115.5,"No",0,5
"8016-NCFVO","Male",68,"No","No",55,2,"Fiber optic",3,3,3,"Occasional",1,116.5,"No",0,"Male",68,"No","No",55,2,"Fiber optic",3,3,3,"Occasional",1,116.5,"No",0,25
"8017-LXHFA","Female",76,"No","No",23,1,"5G",2,2,3,"Frequent",1,94.75,"Yes",0,"Female",76,"No","No",23,1,"5G",2,2,3,"Frequent",1,94.75,"Yes",0,NA
"8017-UVSZU","Female",28,"Yes","No",40,2,"5G",2,2,0,"Occasional",1,56.6,"No",1,"Female",28,"Yes","No",40,2,"5G",2,2,0,"Occasional",1,56.6,"No",1,58
"8019-ENHXU","Male",51,"Yes","No",42,2,"Fiber optic",2,3,2,"Occasional",1,99.45,"Yes",0,"Male",51,"Yes","No",42,2,"Fiber optic",2,3,2,"Occasional",1,99.45,"Yes",0,NA
"8020-BWHYL","Female",72,"No","No",15,1,"Fiber optic",2,2,0,"Frequent",1,75.3,"Yes",0,"Female",72,"No","No",15,1,"Fiber optic",2,2,0,"Frequent",1,75.3,"Yes",0,NA
"8023-QHAIO","Female",82,"Yes","No",56,2,"Fiber optic",0,3,0,"Occasional",1,76.85,"No",0,"Female",82,"Yes","No",56,2,"Fiber optic",0,3,0,"Occasional",1,76.85,"No",0,29
"8028-PNXHQ","Male",20,"Yes","Yes",62,2,"5G",0,1,0,"Occasional",24,24.25,"No",1,"Male",20,"Yes","Yes",62,2,"5G",0,1,0,"Occasional",24,24.25,"No",1,40
"8029-XYPWT","Male",88,"Yes","No",71,2,"Fiber optic",3,3,3,"Occasional",24,115.05,"No",0,"Male",88,"Yes","No",71,2,"Fiber optic",3,3,3,"Occasional",24,115.05,"No",0,13
"8033-VCZGH","Male",59,"Yes","No",50,2,"Fiber optic",1,2,3,"Occasional",12,103.95,"No",0,"Male",59,"Yes","No",50,2,"Fiber optic",1,2,3,"Occasional",12,103.95,"No",0,15
"8034-RYTVV","Female",43,"No","No",55,2,"Fiber optic",1,2,0,"Occasional",12,84.25,"No",0,"Female",43,"No","No",55,2,"Fiber optic",1,2,0,"Occasional",12,84.25,"No",0,11
"8035-PWSEV","Female",54,"No","No",6,1,"Fiber optic",0,3,2,"Occasional",1,89.25,"No",0,"Female",54,"No","No",6,1,"Fiber optic",0,3,2,"Occasional",1,89.25,"No",0,38
"8039-ACLPL","Female",19,"Yes","Yes",72,1,"5G",3,2,2,"Occasional",24,68.75,"No",0,"Female",19,"Yes","Yes",72,1,"5G",3,2,2,"Occasional",24,68.75,"No",0,11
"8039-EQPIM","Male",42,"Yes","No",69,0,"DSL",1,3,3,"Occasional",24,60.25,"No",0,"Male",42,"Yes","No",69,0,"DSL",1,3,3,"Occasional",24,60.25,"No",0,10
"8040-MNRTF","Female",44,"No","No",1,1,"5G",0,2,0,"Occasional",1,71.1,"No",1,"Female",44,"No","No",1,1,"5G",0,2,0,"Occasional",1,71.1,"No",1,5
"8041-TMEID","Male",85,"Yes","No",63,2,"Fiber optic",3,2,3,"Occasional",24,108.5,"No",0,"Male",85,"Yes","No",63,2,"Fiber optic",3,2,3,"Occasional",24,108.5,"No",0,9
"8042-JVNFH","Male",47,"No","No",1,1,"Fiber optic",0,2,0,"Frequent",1,71.35,"Yes",0,"Male",47,"No","No",1,1,"Fiber optic",0,2,0,"Frequent",1,71.35,"Yes",0,NA
"8042-RNLKO","Male",39,"No","No",66,2,"No",0,1,0,"Occasional",12,25.45,"No",0,"Male",39,"No","No",66,2,"No",0,1,0,"Occasional",12,25.45,"No",0,25
"8044-BGWPI","Male",63,"No","No",12,1,"No",0,1,0,"Occasional",1,21.15,"No",0,"Male",63,"No","No",12,1,"No",0,1,0,"Occasional",1,21.15,"No",0,34
"8046-DNVTL","Male",19,"Yes","No",62,1,"No",3,3,0,"Occasional",24,38.6,"No",0,"Male",19,"Yes","No",62,1,"No",3,3,0,"Occasional",24,38.6,"No",0,6
"8048-DSDFQ","Male",62,"No","No",1,1,"No",0,1,0,"Occasional",1,20.2,"No",0,"Male",62,"No","No",1,1,"No",0,1,0,"Occasional",1,20.2,"No",0,44
"8049-WJCLQ","Male",48,"Yes","Yes",10,1,"DSL",0,2,1,"Occasional",1,60.2,"No",0,"Male",48,"Yes","Yes",10,1,"DSL",0,2,1,"Occasional",1,60.2,"No",0,2
"8050-DVOJX","Male",68,"No","No",49,2,"DSL",3,3,2,"Occasional",24,81.35,"No",0,"Male",68,"No","No",49,2,"DSL",3,3,2,"Occasional",24,81.35,"No",0,17
"8051-HJRLT","Female",88,"No","No",1,1,"5G",0,2,0,"Frequent",1,70.55,"Yes",0,"Female",88,"No","No",1,1,"5G",0,2,0,"Frequent",1,70.55,"Yes",0,NA
"8053-WWDRO","Female",22,"Yes","No",6,1,"No",0,1,0,"Occasional",1,19.5,"Yes",0,"Female",22,"Yes","No",6,1,"No",0,1,0,"Occasional",1,19.5,"Yes",0,NA
"8058-DMYRU","Male",86,"No","No",54,2,"5G",2,2,2,"Occasional",1,90.05,"No",0,"Male",86,"No","No",54,2,"5G",2,2,2,"Occasional",1,90.05,"No",0,41
"8058-INTPH","Female",63,"No","No",1,1,"Fiber optic",0,2,1,"Frequent",1,79.65,"Yes",0,"Female",63,"No","No",1,1,"Fiber optic",0,2,1,"Frequent",1,79.65,"Yes",0,NA
"8059-UDZFY","Female",88,"No","Yes",33,1,"No",2,2,3,"Occasional",1,105.35,"No",0,"Female",88,"No","Yes",33,1,"No",2,2,3,"Occasional",1,105.35,"No",0,40
"8062-YBDOE","Male",79,"No","No",1,1,"Fiber optic",0,2,0,"Frequent",1,69.65,"Yes",0,"Male",79,"No","No",1,1,"Fiber optic",0,2,0,"Frequent",1,69.65,"Yes",0,NA
"8063-GBATB","Female",68,"No","No",27,2,"Fiber optic",0,2,2,"Frequent",1,85.25,"Yes",0,"Female",68,"No","No",27,2,"Fiber optic",0,2,2,"Frequent",1,85.25,"Yes",0,NA
"8064-RAVOH","Male",25,"No","Yes",1,1,"5G",0,2,0,"Occasional",1,49.85,"No",0,"Male",25,"No","Yes",1,1,"5G",0,2,0,"Occasional",1,49.85,"No",0,14
"8065-QBYTO","Female",86,"No","No",71,2,"Fiber optic",3,3,1,"Occasional",12,99.65,"No",0,"Female",86,"No","No",71,2,"Fiber optic",3,3,1,"Occasional",12,99.65,"No",0,45
"8067-NIOYM","Female",62,"No","No",24,1,"5G",0,1,0,"Occasional",24,21.1,"No",1,"Female",62,"No","No",24,1,"5G",0,1,0,"Occasional",24,21.1,"No",1,18
"8069-RHUXK","Female",55,"No","No",67,0,"5G",1,3,0,"Occasional",24,35.7,"No",0,"Female",55,"No","No",67,0,"5G",1,3,0,"Occasional",24,35.7,"No",0,5
"8070-AAWZP","Male",87,"Yes","No",24,1,"DSL",0,3,0,"Occasional",1,34.25,"No",0,"Male",87,"Yes","No",24,1,"DSL",0,3,0,"Occasional",1,34.25,"No",0,2
"8071-SBTRN","Female",37,"No","No",70,2,"Fiber optic",3,2,3,"Occasional",24,111.15,"No",0,"Female",37,"No","No",70,2,"Fiber optic",3,2,3,"Occasional",24,111.15,"No",0,9
"8079-XRJRS","Male",40,"Yes","No",65,2,"Fiber optic",3,2,0,"Frequent",12,89.75,"Yes",0,"Male",40,"Yes","No",65,2,"Fiber optic",3,2,0,"Occasional",12,89.75,"Yes",0,NA
"8080-DDEMJ","Male",67,"No","No",1,1,"5G",0,2,0,"Frequent",1,45.1,"Yes",0,"Male",67,"No","No",1,1,"5G",0,2,0,"Frequent",1,45.1,"Yes",0,NA
"8080-POTJR","Female",27,"No","No",30,2,"DSL",1,2,3,"Occasional",12,79.3,"No",0,"Female",27,"No","No",30,2,"DSL",1,2,3,"Occasional",12,79.3,"No",0,11
"8082-GHXOP","Male",21,"No","Yes",13,1,"DSL",0,2,0,"Occasional",1,44,"No",0,"Male",21,"No","Yes",13,1,"DSL",0,2,0,"Occasional",1,44,"No",0,2
"8083-YTZES","Male",49,"No","No",4,2,"Fiber optic",0,2,0,"Occasional",1,74.35,"Yes",0,"Male",49,"No","No",4,2,"Fiber optic",0,2,0,"Occasional",1,74.35,"Yes",0,NA
"8085-MSNLK","Female",58,"Yes","No",62,2,"Fiber optic",3,3,3,"Occasional",24,113.95,"No",0,"Female",58,"Yes","No",62,2,"Fiber optic",3,3,3,"Occasional",24,113.95,"No",0,30
"8086-OVPWV","Male",41,"No","No",2,1,"5G",0,2,2,"Frequent",1,80.2,"Yes",0,"Male",41,"No","No",2,1,"5G",0,2,2,"Frequent",1,80.2,"Yes",0,NA
"8087-LGYHQ","Male",62,"No","No",9,1,"5G",0,2,3,"Occasional",1,94.05,"No",0,"Male",62,"No","No",9,1,"5G",0,2,3,"Occasional",1,94.05,"No",0,33
"8091-TTVAX","Male",42,"Yes","No",58,2,"DSL",0,2,3,"Occasional",12,100.35,"No",1,"Male",42,"Yes","No",58,2,"DSL",0,2,3,"Occasional",12,100.35,"No",1,45
"8095-WANWK","Female",58,"No","No",10,1,"5G",0,2,0,"Occasional",1,45.25,"No",1,"Female",58,"No","No",10,1,"5G",0,2,0,"Occasional",1,45.25,"No",1,13
"8096-LOIST","Female",29,"No","No",19,1,"5G",0,2,2,"Occasional",1,56.2,"No",0,"Female",29,"No","No",19,1,"5G",0,2,2,"Occasional",1,56.2,"No",0,16
"8097-OMULG","Male",36,"Yes","Yes",59,1,"DSL",2,3,3,"Occasional",12,76.75,"No",0,"Male",36,"Yes","Yes",59,1,"DSL",2,3,3,"Occasional",12,76.75,"No",0,26
"8097-VBQTZ","Male",27,"No","No",54,1,"DSL",3,3,1,"Occasional",1,69.9,"No",0,"Male",27,"No","No",54,1,"DSL",3,3,1,"Occasional",1,69.9,"No",0,4
"8098-LLAZX","Female",87,"No","No",4,2,"5G",0,2,3,"Occasional",1,95.45,"Yes",1,"Female",87,"No","No",4,2,"5G",0,2,3,"Frequent",1,95.45,"Yes",1,NA
"8098-TDCBU","Female",61,"No","No",42,2,"5G",0,1,0,"Occasional",24,25.25,"No",1,"Female",61,"No","No",42,2,"5G",0,1,0,"Occasional",24,25.25,"No",1,20
"8100-HZZLJ","Female",24,"No","Yes",43,1,"5G",3,2,2,"Occasional",1,63.95,"No",0,"Female",24,"No","Yes",43,1,"5G",3,2,2,"Occasional",1,63.95,"No",0,18
"8100-PNJMH","Male",47,"Yes","Yes",68,2,"5G",3,3,3,"Occasional",24,88.85,"No",1,"Male",47,"Yes","Yes",68,2,"5G",3,3,3,"Occasional",24,88.85,"No",1,12
"8104-OSKWT","Female",33,"No","No",12,2,"Fiber optic",1,2,0,"Occasional",1,79.8,"No",0,"Female",33,"No","No",12,2,"Fiber optic",1,2,0,"Occasional",1,79.8,"No",0,3
"8106-GWQOK","Male",61,"Yes","No",38,0,"DSL",3,3,3,"Occasional",24,60,"No",0,"Male",61,"Yes","No",38,0,"DSL",3,3,3,"Occasional",24,60,"No",0,18
"8107-RZLNV","Male",45,"Yes","No",72,2,"Fiber optic",2,2,3,"Occasional",24,106.3,"No",0,"Male",45,"Yes","No",72,2,"Fiber optic",2,2,3,"Occasional",24,106.3,"No",0,37
"8108-UXRQN","Female",28,"Yes","Yes",11,0,"5G",1,2,3,"Occasional",1,50.55,"No",1,"Female",28,"Yes","Yes",11,0,"5G",1,2,3,"Occasional",1,50.55,"No",1,53
"8109-YUOHE","Male",41,"No","No",17,1,"DSL",3,2,0,"Occasional",12,56.1,"No",0,"Male",41,"No","No",17,1,"DSL",3,2,0,"Occasional",12,56.1,"No",0,10
"8111-BKVDS","Female",33,"No","No",10,0,"5G",3,2,0,"Occasional",1,40.7,"No",1,"Female",33,"No","No",10,0,"5G",3,2,0,"Occasional",1,40.7,"No",1,26
"8111-RKSPX","Male",30,"No","No",4,2,"Fiber optic",0,2,0,"Frequent",1,72.2,"Yes",0,"Male",30,"No","No",4,2,"Fiber optic",0,2,0,"Occasional",1,72.2,"Yes",0,NA
"8111-SLLHI","Male",77,"Yes","No",39,2,"5G",2,2,3,"Occasional",1,105.65,"Yes",0,"Male",77,"Yes","No",39,2,"5G",2,2,3,"Frequent",1,105.65,"Yes",0,NA
"8118-LSUEL","Male",88,"No","No",23,1,"No",2,2,3,"Frequent",1,106.4,"Yes",0,"Male",88,"No","No",23,1,"No",2,2,3,"Frequent",1,106.4,"Yes",0,NA
"8118-TJAFG","Male",25,"Yes","Yes",9,1,"Fiber optic",2,3,3,"Occasional",1,101.5,"No",0,"Male",25,"Yes","Yes",9,1,"Fiber optic",2,3,3,"Occasional",1,101.5,"No",0,31
"8120-JDCAM","Male",58,"Yes","Yes",4,1,"DSL",0,2,0,"Occasional",1,69.55,"No",0,"Male",58,"Yes","Yes",4,1,"DSL",0,2,0,"Occasional",1,69.55,"No",0,44
"8124-NZVGJ","Female",55,"No","No",6,0,"DSL",0,3,3,"Occasional",12,49.25,"No",0,"Female",55,"No","No",6,0,"DSL",0,3,3,"Occasional",12,49.25,"No",0,28
"8128-YVJRG","Female",19,"No","No",7,1,"No",1,2,0,"Frequent",1,79.65,"Yes",0,"Female",19,"No","No",7,1,"No",1,2,0,"Frequent",1,79.65,"Yes",0,NA
"8129-GMVGI","Female",58,"No","No",56,1,"No",0,1,0,"Occasional",24,20.05,"No",0,"Female",58,"No","No",56,1,"No",0,1,0,"Occasional",24,20.05,"No",0,33
"8132-YPVBX","Female",59,"No","No",6,1,"Fiber optic",2,2,2,"Occasional",1,85.95,"No",0,"Female",59,"No","No",6,1,"Fiber optic",2,2,2,"Occasional",1,85.95,"No",0,0
"8138-EALND","Male",21,"No","No",15,1,"5G",0,1,0,"Occasional",1,19.75,"No",1,"Male",21,"No","No",15,1,"5G",0,1,0,"Occasional",1,19.75,"No",1,41
"8143-ETQTI","Female",41,"No","No",23,1,"No",0,1,0,"Occasional",24,19.65,"No",0,"Female",41,"No","No",23,1,"No",0,1,0,"Occasional",24,19.65,"No",0,13
"8144-DGHXP","Female",60,"No","No",54,1,"DSL",1,3,3,"Occasional",24,80.6,"No",0,"Female",60,"No","No",54,1,"DSL",1,3,3,"Occasional",24,80.6,"No",0,43
"8146-QQKZH","Female",47,"Yes","No",71,1,"5G",1,3,3,"Occasional",24,81.85,"No",0,"Female",47,"Yes","No",71,1,"5G",1,3,3,"Occasional",24,81.85,"No",0,23
"8148-BPLZQ","Male",57,"No","No",34,1,"DSL",2,2,0,"Occasional",1,49.8,"No",0,"Male",57,"No","No",34,1,"DSL",2,2,0,"Occasional",1,49.8,"No",0,18
"8148-NLEGT","Female",20,"Yes","Yes",42,1,"No",0,1,0,"Occasional",24,22.95,"No",0,"Female",20,"Yes","Yes",42,1,"No",0,1,0,"Occasional",24,22.95,"No",0,12
"8148-WOCMK","Male",19,"Yes","Yes",8,1,"No",0,1,0,"Occasional",24,19.6,"No",0,"Male",19,"Yes","Yes",8,1,"No",0,1,0,"Occasional",24,19.6,"No",0,34
"8149-AIQCG","Male",37,"No","No",39,2,"Fiber optic",0,2,0,"Occasional",1,73.15,"No",0,"Male",37,"No","No",39,2,"Fiber optic",0,2,0,"Occasional",1,73.15,"No",0,41
"8158-WPEZG","Male",57,"No","No",11,0,"DSL",2,3,0,"Occasional",1,35.65,"No",0,"Male",57,"No","No",11,0,"DSL",2,3,0,"Occasional",1,35.65,"No",0,24
"8161-QYMTT","Male",27,"No","No",7,2,"Fiber optic",0,2,3,"Occasional",1,94.1,"No",0,"Male",27,"No","No",7,2,"Fiber optic",0,2,3,"Occasional",1,94.1,"No",0,32
"8164-OCKUJ","Female",49,"No","No",59,1,"No",0,1,0,"Occasional",24,20.6,"No",0,"Female",49,"No","No",59,1,"No",0,1,0,"Occasional",24,20.6,"No",0,17
"8165-CBKXO","Male",25,"Yes","Yes",66,0,"DSL",2,2,3,"Occasional",24,56.75,"No",0,"Male",25,"Yes","Yes",66,0,"DSL",2,2,3,"Occasional",24,56.75,"No",0,28
"8165-ZJRNM","Female",42,"No","No",72,2,"5G",0,1,0,"Occasional",24,23.75,"No",1,"Female",42,"No","No",72,2,"5G",0,1,0,"Occasional",24,23.75,"No",1,19
"8166-ORCHU","Male",74,"Yes","No",33,1,"No",3,3,2,"Occasional",12,93.55,"No",0,"Male",74,"Yes","No",33,1,"No",3,3,2,"Occasional",12,93.55,"No",0,28
"8166-ZZTFS","Female",82,"Yes","No",66,2,"DSL",2,2,3,"Frequent",24,80.55,"Yes",0,"Female",82,"Yes","No",66,2,"DSL",2,2,3,"Frequent",24,80.55,"Yes",0,NA
"8167-GJLRN","Male",64,"No","No",3,0,"5G",0,3,0,"Occasional",1,30.4,"No",1,"Male",64,"No","No",3,0,"5G",0,3,0,"Occasional",1,30.4,"No",1,57
"8168-UQWWF","Female",34,"No","No",11,2,"5G",0,2,3,"Frequent",1,97.85,"Yes",1,"Female",34,"No","No",11,2,"5G",0,2,3,"Frequent",1,97.85,"Yes",1,NA
"8169-SAEJD","Male",66,"Yes","No",69,0,"DSL",3,2,3,"Occasional",24,56.55,"No",0,"Male",66,"Yes","No",69,0,"DSL",3,2,3,"Occasional",24,56.55,"No",0,0
"8173-RXAYP","Female",19,"Yes","Yes",24,1,"No",0,1,0,"Occasional",24,19.7,"No",0,"Female",19,"Yes","Yes",24,1,"No",0,1,0,"Occasional",24,19.7,"No",0,44
"8174-LNWMW","Female",55,"No","No",31,1,"No",0,1,0,"Occasional",24,20.9,"No",0,"Female",55,"No","No",31,1,"No",0,1,0,"Occasional",24,20.9,"No",0,30
"8174-TBVCF","Female",49,"Yes","No",70,1,"No",3,3,3,"Occasional",24,94.8,"No",0,"Female",49,"Yes","No",70,1,"No",3,3,3,"Occasional",24,94.8,"No",0,27
"8180-AKMJV","Female",41,"No","No",1,1,"DSL",0,2,0,"Occasional",1,44.55,"No",0,"Female",41,"No","No",1,1,"DSL",0,2,0,"Occasional",1,44.55,"No",0,20
"8181-YHCMF","Female",21,"Yes","Yes",68,0,"5G",2,3,3,"Occasional",24,60.3,"No",1,"Female",21,"Yes","Yes",68,0,"5G",2,3,3,"Occasional",24,60.3,"No",1,43
"8182-BJDSI","Female",55,"No","No",28,2,"5G",2,2,2,"Frequent",1,89.95,"Yes",0,"Female",55,"No","No",28,2,"5G",2,2,2,"Frequent",1,89.95,"Yes",0,NA
"8184-WMOFI","Male",24,"Yes","Yes",62,1,"5G",1,3,2,"Occasional",12,71.4,"No",1,"Male",24,"Yes","Yes",62,1,"5G",1,3,2,"Occasional",12,71.4,"No",1,0
"8185-UPYBR","Male",42,"Yes","No",6,1,"DSL",0,2,0,"Frequent",1,75.5,"Yes",0,"Male",42,"Yes","No",6,1,"DSL",0,2,0,"Frequent",1,75.5,"Yes",0,NA
"8189-DUKMV","Female",56,"No","No",4,1,"No",0,1,0,"Occasional",12,20.5,"No",0,"Female",56,"No","No",4,1,"No",0,1,0,"Occasional",12,20.5,"No",0,37
"8189-XRIKE","Female",68,"No","No",32,1,"Fiber optic",0,2,3,"Occasional",1,90.95,"No",0,"Female",68,"No","No",32,1,"Fiber optic",0,2,3,"Occasional",1,90.95,"No",0,31
"8190-ZTQFB","Male",27,"No","No",41,0,"DSL",0,2,3,"Occasional",12,51.35,"No",0,"Male",27,"No","No",41,0,"DSL",0,2,3,"Occasional",12,51.35,"No",0,15
"8191-XWSZG","Female",48,"No","No",52,1,"5G",0,1,0,"Occasional",12,20.65,"No",1,"Female",48,"No","No",52,1,"5G",0,1,0,"Occasional",12,20.65,"No",1,52
"8194-PEEBY","Female",19,"Yes","Yes",24,1,"No",0,1,0,"Occasional",12,19.9,"No",0,"Female",19,"Yes","Yes",24,1,"No",0,1,0,"Occasional",12,19.9,"No",0,44
"8200-KLNYW","Female",63,"No","No",21,1,"DSL",1,3,3,"Occasional",12,80.9,"No",0,"Female",63,"No","No",21,1,"DSL",1,3,3,"Occasional",12,80.9,"No",0,25
"8200-LGKSR","Male",54,"Yes","No",71,2,"DSL",1,3,3,"Occasional",24,83.2,"No",0,"Male",54,"Yes","No",71,2,"DSL",1,3,3,"Occasional",24,83.2,"No",0,20
"8201-AAXCB","Male",41,"Yes","Yes",25,2,"5G",0,2,1,"Occasional",1,60.35,"No",0,"Male",41,"Yes","Yes",25,2,"5G",0,2,1,"Occasional",1,60.35,"No",0,19
"8203-XJZRC","Male",52,"No","No",1,1,"DSL",0,1,0,"Frequent",1,20.25,"No",1,"Male",52,"No","No",1,1,"DSL",0,1,0,"Occasional",1,20.25,"No",1,65
"8204-YJCLA","Male",89,"Yes","Yes",72,0,"5G",3,3,3,"Occasional",24,64.8,"No",1,"Male",89,"Yes","Yes",72,0,"5G",3,3,3,"Occasional",24,64.8,"No",1,43
"8205-OTCHB","Male",23,"No","No",22,0,"5G",2,2,2,"Occasional",12,43.75,"Yes",1,"Male",23,"No","No",22,0,"5G",2,2,2,"Frequent",12,43.75,"Yes",1,NA
"8205-VSLRB","Male",38,"Yes","No",70,1,"No",1,3,2,"Occasional",24,77.3,"No",0,"Male",38,"Yes","No",70,1,"No",1,3,2,"Occasional",24,77.3,"No",0,9
"8207-DMRVL","Male",54,"Yes","Yes",72,2,"5G",3,3,3,"Occasional",24,114.55,"No",1,"Male",54,"Yes","Yes",72,2,"5G",3,3,3,"Occasional",24,114.55,"No",1,15
"8207-VVMYB","Female",45,"No","No",70,2,"No",0,1,0,"Occasional",24,26,"No",0,"Female",45,"No","No",70,2,"No",0,1,0,"Occasional",24,26,"No",0,34
"8208-EUMTE","Male",40,"No","No",16,0,"5G",3,3,1,"Occasional",24,54.85,"No",1,"Male",40,"No","No",16,0,"5G",3,3,1,"Occasional",24,54.85,"No",1,44
"8212-CRQXP","Female",40,"Yes","No",22,1,"Fiber optic",0,2,1,"Occasional",1,80,"No",0,"Female",40,"Yes","No",22,1,"Fiber optic",0,2,1,"Occasional",1,80,"No",0,20
"8216-AZUUZ","Female",55,"Yes","Yes",42,1,"No",0,3,3,"Occasional",24,100.4,"No",0,"Female",55,"Yes","Yes",42,1,"No",0,3,3,"Occasional",24,100.4,"No",0,34
"8219-VYBVI","Male",45,"No","No",39,2,"No",0,1,0,"Occasional",24,25,"No",0,"Male",45,"No","No",39,2,"No",0,1,0,"Occasional",24,25,"No",0,9
"8220-OCUFY","Female",61,"No","No",21,1,"5G",1,3,0,"Occasional",12,60.25,"No",0,"Female",61,"No","No",21,1,"5G",1,3,0,"Occasional",12,60.25,"No",0,35
"8221-EQDGL","Male",52,"Yes","No",35,1,"DSL",3,2,0,"Occasional",1,61,"No",0,"Male",52,"Yes","No",35,1,"DSL",3,2,0,"Occasional",1,61,"No",0,29
"8224-DWCKX","Male",75,"No","No",12,2,"Fiber optic",0,2,0,"Occasional",1,73.3,"No",0,"Male",75,"No","No",12,2,"Fiber optic",0,2,0,"Occasional",1,73.3,"No",0,21
"8224-IVVPA","Female",52,"No","No",27,1,"5G",3,2,0,"Occasional",1,56.7,"No",1,"Female",52,"No","No",27,1,"5G",3,2,0,"Occasional",1,56.7,"No",1,7
"8224-UAXBZ","Female",23,"Yes","No",58,0,"DSL",3,2,1,"Occasional",12,45.35,"No",0,"Female",23,"Yes","No",58,0,"DSL",3,2,1,"Occasional",12,45.35,"No",0,29
"8226-BXGES","Male",41,"Yes","No",64,2,"5G",3,2,0,"Occasional",12,89.45,"No",0,"Male",41,"Yes","No",64,2,"5G",3,2,0,"Occasional",12,89.45,"No",0,32
"8229-MYEJZ","Female",34,"No","No",10,1,"5G",2,2,0,"Occasional",1,51.2,"No",1,"Female",34,"No","No",10,1,"5G",2,2,0,"Occasional",1,51.2,"No",1,59
"8229-TNIQA","Female",37,"No","No",4,1,"DSL",0,2,0,"Frequent",1,45.3,"Yes",0,"Female",37,"No","No",4,1,"DSL",0,2,0,"Frequent",1,45.3,"Yes",0,NA
"8231-BSWXX","Male",21,"No","No",71,2,"5G",2,2,0,"Occasional",12,79.05,"No",0,"Male",21,"No","No",71,2,"5G",2,2,0,"Occasional",12,79.05,"No",0,1
"8232-CTLKO","Female",35,"Yes","Yes",66,1,"DSL",1,2,1,"Occasional",24,59.75,"No",0,"Female",35,"Yes","Yes",66,1,"DSL",1,2,1,"Occasional",24,59.75,"No",0,26
"8232-UTFOZ","Male",21,"No","No",69,1,"DSL",0,1,0,"Occasional",24,19.95,"No",0,"Male",21,"No","No",69,1,"DSL",0,1,0,"Occasional",24,19.95,"No",0,28
"8234-GSZYK","Male",20,"No","No",43,1,"No",0,1,0,"Occasional",24,26.45,"No",0,"Male",20,"No","No",43,1,"No",0,1,0,"Occasional",24,26.45,"No",0,8
"8237-ULIXL","Female",65,"No","No",72,1,"No",0,1,0,"Occasional",24,24.85,"No",0,"Female",65,"No","No",72,1,"No",0,1,0,"Occasional",24,24.85,"No",0,31
"8242-PDSGJ","Male",63,"No","No",70,0,"DSL",1,3,0,"Occasional",24,39.15,"No",0,"Male",63,"No","No",70,0,"DSL",1,3,0,"Occasional",24,39.15,"No",0,0
"8242-SOQUO","Female",72,"No","No",5,1,"5G",2,2,1,"Occasional",1,84.7,"No",0,"Female",72,"No","No",5,1,"5G",2,2,1,"Occasional",1,84.7,"No",0,65
"8245-UMPYT","Female",72,"No","No",16,1,"DSL",0,2,3,"Frequent",1,96.4,"Yes",0,"Female",72,"No","No",16,1,"DSL",0,2,3,"Frequent",1,96.4,"Yes",0,NA
"8246-SHFGA","Male",19,"No","No",17,1,"DSL",0,1,0,"Occasional",1,21.1,"No",0,"Male",19,"No","No",17,1,"DSL",0,1,0,"Occasional",1,21.1,"No",0,7
"8249-THVEC","Male",63,"No","No",51,1,"No",0,1,0,"Occasional",12,19.4,"No",0,"Male",63,"No","No",51,1,"No",0,1,0,"Occasional",12,19.4,"No",0,15
"8257-RZAHR","Female",30,"Yes","No",14,2,"5G",1,2,1,"Occasional",1,64.7,"Yes",0,"Female",30,"Yes","No",14,2,"5G",1,2,1,"Frequent",1,64.7,"Yes",0,NA
"8258-GSTJK","Male",73,"No","No",3,2,"Fiber optic",0,2,0,"Frequent",1,77,"Yes",0,"Male",73,"No","No",3,2,"Fiber optic",0,2,0,"Frequent",1,77,"Yes",0,NA
"8259-NFJTV","Female",22,"Yes","Yes",7,0,"5G",1,3,0,"Occasional",1,34.65,"No",0,"Female",22,"Yes","Yes",7,0,"5G",1,3,0,"Occasional",1,34.65,"No",0,43
"8261-GWDBQ","Female",68,"Yes","No",60,2,"Fiber optic",3,3,3,"Occasional",24,116.05,"No",0,"Female",68,"Yes","No",60,2,"Fiber optic",3,3,3,"Occasional",24,116.05,"No",0,33
"8262-COGGB","Male",22,"No","No",1,1,"DSL",0,1,0,"Occasional",1,20.45,"No",1,"Male",22,"No","No",1,1,"DSL",0,1,0,"Occasional",1,20.45,"No",1,35
"8263-JQAIK","Male",86,"No","No",2,1,"No",0,2,0,"Frequent",1,24.45,"Yes",0,"Male",86,"No","No",2,1,"No",0,2,0,"Frequent",1,24.45,"Yes",0,NA
"8263-QMNTJ","Male",58,"Yes","No",72,1,"DSL",3,3,3,"Occasional",24,115.55,"No",0,"Male",58,"Yes","No",72,1,"DSL",3,3,3,"Occasional",24,115.55,"No",0,5
"8265-HKSOW","Female",47,"Yes","Yes",72,2,"Fiber optic",3,3,2,"Occasional",24,107.45,"No",0,"Female",47,"Yes","Yes",72,2,"Fiber optic",3,3,2,"Occasional",24,107.45,"No",0,27
"8266-VBFQL","Male",29,"No","No",4,1,"5G",0,3,2,"Occasional",1,90.4,"No",1,"Male",29,"No","No",4,1,"5G",0,3,2,"Occasional",1,90.4,"No",1,50
"8267-ZNYVZ","Female",27,"Yes","No",33,1,"Fiber optic",1,3,3,"Occasional",12,103.75,"Yes",0,"Female",27,"Yes","No",33,1,"Fiber optic",1,3,3,"Occasional",12,103.75,"Yes",0,NA
"8270-RKSAP","Male",45,"No","No",9,1,"5G",0,2,0,"Occasional",1,70.5,"No",1,"Male",45,"No","No",9,1,"5G",0,2,0,"Occasional",1,70.5,"No",1,14
"8272-ONJLV","Male",62,"No","No",12,1,"5G",0,2,3,"Occasional",12,95.7,"No",0,"Male",62,"No","No",12,1,"5G",0,2,3,"Occasional",12,95.7,"No",0,24
"8285-ABVLB","Female",21,"Yes","No",70,1,"No",0,1,0,"Occasional",24,19.85,"No",0,"Female",21,"Yes","No",70,1,"No",0,1,0,"Occasional",24,19.85,"No",0,0
"8286-AFUYI","Male",59,"No","No",1,1,"5G",1,2,0,"Occasional",1,47.95,"No",0,"Male",59,"No","No",1,1,"5G",1,2,0,"Occasional",1,47.95,"No",0,44
"8292-ITGYJ","Female",52,"No","No",45,2,"5G",0,1,0,"Occasional",24,24.65,"No",0,"Female",52,"No","No",45,2,"5G",0,1,0,"Occasional",24,24.65,"No",0,22
"8292-TYSPY","Male",53,"No","No",19,1,"DSL",0,3,0,"Occasional",1,55,"Yes",0,"Male",53,"No","No",19,1,"DSL",0,3,0,"Occasional",1,55,"Yes",0,NA
"8294-UIMBA","Female",61,"No","No",30,1,"Fiber optic",0,3,3,"Occasional",12,94.4,"No",0,"Female",61,"No","No",30,1,"Fiber optic",0,3,3,"Occasional",12,94.4,"No",0,19
"8295-KMENE","Female",54,"Yes","Yes",59,2,"DSL",1,3,1,"Occasional",24,76.45,"No",0,"Female",54,"Yes","Yes",59,2,"DSL",1,3,1,"Occasional",24,76.45,"No",0,16
"8305-VHZBZ","Male",40,"No","No",1,1,"DSL",0,1,0,"Occasional",1,20.2,"Yes",0,"Male",40,"No","No",1,1,"DSL",0,1,0,"Occasional",1,20.2,"Yes",0,NA
"8309-PPCED","Female",43,"No","No",72,2,"Fiber optic",2,3,3,"Occasional",24,110.45,"No",0,"Female",43,"No","No",72,2,"Fiber optic",2,3,3,"Occasional",24,110.45,"No",0,34
"8311-UEUAB","Female",50,"Yes","Yes",67,2,"DSL",1,2,3,"Occasional",24,75.5,"No",0,"Female",50,"Yes","Yes",67,2,"DSL",1,2,3,"Occasional",24,75.5,"No",0,25
"8313-AFGBW","Male",25,"Yes","No",47,1,"DSL",2,2,3,"Occasional",24,73.6,"No",0,"Male",25,"Yes","No",47,1,"DSL",2,2,3,"Occasional",24,73.6,"No",0,22
"8313-NDOIA","Female",63,"No","No",24,2,"5G",2,2,3,"Occasional",1,104.15,"No",1,"Female",63,"No","No",24,2,"5G",2,2,3,"Occasional",1,104.15,"No",1,5
"8314-DPQHL","Male",51,"No","No",9,1,"No",1,3,2,"Occasional",12,50.8,"No",0,"Male",51,"No","No",9,1,"No",1,3,2,"Occasional",12,50.8,"No",0,33
"8314-HTWVE","Female",21,"Yes","Yes",7,1,"No",0,1,0,"Occasional",24,19.85,"No",0,"Female",21,"Yes","Yes",7,1,"No",0,1,0,"Occasional",24,19.85,"No",0,7
"8316-BBQAY","Female",20,"No","No",65,0,"DSL",1,3,3,"Occasional",24,59.95,"No",0,"Female",20,"No","No",65,0,"DSL",1,3,3,"Occasional",24,59.95,"No",0,33
"8319-QBEHW","Male",55,"No","No",26,0,"DSL",2,2,1,"Occasional",12,39.95,"No",0,"Male",55,"No","No",26,0,"DSL",2,2,1,"Occasional",12,39.95,"No",0,23
"8325-QRPZR","Female",26,"No","No",7,1,"No",0,2,0,"Occasional",1,75.15,"No",0,"Female",26,"No","No",7,1,"No",0,2,0,"Occasional",1,75.15,"No",0,33
"8327-LZKAS","Female",66,"Yes","No",43,2,"Fiber optic",0,3,3,"Occasional",12,107.55,"Yes",0,"Female",66,"Yes","No",43,2,"Fiber optic",0,3,3,"Occasional",12,107.55,"Yes",0,NA
"8327-WKMIE","Male",35,"No","No",37,1,"No",0,1,0,"Occasional",12,20.15,"No",0,"Male",35,"No","No",37,1,"No",0,1,0,"Occasional",12,20.15,"No",0,44
"8328-SKJNO","Male",35,"No","Yes",23,0,"DSL",3,3,0,"Occasional",12,40.65,"No",0,"Male",35,"No","Yes",23,0,"DSL",3,3,0,"Occasional",12,40.65,"No",0,11
"8329-IBCTI","Female",20,"No","No",1,1,"5G",0,1,0,"Occasional",1,19.65,"Yes",0,"Female",20,"No","No",1,1,"5G",0,1,0,"Occasional",1,19.65,"Yes",0,NA
"8329-UTMVM","Male",65,"No","No",27,2,"5G",2,3,3,"Occasional",12,104.65,"No",1,"Male",65,"No","No",27,2,"5G",2,3,3,"Occasional",12,104.65,"No",1,9
"8331-ZXFOE","Female",45,"No","No",58,2,"DSL",3,3,0,"Occasional",12,71.1,"No",0,"Female",45,"No","No",58,2,"DSL",3,3,0,"Occasional",12,71.1,"No",0,4
"8336-TAVKX","Female",71,"Yes","No",72,1,"No",3,3,2,"Occasional",24,78.45,"No",0,"Female",71,"Yes","No",72,1,"No",3,3,2,"Occasional",24,78.45,"No",0,0
"8337-MSSXB","Female",27,"No","No",14,1,"5G",2,2,2,"Frequent",1,86.3,"Yes",0,"Female",27,"No","No",14,1,"5G",2,2,2,"Frequent",1,86.3,"Yes",0,NA
"8338-QIUNR","Male",30,"Yes","Yes",72,2,"5G",1,3,0,"Occasional",24,66.5,"No",1,"Male",30,"Yes","Yes",72,2,"5G",1,3,0,"Occasional",24,66.5,"No",1,10
"8344-WFMFH","Male",54,"No","Yes",9,1,"DSL",2,2,0,"Occasional",1,50.1,"No",0,"Male",54,"No","Yes",9,1,"DSL",2,2,0,"Occasional",1,50.1,"No",0,32
"8345-MVDYC","Female",62,"No","No",45,1,"DSL",1,3,3,"Occasional",24,81.65,"No",0,"Female",62,"No","No",45,1,"DSL",1,3,3,"Occasional",24,81.65,"No",0,39
"8347-GDTMP","Female",56,"No","No",64,1,"No",0,1,0,"Occasional",24,19.45,"No",0,"Female",56,"No","No",64,1,"No",0,1,0,"Occasional",24,19.45,"No",0,30
"8348-JLBUG","Male",85,"Yes","No",64,1,"Fiber optic",1,2,0,"Occasional",12,80.3,"No",0,"Male",85,"Yes","No",64,1,"Fiber optic",1,2,0,"Occasional",12,80.3,"No",0,25
"8356-WUAOJ","Female",38,"Yes","No",1,1,"5G",0,2,0,"Occasional",1,45,"No",0,"Female",38,"Yes","No",1,1,"5G",0,2,0,"Occasional",1,45,"No",0,2
"8361-LBRDI","Female",50,"No","No",58,2,"5G",0,1,0,"Occasional",24,24.35,"No",1,"Female",50,"No","No",58,2,"5G",0,1,0,"Occasional",24,24.35,"No",1,11
"8364-TRMMK","Female",59,"No","No",3,2,"DSL",0,2,0,"Frequent",1,50.65,"Yes",0,"Female",59,"No","No",3,2,"DSL",0,2,0,"Occasional",1,50.65,"Yes",0,NA
"8372-JUXUI","Male",46,"No","Yes",1,2,"5G",0,2,0,"Occasional",1,74.35,"Yes",1,"Male",46,"No","Yes",1,2,"5G",0,2,0,"Frequent",1,74.35,"Yes",1,NA
"8374-UULRV","Male",48,"No","No",72,2,"5G",3,3,3,"Occasional",24,86.05,"No",1,"Male",48,"No","No",72,2,"5G",3,3,3,"Occasional",24,86.05,"No",1,2
"8375-DKEBR","Female",65,"No","No",1,1,"5G",0,2,0,"Frequent",1,69.6,"Yes",0,"Female",65,"No","No",1,1,"5G",0,2,0,"Frequent",1,69.6,"Yes",0,NA
"8375-KVTHK","Male",41,"Yes","No",68,1,"Fiber optic",2,3,3,"Occasional",12,100.3,"No",0,"Male",41,"Yes","No",68,1,"Fiber optic",2,3,3,"Occasional",12,100.3,"No",0,26
"8378-LKJAF","Male",19,"Yes","Yes",38,2,"5G",0,2,3,"Occasional",1,101.15,"No",0,"Male",19,"Yes","Yes",38,2,"5G",0,2,3,"Occasional",1,101.15,"No",0,10
"8380-PEFPE","Male",28,"No","Yes",1,1,"5G",0,2,0,"Frequent",1,71.65,"Yes",0,"Male",28,"No","Yes",1,1,"5G",0,2,0,"Frequent",1,71.65,"Yes",0,NA
"8382-SHQEH","Female",58,"Yes","No",8,2,"Fiber optic",0,2,2,"Frequent",1,84.9,"Yes",0,"Female",58,"Yes","No",8,2,"Fiber optic",0,2,2,"Frequent",1,84.9,"Yes",0,NA
"8383-SGHJU","Female",39,"No","No",33,2,"5G",1,3,0,"Occasional",12,59.4,"No",0,"Female",39,"No","No",33,2,"5G",1,3,0,"Occasional",12,59.4,"No",0,12
"8384-FZBJK","Female",37,"Yes","Yes",57,1,"DSL",2,2,3,"Occasional",1,100.6,"No",0,"Female",37,"Yes","Yes",57,1,"DSL",2,2,3,"Occasional",1,100.6,"No",0,25
"8387-MOJJT","Female",44,"Yes","Yes",42,1,"5G",0,2,1,"Frequent",1,77.95,"Yes",0,"Female",44,"Yes","Yes",42,1,"5G",0,2,1,"Frequent",1,77.95,"Yes",0,NA
"8387-UGUSU","Female",21,"Yes","Yes",15,1,"No",0,1,0,"Occasional",1,20.05,"No",0,"Female",21,"Yes","Yes",15,1,"No",0,1,0,"Occasional",1,20.05,"No",0,0
"8388-FYNPZ","Male",48,"No","No",4,1,"5G",1,2,0,"Occasional",1,56.75,"No",1,"Male",48,"No","No",4,1,"5G",1,2,0,"Occasional",1,56.75,"No",1,4
"8393-DLHGA","Male",60,"No","Yes",25,1,"No",2,2,3,"Frequent",1,95.9,"Yes",0,"Male",60,"No","Yes",25,1,"No",2,2,3,"Frequent",1,95.9,"Yes",0,NA
"8393-JMVMB","Male",58,"No","No",1,1,"No",0,1,0,"Occasional",1,19.45,"No",0,"Male",58,"No","No",1,1,"No",0,1,0,"Occasional",1,19.45,"No",0,6
"8395-ETZKQ","Male",89,"Yes","Yes",68,1,"No",0,1,0,"Occasional",12,19.5,"No",0,"Male",89,"Yes","Yes",68,1,"No",0,1,0,"Occasional",12,19.5,"No",0,36
"8397-MVTAZ","Male",28,"Yes","No",34,2,"5G",0,2,3,"Frequent",1,100.05,"Yes",1,"Male",28,"Yes","No",34,2,"5G",0,2,3,"Frequent",1,100.05,"Yes",1,NA
"8398-TBIYD","Female",26,"No","No",72,2,"Fiber optic",1,3,0,"Occasional",24,84.7,"No",0,"Female",26,"No","No",72,2,"Fiber optic",1,3,0,"Occasional",24,84.7,"No",0,12
"8400-WZICQ","Female",19,"Yes","Yes",55,1,"DSL",3,2,0,"Occasional",1,55.7,"No",0,"Female",19,"Yes","Yes",55,1,"DSL",3,2,0,"Occasional",1,55.7,"No",0,13
"8401-EMUWF","Male",45,"Yes","Yes",42,2,"5G",3,2,1,"Occasional",1,69.4,"No",0,"Male",45,"Yes","Yes",42,2,"5G",3,2,1,"Occasional",1,69.4,"No",0,18
"8402-OOOHJ","Female",36,"No","No",41,1,"5G",0,1,0,"Occasional",24,20.65,"No",1,"Female",36,"No","No",41,1,"5G",0,1,0,"Occasional",24,20.65,"No",1,52
"8404-FYDIB","Male",28,"No","No",26,2,"Fiber optic",3,2,0,"Occasional",1,86.65,"No",0,"Male",28,"No","No",26,2,"Fiber optic",3,2,0,"Occasional",1,86.65,"No",0,0
"8404-GFGCZ","Male",29,"Yes","No",4,2,"DSL",0,2,1,"Occasional",1,65.6,"No",0,"Male",29,"Yes","No",4,2,"DSL",0,2,1,"Occasional",1,65.6,"No",0,38
"8404-VIOMB","Female",63,"No","No",66,0,"DSL",3,3,3,"Occasional",24,62.5,"No",0,"Female",63,"No","No",66,0,"DSL",3,3,3,"Occasional",24,62.5,"No",0,41
"8404-VLQFB","Female",42,"No","No",15,2,"DSL",0,1,0,"Occasional",1,25.25,"No",1,"Female",42,"No","No",15,2,"DSL",0,1,0,"Occasional",1,25.25,"No",1,45
"8405-IGQFX","Female",52,"No","No",63,1,"DSL",0,3,1,"Occasional",12,90.05,"No",1,"Female",52,"No","No",63,1,"DSL",0,3,1,"Occasional",12,90.05,"No",1,41
"8406-LNMHF","Male",72,"Yes","No",59,2,"No",3,2,0,"Occasional",12,82.95,"No",0,"Male",72,"Yes","No",59,2,"No",3,2,0,"Occasional",12,82.95,"No",0,39
"8409-WQJUX","Female",22,"No","No",25,0,"DSL",0,3,3,"Occasional",12,54.2,"No",0,"Female",22,"No","No",25,0,"DSL",0,3,3,"Occasional",12,54.2,"No",0,29
"8410-BGQXN","Male",19,"No","No",4,1,"No",0,1,0,"Occasional",1,19.4,"No",0,"Male",19,"No","No",4,1,"No",0,1,0,"Occasional",1,19.4,"No",0,17
"8413-VONUO","Male",53,"No","No",2,1,"Fiber optic",2,2,3,"Frequent",1,95.65,"Yes",0,"Male",53,"No","No",2,1,"Fiber optic",2,2,3,"Occasional",1,95.65,"Yes",0,NA
"8413-YNHNV","Male",23,"No","No",69,2,"DSL",3,3,3,"Occasional",24,90.65,"No",0,"Male",23,"No","No",69,2,"DSL",3,3,3,"Occasional",24,90.65,"No",0,9
"8414-MYSHR","Male",72,"No","No",5,1,"Fiber optic",0,2,3,"Frequent",1,91.4,"Yes",0,"Male",72,"No","No",5,1,"Fiber optic",0,2,3,"Frequent",1,91.4,"Yes",0,NA
"8414-OOEEL","Male",55,"No","Yes",66,1,"No",2,3,3,"Occasional",24,79.5,"No",0,"Male",55,"No","Yes",66,1,"No",2,3,3,"Occasional",24,79.5,"No",0,35
"8417-FMLZI","Male",20,"Yes","Yes",6,1,"Fiber optic",2,2,2,"Frequent",1,83.55,"Yes",0,"Male",20,"Yes","Yes",6,1,"Fiber optic",2,2,2,"Frequent",1,83.55,"Yes",0,NA
"8421-WZOOW","Female",82,"Yes","Yes",57,1,"Fiber optic",2,3,1,"Occasional",1,95.3,"No",0,"Female",82,"Yes","Yes",57,1,"Fiber optic",2,3,1,"Occasional",1,95.3,"No",0,17
"8429-XIBUM","Male",28,"No","No",22,1,"No",1,2,3,"Frequent",1,101.35,"Yes",0,"Male",28,"No","No",22,1,"No",1,2,3,"Frequent",1,101.35,"Yes",0,NA
"8430-TWCBX","Female",44,"No","No",49,1,"No",0,1,0,"Occasional",12,20.7,"No",0,"Female",44,"No","No",49,1,"No",0,1,0,"Occasional",12,20.7,"No",0,32
"8433-WPJTV","Female",73,"Yes","Yes",65,2,"No",0,3,3,"Occasional",12,103.9,"No",0,"Female",73,"Yes","Yes",65,2,"No",0,3,3,"Occasional",12,103.9,"No",0,3
"8433-WXGNA","Male",23,"No","No",2,1,"No",1,2,0,"Frequent",1,75.7,"Yes",0,"Male",23,"No","No",2,1,"No",1,2,0,"Frequent",1,75.7,"Yes",0,NA
"8434-PNQZX","Female",22,"No","No",42,1,"No",0,3,3,"Occasional",24,78.45,"No",0,"Female",22,"No","No",42,1,"No",0,3,3,"Occasional",24,78.45,"No",0,43
"8434-VGEQQ","Male",22,"Yes","Yes",61,1,"5G",0,1,0,"Occasional",24,20.55,"No",1,"Male",22,"Yes","Yes",61,1,"5G",0,1,0,"Occasional",24,20.55,"No",1,28
"8436-BJUMM","Male",43,"Yes","Yes",26,2,"5G",0,2,1,"Occasional",1,83.75,"Yes",0,"Male",43,"Yes","Yes",26,2,"5G",0,2,1,"Frequent",1,83.75,"Yes",0,NA
"8439-LTUGF","Male",65,"No","No",10,1,"No",0,1,0,"Occasional",1,20,"No",0,"Male",65,"No","No",10,1,"No",0,1,0,"Occasional",1,20,"No",0,19
"8443-WVPSS","Male",36,"No","No",10,1,"Fiber optic",2,3,3,"Occasional",1,99.85,"Yes",0,"Male",36,"No","No",10,1,"Fiber optic",2,3,3,"Occasional",1,99.85,"Yes",0,NA
"8443-ZRDBZ","Male",25,"No","No",4,2,"Fiber optic",0,2,0,"Frequent",1,76.05,"Yes",0,"Male",25,"No","No",4,2,"Fiber optic",0,2,0,"Frequent",1,76.05,"Yes",0,NA
"8445-DNBAE","Male",53,"No","Yes",1,2,"5G",0,2,0,"Occasional",1,50.05,"No",0,"Male",53,"No","Yes",1,2,"5G",0,2,0,"Occasional",1,50.05,"No",0,13
"8450-JOVAH","Male",25,"Yes","Yes",2,2,"DSL",1,2,0,"Frequent",1,56.7,"Yes",0,"Male",25,"Yes","Yes",2,2,"DSL",1,2,0,"Occasional",1,56.7,"Yes",0,NA
"8450-LUGUK","Female",52,"No","No",37,2,"No",0,1,0,"Occasional",24,24.1,"No",0,"Female",52,"No","No",37,2,"No",0,1,0,"Occasional",24,24.1,"No",0,40
"8450-UYIBU","Female",46,"No","No",35,0,"DSL",0,2,1,"Occasional",1,39.85,"No",0,"Female",46,"No","No",35,0,"DSL",0,2,1,"Occasional",1,39.85,"No",0,45
"8454-AATJP","Female",33,"No","No",72,1,"No",3,3,3,"Occasional",24,115.05,"No",0,"Female",33,"No","No",72,1,"No",3,3,3,"Occasional",24,115.05,"No",0,3
"8455-HIRAQ","Female",19,"No","No",8,1,"DSL",0,2,0,"Occasional",1,44.45,"No",0,"Female",19,"No","No",8,1,"DSL",0,2,0,"Occasional",1,44.45,"No",0,40
"8456-QDAVC","Male",60,"No","No",19,1,"Fiber optic",0,2,1,"Occasional",1,78.7,"No",0,"Male",60,"No","No",19,1,"Fiber optic",0,2,1,"Occasional",1,78.7,"No",0,29
"8457-XIGKN","Male",62,"No","No",20,1,"No",0,1,0,"Occasional",1,19.6,"No",0,"Male",62,"No","No",20,1,"No",0,1,0,"Occasional",1,19.6,"No",0,44
"8464-EETCQ","Male",20,"No","No",57,1,"No",0,1,0,"Occasional",24,18.8,"No",0,"Male",20,"No","No",57,1,"No",0,1,0,"Occasional",24,18.8,"No",0,22
"8467-WYNSR","Male",27,"No","No",22,1,"5G",1,3,0,"Occasional",1,55.1,"No",1,"Male",27,"No","No",22,1,"5G",1,3,0,"Occasional",1,55.1,"No",1,6
"8468-FZTOE","Female",45,"Yes","Yes",72,1,"DSL",3,3,2,"Occasional",24,74.35,"No",0,"Female",45,"Yes","Yes",72,1,"DSL",3,3,2,"Occasional",24,74.35,"No",0,30
"8469-SNFFH","Male",23,"Yes","No",70,2,"DSL",3,3,1,"Occasional",12,79.4,"No",0,"Male",23,"Yes","No",70,2,"DSL",3,3,1,"Occasional",12,79.4,"No",0,25
"8474-UMLNT","Female",39,"No","No",13,1,"DSL",3,3,2,"Occasional",1,67.8,"No",0,"Female",39,"No","No",13,1,"DSL",3,3,2,"Occasional",1,67.8,"No",0,27
"8481-YYXWG","Female",42,"No","No",5,2,"No",2,3,2,"Occasional",1,89.35,"Yes",0,"Female",42,"No","No",5,2,"No",2,3,2,"Occasional",1,89.35,"Yes",0,NA
"8486-AYEQH","Female",27,"No","No",31,2,"Fiber optic",0,2,0,"Occasional",1,76.05,"No",0,"Female",27,"No","No",31,2,"Fiber optic",0,2,0,"Occasional",1,76.05,"No",0,43
"8490-BXHEO","Male",69,"No","No",18,2,"Fiber optic",2,2,0,"Occasional",1,80.55,"No",0,"Male",69,"No","No",18,2,"Fiber optic",2,2,0,"Occasional",1,80.55,"No",0,40
"8495-PRWFH","Female",77,"No","No",42,2,"DSL",0,2,0,"Occasional",1,55.65,"No",0,"Female",77,"No","No",42,2,"DSL",0,2,0,"Occasional",1,55.65,"No",0,14
"8498-XXGWA","Female",44,"Yes","No",65,1,"No",1,2,0,"Occasional",1,55.15,"No",0,"Female",44,"Yes","No",65,1,"No",1,2,0,"Occasional",1,55.15,"No",0,12
"8499-BRXTD","Male",35,"No","No",18,1,"5G",0,1,0,"Occasional",12,20.1,"No",0,"Male",35,"No","No",18,1,"5G",0,1,0,"Occasional",12,20.1,"No",0,34
"8510-AWCXC","Female",77,"No","No",13,2,"No",1,2,3,"Frequent",1,100.8,"Yes",0,"Female",77,"No","No",13,2,"No",1,2,3,"Frequent",1,100.8,"Yes",0,NA
"8510-BBWMU","Female",19,"No","No",41,1,"No",0,1,0,"Occasional",12,19.75,"No",0,"Female",19,"No","No",41,1,"No",0,1,0,"Occasional",12,19.75,"No",0,37
"8510-TMWYB","Female",23,"Yes","Yes",54,2,"DSL",2,2,0,"Occasional",24,59.8,"No",0,"Female",23,"Yes","Yes",54,2,"DSL",2,2,0,"Occasional",24,59.8,"No",0,42
"8512-WIWYV","Male",43,"No","No",32,1,"No",0,1,0,"Occasional",12,20.35,"No",0,"Male",43,"No","No",32,1,"No",0,1,0,"Occasional",12,20.35,"No",0,38
"8513-OLYGY","Male",39,"Yes","No",72,2,"Fiber optic",3,3,3,"Occasional",24,115.8,"No",0,"Male",39,"Yes","No",72,2,"Fiber optic",3,3,3,"Occasional",24,115.8,"No",0,32
"8514-VZHEB","Male",58,"No","No",59,1,"No",0,1,0,"Occasional",24,19.5,"No",0,"Male",58,"No","No",59,1,"No",0,1,0,"Occasional",24,19.5,"No",0,10
"8515-OCTJS","Female",36,"No","No",25,2,"No",0,1,0,"Occasional",24,24.75,"Yes",0,"Female",36,"No","No",25,2,"No",0,1,0,"Occasional",24,24.75,"Yes",0,NA
"8519-IMDHU","Male",66,"Yes","No",15,2,"5G",0,2,2,"Frequent",1,85.6,"Yes",0,"Male",66,"Yes","No",15,2,"5G",0,2,2,"Frequent",1,85.6,"Yes",0,NA
"8532-UEFWH","Male",36,"No","No",52,2,"5G",0,1,0,"Occasional",24,25.75,"No",0,"Male",36,"No","No",52,2,"5G",0,1,0,"Occasional",24,25.75,"No",0,26
"8535-SFUTN","Male",26,"No","No",61,2,"5G",1,2,3,"Occasional",1,106.45,"No",1,"Male",26,"No","No",61,2,"5G",1,2,3,"Occasional",1,106.45,"No",1,44
"8543-MSDMF","Male",59,"No","No",3,1,"5G",1,2,3,"Occasional",1,77.4,"No",0,"Male",59,"No","No",3,1,"5G",1,2,3,"Occasional",1,77.4,"No",0,38
"8544-GOQSH","Female",21,"No","No",14,1,"5G",2,3,0,"Occasional",1,80.05,"No",1,"Female",21,"No","No",14,1,"5G",2,3,0,"Occasional",1,80.05,"No",1,44
"8544-JNBOX","Male",51,"No","No",72,1,"No",0,1,0,"Occasional",24,20.8,"No",0,"Male",51,"No","No",72,1,"No",0,1,0,"Occasional",24,20.8,"No",0,44
"8548-AWOFC","Male",52,"Yes","No",66,2,"5G",0,3,2,"Occasional",1,63.85,"No",0,"Male",52,"Yes","No",66,2,"5G",0,3,2,"Occasional",1,63.85,"No",0,9
"8559-CIZFV","Male",53,"Yes","Yes",21,2,"DSL",3,3,1,"Occasional",12,77.5,"Yes",0,"Male",53,"Yes","Yes",21,2,"DSL",3,3,1,"Occasional",12,77.5,"Yes",0,NA
"8561-NMTBD","Female",44,"Yes","Yes",67,2,"Fiber optic",2,3,3,"Occasional",12,112.35,"No",0,"Female",44,"Yes","Yes",67,2,"Fiber optic",2,3,3,"Occasional",12,112.35,"No",0,1
"8562-GHPPI","Female",61,"No","No",1,1,"No",0,1,0,"Occasional",1,19.8,"No",0,"Female",61,"No","No",1,1,"No",0,1,0,"Occasional",1,19.8,"No",0,15
"8565-HBFNN","Male",23,"Yes","No",69,1,"No",3,3,2,"Occasional",12,107.2,"No",0,"Male",23,"Yes","No",69,1,"No",3,3,2,"Occasional",12,107.2,"No",0,6
"8570-KLJYJ","Female",59,"No","No",36,2,"DSL",1,2,0,"Occasional",12,54.45,"No",0,"Female",59,"No","No",36,2,"DSL",1,2,0,"Occasional",12,54.45,"No",0,16
"8571-ZCMCX","Female",20,"Yes","Yes",47,0,"DSL",3,2,3,"Occasional",24,60,"No",0,"Female",20,"Yes","Yes",47,0,"DSL",3,2,3,"Occasional",24,60,"No",0,18
"8573-JGCZW","Male",61,"No","No",17,1,"No",0,1,0,"Occasional",12,19.65,"No",0,"Male",61,"No","No",17,1,"No",0,1,0,"Occasional",12,19.65,"No",0,11
"8577-QSOCG","Female",48,"No","No",38,1,"No",0,1,0,"Occasional",24,20.2,"No",0,"Female",48,"No","No",38,1,"No",0,1,0,"Occasional",24,20.2,"No",0,13
"8580-AECUZ","Male",76,"No","No",1,1,"DSL",0,2,1,"Occasional",1,79.1,"Yes",0,"Male",76,"No","No",1,1,"DSL",0,2,1,"Frequent",1,79.1,"Yes",0,NA
"8582-KRHPJ","Male",20,"No","No",50,0,"DSL",3,2,0,"Occasional",1,35,"No",0,"Male",20,"No","No",50,0,"DSL",3,2,0,"Occasional",1,35,"No",0,30
"8584-KMVXD","Female",28,"No","No",8,1,"5G",2,2,0,"Occasional",1,75.6,"No",1,"Female",28,"No","No",8,1,"5G",2,2,0,"Occasional",1,75.6,"No",1,21
"8587-XYZSF","Male",42,"No","No",67,1,"5G",0,3,0,"Occasional",24,50.55,"No",1,"Male",42,"No","No",67,1,"5G",0,3,0,"Occasional",24,50.55,"No",1,49
"8590-OHDIW","Female",20,"Yes","Yes",38,1,"No",0,1,0,"Occasional",12,20.3,"No",0,"Female",20,"Yes","Yes",38,1,"No",0,1,0,"Occasional",12,20.3,"No",0,36
"8590-YFFQO","Male",52,"Yes","No",70,1,"5G",3,3,0,"Occasional",24,64.95,"No",0,"Male",52,"Yes","No",70,1,"5G",3,3,0,"Occasional",24,64.95,"No",0,35
"8592-PLTMQ","Female",57,"No","No",64,2,"5G",0,1,0,"Occasional",12,24.7,"No",1,"Female",57,"No","No",64,2,"5G",0,1,0,"Occasional",12,24.7,"No",1,25
"8595-SIZNC","Female",61,"No","No",22,2,"No",0,1,0,"Occasional",12,25.6,"No",0,"Female",61,"No","No",22,2,"No",0,1,0,"Occasional",12,25.6,"No",0,1
"8597-CTXVJ","Male",59,"No","Yes",70,2,"DSL",3,3,0,"Occasional",12,64.95,"No",0,"Male",59,"No","Yes",70,2,"DSL",3,3,0,"Occasional",12,64.95,"No",0,14
"8597-CWYHH","Male",50,"No","No",43,2,"5G",0,2,3,"Occasional",12,94.35,"No",1,"Male",50,"No","No",43,2,"5G",0,2,3,"Occasional",12,94.35,"No",1,69
"8603-IJWDN","Male",44,"No","No",1,2,"5G",0,2,2,"Occasional",1,86.6,"Yes",1,"Male",44,"No","No",1,2,"5G",0,2,2,"Frequent",1,86.6,"Yes",1,NA
"8605-ITULD","Female",53,"No","No",1,1,"5G",0,1,0,"Occasional",1,19.55,"No",0,"Female",53,"No","No",1,1,"5G",0,1,0,"Occasional",1,19.55,"No",0,2
"8606-CIQUL","Male",83,"Yes","Yes",72,2,"5G",3,3,3,"Occasional",24,115.75,"No",1,"Male",83,"Yes","Yes",72,2,"5G",3,3,3,"Occasional",24,115.75,"No",1,25
"8610-WFCJF","Female",21,"Yes","Yes",49,2,"Fiber optic",0,2,3,"Frequent",1,95.6,"Yes",0,"Female",21,"Yes","Yes",49,2,"Fiber optic",0,2,3,"Occasional",1,95.6,"Yes",0,NA
"8612-GXIDD","Male",21,"Yes","Yes",12,2,"5G",0,1,0,"Occasional",24,25.4,"No",0,"Male",21,"Yes","Yes",12,2,"5G",0,1,0,"Occasional",24,25.4,"No",0,7
"8614-VGMMV","Female",49,"No","No",15,2,"DSL",0,2,0,"Frequent",1,49.1,"Yes",0,"Female",49,"No","No",15,2,"DSL",0,2,0,"Frequent",1,49.1,"Yes",0,NA
"8619-IJNDK","Female",39,"Yes","Yes",71,1,"DSL",3,3,0,"Occasional",24,64.05,"No",0,"Female",39,"Yes","Yes",71,1,"DSL",3,3,0,"Occasional",24,64.05,"No",0,7
"8621-MNIHH","Female",82,"Yes","No",34,2,"5G",2,2,2,"Frequent",1,94.25,"Yes",0,"Female",82,"Yes","No",34,2,"5G",2,2,2,"Frequent",1,94.25,"Yes",0,NA
"8623-TMRBY","Male",67,"Yes","Yes",51,2,"Fiber optic",2,2,0,"Frequent",1,84.2,"Yes",0,"Male",67,"Yes","Yes",51,2,"Fiber optic",2,2,0,"Frequent",1,84.2,"Yes",0,NA
"8623-ULFNQ","Female",81,"No","No",26,2,"DSL",0,3,2,"Occasional",1,66.05,"No",0,"Female",81,"No","No",26,2,"DSL",0,3,2,"Occasional",1,66.05,"No",0,21
"8625-AZYZY","Male",62,"Yes","No",24,2,"Fiber optic",2,2,3,"Frequent",1,104.65,"Yes",0,"Male",62,"Yes","No",24,2,"Fiber optic",2,2,3,"Frequent",1,104.65,"Yes",0,NA
"8626-PTQGE","Male",31,"No","No",69,0,"5G",3,3,3,"Occasional",24,60.05,"No",1,"Male",31,"No","No",69,0,"5G",3,3,3,"Occasional",24,60.05,"No",1,4
"8626-XHBIE","Male",20,"No","Yes",56,2,"No",0,1,0,"Occasional",24,24.8,"No",0,"Male",20,"No","Yes",56,2,"No",0,1,0,"Occasional",24,24.8,"No",0,38
"8627-ZYGSZ","Male",46,"Yes","No",47,2,"5G",2,2,0,"Occasional",12,78.9,"No",1,"Male",46,"Yes","No",47,2,"5G",2,2,0,"Occasional",12,78.9,"No",1,51
"8630-FJLIB","Female",24,"No","No",18,1,"Fiber optic",0,2,0,"Occasional",1,69.8,"No",0,"Female",24,"No","No",18,1,"Fiber optic",0,2,0,"Occasional",1,69.8,"No",0,36
"8630-QSGXK","Male",55,"Yes","No",51,2,"DSL",0,3,3,"Occasional",24,75.2,"No",0,"Male",55,"Yes","No",51,2,"DSL",0,3,3,"Occasional",24,75.2,"No",0,40
"8631-WUXGY","Female",64,"No","Yes",46,1,"Fiber optic",2,2,3,"Occasional",1,99.8,"No",0,"Female",64,"No","Yes",46,1,"Fiber optic",2,2,3,"Occasional",1,99.8,"No",0,11
"8634-MPHTR","Male",83,"Yes","No",47,2,"Fiber optic",0,2,3,"Frequent",1,100.05,"Yes",0,"Male",83,"Yes","No",47,2,"Fiber optic",0,2,3,"Occasional",1,100.05,"Yes",0,NA
"8637-XJIVR","Female",35,"No","No",12,2,"5G",1,2,0,"Frequent",1,78.95,"Yes",1,"Female",35,"No","No",12,2,"5G",1,2,0,"Frequent",1,78.95,"Yes",1,NA
"8639-NHQEI","Female",56,"No","No",72,2,"Fiber optic",3,2,1,"Occasional",24,95.9,"No",0,"Female",56,"No","No",72,2,"Fiber optic",3,2,1,"Occasional",24,95.9,"No",0,22
"8645-KWHJO","Male",38,"No","No",14,0,"5G",0,3,3,"Occasional",1,55,"No",1,"Male",38,"No","No",14,0,"5G",0,3,3,"Occasional",1,55,"No",1,47
"8646-JCOMS","Female",47,"Yes","No",66,2,"5G",2,3,0,"Occasional",12,90.55,"No",0,"Female",47,"Yes","No",66,2,"5G",2,3,0,"Occasional",12,90.55,"No",0,11
"8647-SDTWQ","Male",56,"Yes","Yes",57,2,"Fiber optic",0,2,0,"Occasional",1,74.3,"No",0,"Male",56,"Yes","Yes",57,2,"Fiber optic",0,2,0,"Occasional",1,74.3,"No",0,20
"8659-HDIYE","Female",85,"No","No",64,1,"No",2,3,2,"Occasional",1,74.65,"No",0,"Female",85,"No","No",64,1,"No",2,3,2,"Occasional",1,74.65,"No",0,35
"8661-BOYNW","Female",35,"Yes","No",72,2,"DSL",1,3,3,"Occasional",24,84.4,"No",0,"Female",35,"Yes","No",72,2,"DSL",1,3,3,"Occasional",24,84.4,"No",0,19
"8663-UPDGF","Female",63,"No","No",26,1,"DSL",3,2,1,"Occasional",1,69.5,"No",0,"Female",63,"No","No",26,1,"DSL",3,2,1,"Occasional",1,69.5,"No",0,35
"8665-UTDHZ","Male",20,"Yes","Yes",1,0,"5G",2,2,0,"Frequent",1,30.2,"Yes",1,"Male",20,"Yes","Yes",1,0,"5G",2,2,0,"Frequent",1,30.2,"Yes",1,NA
"8670-ERCJH","Male",50,"No","No",72,1,"No",3,3,3,"Occasional",24,113.4,"No",0,"Male",50,"No","No",72,1,"No",3,3,3,"Occasional",24,113.4,"No",0,10
"8672-OAUPW","Male",21,"No","Yes",51,1,"5G",0,3,0,"Occasional",12,47.85,"No",1,"Male",21,"No","Yes",51,1,"5G",0,3,0,"Occasional",12,47.85,"No",1,24
"8676-OOQEJ","Male",42,"No","No",4,0,"DSL",0,3,0,"Occasional",1,30.5,"No",0,"Male",42,"No","No",4,0,"DSL",0,3,0,"Occasional",1,30.5,"No",0,32
"8676-TRMJS","Male",24,"No","No",3,2,"Fiber optic",0,2,0,"Frequent",1,75,"Yes",0,"Male",24,"No","No",3,2,"Fiber optic",0,2,0,"Occasional",1,75,"Yes",0,NA
"8677-HDZEE","Female",24,"No","No",56,2,"5G",2,3,3,"Occasional",1,105.45,"No",1,"Female",24,"No","No",56,2,"5G",2,3,3,"Occasional",1,105.45,"No",1,30
"8679-JOEVF","Female",88,"No","No",16,1,"No",0,3,1,"Occasional",1,59.4,"Yes",0,"Female",88,"No","No",16,1,"No",0,3,1,"Occasional",1,59.4,"Yes",0,NA
"8679-LZBMD","Male",21,"Yes","No",44,1,"Fiber optic",0,2,3,"Occasional",12,90.65,"No",0,"Male",21,"Yes","No",44,1,"Fiber optic",0,2,3,"Occasional",12,90.65,"No",0,22
"8680-CGLTP","Male",57,"No","No",29,1,"DSL",3,3,0,"Occasional",12,58.75,"No",0,"Male",57,"No","No",29,1,"DSL",3,3,0,"Occasional",12,58.75,"No",0,18
"8687-BAFGU","Male",38,"No","No",1,1,"Fiber optic",0,3,0,"Occasional",1,74,"No",0,"Male",38,"No","No",1,1,"Fiber optic",0,3,0,"Occasional",1,74,"No",0,16
"8690-UPCZI","Male",64,"Yes","Yes",29,2,"DSL",1,3,1,"Occasional",12,69.05,"No",0,"Male",64,"Yes","Yes",29,2,"DSL",1,3,1,"Occasional",12,69.05,"No",0,40
"8695-ARGXZ","Male",80,"Yes","No",34,2,"Fiber optic",0,2,0,"Occasional",1,75.55,"No",0,"Male",80,"Yes","No",34,2,"Fiber optic",0,2,0,"Occasional",1,75.55,"No",0,29
"8696-JKZNU","Female",83,"No","No",37,2,"Fiber optic",0,2,0,"Frequent",1,76.25,"Yes",0,"Female",83,"No","No",37,2,"Fiber optic",0,2,0,"Frequent",1,76.25,"Yes",0,NA
"8699-ASUFO","Male",71,"Yes","No",7,2,"5G",0,2,0,"Frequent",1,74.4,"Yes",0,"Male",71,"Yes","No",7,2,"5G",0,2,0,"Frequent",1,74.4,"Yes",0,NA
"8701-DGLVH","Male",57,"No","No",51,1,"No",0,1,0,"Occasional",24,20.45,"No",0,"Male",57,"No","No",51,1,"No",0,1,0,"Occasional",24,20.45,"No",0,25
"8705-WZCYL","Male",65,"No","No",1,1,"5G",0,2,0,"Occasional",1,44.8,"No",1,"Male",65,"No","No",1,1,"5G",0,2,0,"Occasional",1,44.8,"No",1,17
"8707-RMEZH","Female",67,"Yes","No",69,1,"Fiber optic",3,2,2,"Occasional",12,87.3,"No",0,"Female",67,"Yes","No",69,1,"Fiber optic",3,2,2,"Occasional",12,87.3,"No",0,43
"8708-XPXHZ","Female",54,"Yes","Yes",42,2,"Fiber optic",0,2,3,"Frequent",1,94.2,"Yes",0,"Female",54,"Yes","Yes",42,2,"Fiber optic",0,2,3,"Occasional",1,94.2,"Yes",0,NA
"8713-IGZSO","Male",21,"No","No",2,2,"5G",0,1,0,"Occasional",1,24.85,"No",1,"Male",21,"No","No",2,2,"5G",0,1,0,"Occasional",1,24.85,"No",1,30
"8714-CTZJW","Female",54,"No","No",4,1,"5G",0,2,2,"Occasional",1,82.85,"No",0,"Female",54,"No","No",4,1,"5G",0,2,2,"Occasional",1,82.85,"No",0,31
"8714-EUHJO","Female",56,"Yes","Yes",31,2,"Fiber optic",2,2,2,"Frequent",1,91.15,"Yes",0,"Female",56,"Yes","Yes",31,2,"Fiber optic",2,2,2,"Frequent",1,91.15,"Yes",0,NA
"8715-KKTFG","Female",35,"Yes","No",61,1,"No",0,3,3,"Occasional",12,103.3,"No",0,"Female",35,"Yes","No",61,1,"No",0,3,3,"Occasional",12,103.3,"No",0,18
"8717-VCTXJ","Male",52,"No","No",42,1,"5G",0,1,0,"Occasional",12,19.55,"No",0,"Male",52,"No","No",42,1,"5G",0,1,0,"Occasional",12,19.55,"No",0,29
"8718-PTMEZ","Female",58,"No","No",13,0,"DSL",2,2,0,"Frequent",1,31.05,"Yes",0,"Female",58,"No","No",13,0,"DSL",2,2,0,"Frequent",1,31.05,"Yes",0,NA
"8722-PRFDV","Female",47,"Yes","Yes",71,1,"DSL",1,2,3,"Occasional",24,77.55,"No",0,"Female",47,"Yes","Yes",71,1,"DSL",1,2,3,"Occasional",24,77.55,"No",0,25
"8725-JEDFD","Male",50,"No","No",27,1,"Fiber optic",0,2,0,"Occasional",1,69.05,"No",0,"Male",50,"No","No",27,1,"Fiber optic",0,2,0,"Occasional",1,69.05,"No",0,6
"8727-JQFHV","Male",22,"Yes","Yes",57,1,"No",0,1,0,"Occasional",24,20.75,"No",0,"Male",22,"Yes","Yes",57,1,"No",0,1,0,"Occasional",24,20.75,"No",0,14
"8728-SKJLR","Male",40,"No","No",41,1,"5G",0,3,0,"Occasional",1,74.25,"No",1,"Male",40,"No","No",41,1,"5G",0,3,0,"Occasional",1,74.25,"No",1,14
"8731-WBBMB","Female",52,"Yes","No",26,1,"DSL",2,3,3,"Occasional",1,81.9,"No",0,"Female",52,"Yes","No",26,1,"DSL",2,3,3,"Occasional",1,81.9,"No",0,20
"8734-DKSTZ","Female",50,"No","No",10,2,"5G",0,2,2,"Occasional",1,85.95,"No",1,"Female",50,"No","No",10,2,"5G",0,2,2,"Occasional",1,85.95,"No",1,2
"8734-FNWVH","Male",44,"Yes","Yes",31,2,"DSL",0,2,2,"Occasional",1,59.7,"No",0,"Male",44,"Yes","Yes",31,2,"DSL",0,2,2,"Occasional",1,59.7,"No",0,10
"8735-IJJEG","Male",40,"Yes","No",14,1,"5G",0,2,0,"Occasional",1,50.2,"No",0,"Male",40,"Yes","No",14,1,"5G",0,2,0,"Occasional",1,50.2,"No",0,6
"8735-NBLWT","Male",40,"No","No",9,1,"No",0,1,0,"Occasional",1,20.4,"No",0,"Male",40,"No","No",9,1,"No",0,1,0,"Occasional",1,20.4,"No",0,14
"8735-SDUFN","Female",84,"Yes","No",72,1,"No",0,1,0,"Occasional",24,24.3,"No",0,"Female",84,"Yes","No",72,1,"No",0,1,0,"Occasional",24,24.3,"No",0,17
"8738-JOKAR","Female",37,"No","No",42,1,"DSL",3,3,2,"Occasional",12,67.7,"No",0,"Female",37,"No","No",42,1,"DSL",3,3,2,"Occasional",12,67.7,"No",0,24
"8739-QOTTN","Female",19,"Yes","No",2,1,"No",0,1,0,"Occasional",1,20.35,"No",0,"Female",19,"Yes","No",2,1,"No",0,1,0,"Occasional",1,20.35,"No",0,35
"8739-WWKDU","Male",81,"No","No",25,2,"Fiber optic",2,2,1,"Occasional",1,89.5,"Yes",0,"Male",81,"No","No",25,2,"Fiber optic",2,2,1,"Occasional",1,89.5,"Yes",0,NA
"8739-XNIKG","Female",47,"No","No",5,2,"5G",0,2,1,"Occasional",1,84,"No",0,"Female",47,"No","No",5,2,"5G",0,2,1,"Occasional",1,84,"No",0,31
"8740-XLHDR","Male",22,"No","No",5,1,"No",3,3,0,"Occasional",1,43.25,"Yes",0,"Male",22,"No","No",5,1,"No",3,3,0,"Occasional",1,43.25,"Yes",0,NA
"8741-LQOBK","Female",21,"Yes","Yes",46,0,"DSL",3,2,0,"Occasional",1,35.05,"No",0,"Female",21,"Yes","Yes",46,0,"DSL",3,2,0,"Occasional",1,35.05,"No",0,43
"8745-PVESG","Female",22,"No","No",57,0,"DSL",1,3,0,"Occasional",12,41.1,"No",0,"Female",22,"No","No",57,0,"DSL",1,3,0,"Occasional",12,41.1,"No",0,21
"8746-OQQRW","Male",55,"No","No",4,2,"No",0,1,0,"Occasional",1,25.25,"No",0,"Male",55,"No","No",4,2,"No",0,1,0,"Occasional",1,25.25,"No",0,20
"8748-HFWBO","Male",22,"Yes","Yes",19,1,"No",0,1,0,"Occasional",12,19.9,"No",0,"Male",22,"Yes","Yes",19,1,"No",0,1,0,"Occasional",12,19.9,"No",0,36
"8749-CLJXC","Male",50,"No","No",1,1,"No",0,1,0,"Occasional",1,20.05,"No",0,"Male",50,"No","No",1,1,"No",0,1,0,"Occasional",1,20.05,"No",0,38
"8749-JMNKX","Male",90,"Yes","No",51,1,"No",1,2,1,"Frequent",1,93.8,"Yes",0,"Male",90,"Yes","No",51,1,"No",1,2,1,"Frequent",1,93.8,"Yes",0,NA
"8749-TZYEC","Male",19,"Yes","No",72,2,"No",0,1,0,"Occasional",24,24.8,"No",0,"Male",19,"Yes","No",72,2,"No",0,1,0,"Occasional",24,24.8,"No",0,21
"8750-QWZAJ","Female",56,"No","No",70,1,"No",0,1,0,"Occasional",24,19.8,"No",0,"Female",56,"No","No",70,1,"No",0,1,0,"Occasional",24,19.8,"No",0,4
"8752-GHJFU","Male",74,"Yes","No",71,2,"5G",3,3,0,"Occasional",12,92,"No",0,"Male",74,"Yes","No",71,2,"5G",3,3,0,"Occasional",12,92,"No",0,27
"8752-IMQOS","Male",51,"No","No",5,1,"5G",0,1,0,"Occasional",12,20.1,"No",1,"Male",51,"No","No",5,1,"5G",0,1,0,"Occasional",12,20.1,"No",1,30
"8755-OGKNA","Female",20,"Yes","Yes",57,1,"5G",0,1,0,"Occasional",24,19.5,"No",1,"Female",20,"Yes","Yes",57,1,"5G",0,1,0,"Occasional",24,19.5,"No",1,9
"8757-TFHHJ","Male",45,"No","No",1,1,"DSL",1,2,0,"Occasional",1,49.8,"No",0,"Male",45,"No","No",1,1,"DSL",1,2,0,"Occasional",1,49.8,"No",0,37
"8760-ZRHKE","Female",73,"Yes","Yes",71,2,"DSL",3,2,1,"Occasional",12,69.2,"No",0,"Female",73,"Yes","Yes",71,2,"DSL",3,2,1,"Occasional",12,69.2,"No",0,44
"8761-NSOBC","Male",42,"No","No",44,1,"Fiber optic",2,3,3,"Occasional",1,100.55,"Yes",0,"Male",42,"No","No",44,1,"Fiber optic",2,3,3,"Occasional",1,100.55,"Yes",0,NA
"8763-KIAFH","Female",35,"No","No",27,1,"5G",0,1,0,"Occasional",12,20.55,"No",0,"Female",35,"No","No",27,1,"5G",0,1,0,"Occasional",12,20.55,"No",0,20
"8769-KKTPH","Female",49,"Yes","Yes",63,2,"5G",1,2,3,"Occasional",12,99.65,"No",1,"Female",49,"Yes","Yes",63,2,"5G",1,2,3,"Occasional",12,99.65,"No",1,52
"8773-HHUOZ","Female",41,"No","Yes",17,1,"5G",0,2,3,"Frequent",1,64.7,"Yes",1,"Female",41,"No","Yes",17,1,"5G",0,2,3,"Frequent",1,64.7,"Yes",1,NA
"8774-GSBUN","Male",19,"Yes","No",72,2,"No",0,1,0,"Occasional",24,25.4,"No",0,"Male",19,"Yes","No",72,2,"No",0,1,0,"Occasional",24,25.4,"No",0,2
"8775-ERLNB","Male",80,"Yes","No",1,2,"5G",0,2,0,"Occasional",1,74.3,"No",0,"Male",80,"Yes","No",1,2,"5G",0,2,0,"Occasional",1,74.3,"No",0,36
"8775-LHDJH","Female",90,"Yes","No",1,2,"Fiber optic",2,2,1,"Frequent",1,90.6,"Yes",0,"Female",90,"Yes","No",1,2,"Fiber optic",2,2,1,"Occasional",1,90.6,"Yes",0,NA
"8777-MBMTS","Female",84,"Yes","No",65,1,"Fiber optic",2,3,3,"Occasional",24,105.85,"No",0,"Female",84,"Yes","No",65,1,"Fiber optic",2,3,3,"Occasional",24,105.85,"No",0,3
"8778-LMWTJ","Female",26,"No","No",9,1,"Fiber optic",1,2,0,"Occasional",1,74.85,"No",0,"Female",26,"No","No",9,1,"Fiber optic",1,2,0,"Occasional",1,74.85,"No",0,14
"8779-QRDMV","Male",79,"No","No",1,0,"5G",0,2,2,"Frequent",1,39.65,"Yes",1,"Male",79,"No","No",1,0,"5G",0,2,2,"Frequent",1,39.65,"Yes",1,NA
"8779-YIQQA","Male",20,"Yes","Yes",21,1,"No",0,1,0,"Occasional",12,19.8,"No",0,"Male",20,"Yes","Yes",21,1,"No",0,1,0,"Occasional",12,19.8,"No",0,25
"8780-IXSTS","Female",30,"No","No",6,2,"Fiber optic",2,2,1,"Frequent",1,90.1,"Yes",0,"Female",30,"No","No",6,2,"Fiber optic",2,2,1,"Frequent",1,90.1,"Yes",0,NA
"8780-RSYYU","Female",20,"No","No",25,1,"No",0,1,0,"Occasional",1,19.2,"No",0,"Female",20,"No","No",25,1,"No",0,1,0,"Occasional",1,19.2,"No",0,28
"8780-YRMTT","Female",60,"No","No",66,1,"No",3,3,0,"Occasional",24,47.4,"No",0,"Female",60,"No","No",66,1,"No",3,3,0,"Occasional",24,47.4,"No",0,27
"8782-LKFPK","Male",61,"No","No",44,2,"5G",0,2,2,"Occasional",1,90.4,"No",1,"Male",61,"No","No",44,2,"5G",0,2,2,"Occasional",1,90.4,"No",1,19
"8784-CGILN","Female",53,"No","No",18,2,"Fiber optic",0,3,3,"Occasional",1,99.85,"Yes",0,"Female",53,"No","No",18,2,"Fiber optic",0,3,3,"Occasional",1,99.85,"Yes",0,NA
"8785-CJSHH","Female",52,"Yes","No",60,2,"DSL",2,2,3,"Occasional",1,99.8,"No",0,"Female",52,"Yes","No",60,2,"DSL",2,2,3,"Occasional",1,99.8,"No",0,40
"8785-EPNCG","Male",36,"No","No",11,2,"No",0,1,0,"Occasional",1,23.15,"Yes",0,"Male",36,"No","No",11,2,"No",0,1,0,"Occasional",1,23.15,"Yes",0,NA
"8788-DOXSU","Male",35,"No","No",59,1,"DSL",0,2,2,"Occasional",12,61.35,"No",0,"Male",35,"No","No",59,1,"DSL",0,2,2,"Occasional",12,61.35,"No",0,41
"8791-GFXLZ","Male",45,"No","No",12,1,"5G",2,2,0,"Occasional",1,49.05,"No",0,"Male",45,"No","No",12,1,"5G",2,2,0,"Occasional",1,49.05,"No",0,1
"8792-AOROI","Female",57,"Yes","No",8,1,"DSL",1,3,2,"Occasional",24,65.5,"No",0,"Female",57,"Yes","No",8,1,"DSL",1,3,2,"Occasional",24,65.5,"No",0,34
"8800-JOOCF","Female",24,"No","Yes",12,2,"Fiber optic",0,2,1,"Occasional",1,84.05,"No",0,"Female",24,"No","Yes",12,2,"Fiber optic",0,2,1,"Occasional",1,84.05,"No",0,26
"8800-ZKRFW","Female",53,"Yes","Yes",30,2,"5G",2,3,3,"Occasional",1,107.5,"No",0,"Female",53,"Yes","Yes",30,2,"5G",2,3,3,"Occasional",1,107.5,"No",0,10
"8806-EAGWC","Male",44,"No","No",3,1,"No",0,2,1,"Frequent",1,55.15,"Yes",0,"Male",44,"No","No",3,1,"No",0,2,1,"Frequent",1,55.15,"Yes",0,NA
"8807-ARQET","Female",39,"No","No",41,0,"5G",2,2,2,"Occasional",1,40.35,"No",0,"Female",39,"No","No",41,0,"5G",2,2,2,"Occasional",1,40.35,"No",0,9
"8808-ELEHO","Male",66,"No","No",8,2,"Fiber optic",0,2,0,"Frequent",1,81.25,"Yes",0,"Male",66,"No","No",8,2,"Fiber optic",0,2,0,"Frequent",1,81.25,"Yes",0,NA
"8809-RIHDD","Male",58,"Yes","Yes",72,1,"No",2,2,3,"Frequent",24,103.4,"Yes",0,"Male",58,"Yes","Yes",72,1,"No",2,2,3,"Frequent",24,103.4,"Yes",0,NA
"8809-XKHMD","Male",44,"Yes","No",72,1,"No",3,3,2,"Occasional",24,100.55,"No",0,"Male",44,"Yes","No",72,1,"No",3,3,2,"Occasional",24,100.55,"No",0,19
"8812-ZRHFP","Female",21,"Yes","Yes",30,1,"5G",0,2,2,"Occasional",12,86.45,"No",1,"Female",21,"Yes","Yes",30,1,"5G",0,2,2,"Occasional",12,86.45,"No",1,34
"8815-LMFLX","Male",62,"No","No",25,2,"No",0,1,0,"Occasional",1,25.4,"No",0,"Male",62,"No","No",25,2,"No",0,1,0,"Occasional",1,25.4,"No",0,4
"8818-DOPVL","Female",78,"No","No",46,2,"Fiber optic",2,2,3,"Occasional",1,104.45,"No",0,"Female",78,"No","No",46,2,"Fiber optic",2,2,3,"Occasional",1,104.45,"No",0,34
"8818-XYFCQ","Male",46,"Yes","Yes",32,2,"5G",1,2,3,"Occasional",1,99.55,"Yes",0,"Male",46,"Yes","Yes",32,2,"5G",1,2,3,"Frequent",1,99.55,"Yes",0,NA
"8819-ZBYNA","Female",33,"Yes","No",58,2,"Fiber optic",3,3,3,"Occasional",24,109.1,"No",0,"Female",33,"Yes","No",58,2,"Fiber optic",3,3,3,"Occasional",24,109.1,"No",0,37
"8821-XNHVZ","Female",41,"Yes","Yes",1,1,"Fiber optic",0,2,1,"Frequent",1,80.05,"Yes",0,"Female",41,"Yes","Yes",1,1,"Fiber optic",0,2,1,"Frequent",1,80.05,"Yes",0,NA
"8823-RLPWL","Female",31,"Yes","No",72,2,"5G",3,2,3,"Occasional",24,110.65,"No",1,"Female",31,"Yes","No",72,2,"5G",3,2,3,"Occasional",24,110.65,"No",1,5
"8824-RWFXJ","Male",39,"Yes","Yes",3,1,"5G",2,2,0,"Occasional",1,56.15,"Yes",0,"Male",39,"Yes","Yes",3,1,"5G",2,2,0,"Frequent",1,56.15,"Yes",0,NA
"8838-GPHZP","Female",19,"No","No",63,1,"No",0,1,0,"Occasional",24,20.6,"No",0,"Female",19,"No","No",63,1,"No",0,1,0,"Occasional",24,20.6,"No",0,2
"8844-TONUD","Male",31,"Yes","Yes",13,1,"5G",0,2,3,"Frequent",1,96.65,"Yes",0,"Male",31,"Yes","Yes",13,1,"5G",0,2,3,"Frequent",1,96.65,"Yes",0,NA
"8845-LWKGE","Female",42,"Yes","Yes",30,1,"DSL",0,3,1,"Occasional",12,64.5,"No",0,"Female",42,"Yes","Yes",30,1,"DSL",0,3,1,"Occasional",12,64.5,"No",0,41
"8847-GEOOQ","Male",60,"No","No",60,0,"5G",2,3,3,"Occasional",1,60.2,"No",1,"Male",60,"No","No",60,0,"5G",2,3,3,"Occasional",1,60.2,"No",1,22
"8851-RAGOV","Female",27,"Yes","No",25,1,"DSL",3,3,2,"Occasional",1,71.05,"No",0,"Female",27,"Yes","No",25,1,"DSL",3,3,2,"Occasional",1,71.05,"No",0,11
"8853-TZDGH","Female",63,"No","No",72,1,"No",2,3,3,"Occasional",24,111.6,"No",0,"Female",63,"No","No",72,1,"No",2,3,3,"Occasional",24,111.6,"No",0,15
"8854-CCVSQ","Male",34,"No","No",18,2,"Fiber optic",2,2,0,"Frequent",1,80.65,"Yes",0,"Male",34,"No","No",18,2,"Fiber optic",2,2,0,"Frequent",1,80.65,"Yes",0,NA
"8857-CUPFQ","Male",43,"No","No",63,1,"No",0,1,0,"Occasional",24,19.25,"No",0,"Male",43,"No","No",63,1,"No",0,1,0,"Occasional",24,19.25,"No",0,39
"8859-AXJZP","Male",61,"No","No",39,2,"5G",0,1,0,"Occasional",24,23.8,"No",1,"Male",61,"No","No",39,2,"5G",0,1,0,"Occasional",24,23.8,"No",1,28
"8859-DZTGQ","Male",62,"No","No",33,1,"No",0,1,0,"Occasional",24,20.35,"No",0,"Male",62,"No","No",33,1,"No",0,1,0,"Occasional",24,20.35,"No",0,5
"8859-YSTWS","Male",62,"No","No",48,1,"No",0,1,0,"Occasional",12,19.95,"No",0,"Male",62,"No","No",48,1,"No",0,1,0,"Occasional",12,19.95,"No",0,43
"8861-HGGKB","Female",28,"No","No",10,2,"5G",0,2,2,"Frequent",1,86.45,"Yes",0,"Female",28,"No","No",10,2,"5G",0,2,2,"Frequent",1,86.45,"Yes",0,NA
"8865-TNMNX","Male",52,"No","No",10,1,"5G",2,2,0,"Occasional",12,49.55,"No",1,"Male",52,"No","No",10,1,"5G",2,2,0,"Occasional",12,49.55,"No",1,41
"8868-WOZGU","Male",19,"No","No",28,2,"Fiber optic",2,2,3,"Frequent",1,105.7,"Yes",0,"Male",19,"No","No",28,2,"Fiber optic",2,2,3,"Frequent",1,105.7,"Yes",0,NA
"8869-LIHMK","Female",42,"No","No",64,1,"No",3,3,3,"Occasional",24,115.1,"No",0,"Female",42,"No","No",64,1,"No",3,3,3,"Occasional",24,115.1,"No",0,44
"8869-TORSS","Female",55,"No","No",48,2,"No",1,3,0,"Occasional",12,60.35,"Yes",0,"Female",55,"No","No",48,2,"No",1,3,0,"Occasional",12,60.35,"Yes",0,NA
"8871-JLMHM","Female",55,"Yes","No",68,2,"No",2,3,0,"Occasional",24,90.2,"No",0,"Female",55,"Yes","No",68,2,"No",2,3,0,"Occasional",24,90.2,"No",0,23
"8873-GLDMH","Female",52,"No","No",6,2,"Fiber optic",0,2,0,"Occasional",1,73.85,"No",0,"Female",52,"No","No",6,2,"Fiber optic",0,2,0,"Occasional",1,73.85,"No",0,29
"8873-TMKGR","Male",22,"No","No",29,1,"No",0,1,0,"Occasional",12,19.1,"No",0,"Male",22,"No","No",29,1,"No",0,1,0,"Occasional",12,19.1,"No",0,2
"8874-EJNSR","Male",50,"No","No",39,2,"No",0,1,0,"Occasional",24,25.2,"No",0,"Male",50,"No","No",39,2,"No",0,1,0,"Occasional",24,25.2,"No",0,10
"8878-HMWBV","Male",48,"No","No",3,1,"DSL",0,2,0,"Frequent",1,49.15,"Yes",0,"Male",48,"No","No",3,1,"DSL",0,2,0,"Occasional",1,49.15,"Yes",0,NA
"8878-RYUKI","Female",33,"No","No",52,1,"DSL",0,2,2,"Occasional",1,59.45,"No",0,"Female",33,"No","No",52,1,"DSL",0,2,2,"Occasional",1,59.45,"No",0,40
"8879-XUAHX","Male",34,"Yes","No",71,2,"5G",3,3,3,"Occasional",24,116.25,"No",0,"Male",34,"Yes","No",71,2,"5G",3,3,3,"Occasional",24,116.25,"No",0,20
"8883-ANODQ","Female",58,"Yes","Yes",68,2,"5G",2,2,0,"Occasional",24,84.4,"No",0,"Female",58,"Yes","Yes",68,2,"5G",2,2,0,"Occasional",24,84.4,"No",0,5
"8883-GRDWQ","Male",71,"No","No",20,1,"5G",1,3,0,"Occasional",12,54,"No",0,"Male",71,"No","No",20,1,"5G",1,3,0,"Occasional",12,54,"No",0,30
"8884-FEEWR","Male",51,"No","No",35,1,"No",0,1,0,"Occasional",12,20.6,"No",0,"Male",51,"No","No",35,1,"No",0,1,0,"Occasional",12,20.6,"No",0,35
"8884-MRNSU","Male",40,"No","No",17,1,"No",0,1,0,"Occasional",12,19.9,"No",0,"Male",40,"No","No",17,1,"No",0,1,0,"Occasional",12,19.9,"No",0,6
"8887-IPQNC","Female",24,"Yes","No",7,1,"5G",0,2,0,"Occasional",1,44.25,"No",0,"Female",24,"Yes","No",7,1,"5G",0,2,0,"Occasional",1,44.25,"No",0,10
"8896-RAZCR","Female",39,"No","No",44,1,"5G",0,1,0,"Occasional",24,19.9,"No",1,"Female",39,"No","No",44,1,"5G",0,1,0,"Occasional",24,19.9,"No",1,13
"8898-KASCD","Male",39,"No","No",39,0,"5G",0,3,0,"Occasional",12,35.55,"No",0,"Male",39,"No","No",39,0,"5G",0,3,0,"Occasional",12,35.55,"No",0,44
"8901-HJXTF","Female",60,"No","No",12,0,"5G",2,2,0,"Frequent",1,29.2,"Yes",0,"Female",60,"No","No",12,0,"5G",2,2,0,"Frequent",1,29.2,"Yes",0,NA
"8902-ZEOVF","Male",44,"No","No",47,1,"No",0,1,0,"Occasional",12,20.05,"No",0,"Male",44,"No","No",47,1,"No",0,1,0,"Occasional",12,20.05,"No",0,43
"8903-WMRNW","Female",20,"Yes","No",15,1,"No",1,2,3,"Occasional",1,101.75,"No",0,"Female",20,"Yes","No",15,1,"No",1,2,3,"Occasional",1,101.75,"No",0,16
"8904-OPDCK","Male",20,"Yes","No",54,0,"DSL",0,2,0,"Occasional",1,24.95,"No",0,"Male",20,"Yes","No",54,0,"DSL",0,2,0,"Occasional",1,24.95,"No",0,37
"8905-IAZPF","Female",46,"Yes","No",69,1,"5G",2,2,3,"Occasional",12,95.65,"No",1,"Female",46,"Yes","No",69,1,"5G",2,2,3,"Occasional",12,95.65,"No",1,36
"8908-NMQTX","Male",59,"No","No",72,0,"DSL",3,3,3,"Occasional",24,65.6,"No",0,"Male",59,"No","No",72,0,"DSL",3,3,3,"Occasional",24,65.6,"No",0,43
"8909-BOLNL","Male",19,"No","No",3,1,"No",0,1,0,"Occasional",12,21.2,"No",0,"Male",19,"No","No",3,1,"No",0,1,0,"Occasional",12,21.2,"No",0,7
"8910-ICHIU","Female",29,"No","No",46,1,"Fiber optic",3,2,1,"Occasional",12,95.65,"No",0,"Female",29,"No","No",46,1,"Fiber optic",3,2,1,"Occasional",12,95.65,"No",0,25
"8910-LEDAG","Male",86,"Yes","No",34,1,"Fiber optic",0,2,0,"Occasional",1,71.55,"No",0,"Male",86,"Yes","No",34,1,"Fiber optic",0,2,0,"Occasional",1,71.55,"No",0,30
"8915-NNTRC","Male",44,"Yes","Yes",72,2,"Fiber optic",3,3,3,"Occasional",24,107.7,"No",0,"Male",44,"Yes","Yes",72,2,"Fiber optic",3,3,3,"Occasional",24,107.7,"No",0,27
"8917-FAEMR","Female",64,"No","No",37,1,"DSL",0,1,0,"Occasional",24,19.85,"No",0,"Female",64,"No","No",37,1,"DSL",0,1,0,"Occasional",24,19.85,"No",0,46
"8917-SZTTJ","Male",47,"No","No",60,1,"5G",0,1,0,"Occasional",24,19.65,"No",0,"Male",47,"No","No",60,1,"5G",0,1,0,"Occasional",24,19.65,"No",0,5
"8919-FYFQZ","Male",81,"Yes","No",44,0,"5G",2,2,0,"Occasional",1,30.35,"Yes",1,"Male",81,"Yes","No",44,0,"5G",2,2,0,"Frequent",1,30.35,"Yes",1,NA
"8922-NPKBJ","Male",22,"Yes","Yes",42,2,"No",0,1,0,"Occasional",24,19.35,"No",0,"Male",22,"Yes","Yes",42,2,"No",0,1,0,"Occasional",24,19.35,"No",0,5
"8929-KSWIH","Male",49,"No","No",25,2,"No",0,3,3,"Occasional",24,99.3,"No",0,"Male",49,"No","No",25,2,"No",0,3,3,"Occasional",24,99.3,"No",0,45
"8930-XOTDP","Female",43,"No","No",18,1,"DSL",0,2,1,"Occasional",1,55.95,"No",0,"Female",43,"No","No",18,1,"DSL",0,2,1,"Occasional",1,55.95,"No",0,40
"8932-CZHRQ","Male",44,"No","No",68,2,"5G",3,2,2,"Occasional",12,76.75,"No",0,"Male",44,"No","No",68,2,"5G",3,2,2,"Occasional",12,76.75,"No",0,5
"8937-RDTHP","Male",52,"No","No",1,1,"5G",1,2,2,"Frequent",1,84.6,"Yes",1,"Male",52,"No","No",1,1,"5G",1,2,2,"Frequent",1,84.6,"Yes",1,NA
"8938-UMKPI","Female",40,"No","No",47,2,"Fiber optic",2,2,3,"Frequent",1,106.4,"Yes",0,"Female",40,"No","No",47,2,"Fiber optic",2,2,3,"Frequent",1,106.4,"Yes",0,NA
"8942-DBMHZ","Male",39,"No","No",12,1,"5G",0,1,0,"Occasional",1,20.45,"No",1,"Male",39,"No","No",12,1,"5G",0,1,0,"Occasional",1,20.45,"No",1,2
"8943-URTMR","Female",63,"No","No",2,1,"Fiber optic",0,2,1,"Frequent",1,79.65,"Yes",0,"Female",63,"No","No",2,1,"Fiber optic",0,2,1,"Frequent",1,79.65,"Yes",0,NA
"8944-AILEF","Male",44,"No","No",15,1,"5G",0,1,0,"Occasional",1,19.45,"No",0,"Male",44,"No","No",15,1,"5G",0,1,0,"Occasional",1,19.45,"No",0,0
"8945-GRKHX","Female",54,"No","Yes",1,1,"Fiber optic",0,2,2,"Frequent",1,78.65,"Yes",0,"Female",54,"No","Yes",1,1,"Fiber optic",0,2,2,"Frequent",1,78.65,"Yes",0,NA
"8945-MUQUF","Male",36,"No","No",51,2,"5G",3,2,1,"Frequent",12,94.8,"Yes",0,"Male",36,"No","No",51,2,"5G",3,2,1,"Frequent",12,94.8,"Yes",0,NA
"8946-BFWSG","Male",50,"No","No",63,2,"No",0,1,0,"Occasional",24,25.25,"No",0,"Male",50,"No","No",63,2,"No",0,1,0,"Occasional",24,25.25,"No",0,18
"8947-YRTDV","Male",26,"Yes","Yes",32,1,"5G",3,2,2,"Occasional",12,94.8,"No",0,"Male",26,"Yes","Yes",32,1,"5G",3,2,2,"Occasional",12,94.8,"No",0,19
"8952-WCVCD","Female",59,"No","No",41,1,"5G",3,2,3,"Occasional",12,104.45,"No",0,"Female",59,"No","No",41,1,"5G",3,2,3,"Occasional",12,104.45,"No",0,37
"8957-THMOA","Female",19,"No","Yes",50,1,"5G",0,1,0,"Occasional",24,20.15,"No",0,"Female",19,"No","Yes",50,1,"5G",0,1,0,"Occasional",24,20.15,"No",0,21
"8958-JPTRR","Female",56,"No","No",56,2,"5G",0,1,0,"Occasional",12,24.3,"No",0,"Female",56,"No","No",56,2,"5G",0,1,0,"Occasional",12,24.3,"No",0,39
"8963-MQVYN","Female",46,"No","No",22,1,"No",0,1,0,"Occasional",1,20.55,"No",0,"Female",46,"No","No",22,1,"No",0,1,0,"Occasional",1,20.55,"No",0,36
"8966-KZXXA","Male",21,"Yes","Yes",36,2,"5G",0,1,0,"Occasional",24,25.1,"No",0,"Male",21,"Yes","Yes",36,2,"5G",0,1,0,"Occasional",24,25.1,"No",0,10
"8966-OIQHG","Female",36,"No","No",22,1,"No",0,1,0,"Occasional",12,20.75,"No",0,"Female",36,"No","No",22,1,"No",0,1,0,"Occasional",12,20.75,"No",0,44
"8966-SNIZF","Female",43,"No","No",70,1,"DSL",0,1,0,"Occasional",24,19.45,"No",1,"Female",43,"No","No",70,1,"DSL",0,1,0,"Occasional",24,19.45,"No",1,38
"8967-SZQAS","Female",57,"No","No",14,1,"5G",2,2,0,"Occasional",1,50.45,"No",0,"Female",57,"No","No",14,1,"5G",2,2,0,"Occasional",1,50.45,"No",0,23
"8969-PRHFK","Male",48,"No","No",18,1,"No",0,1,0,"Occasional",12,19.65,"No",0,"Male",48,"No","No",18,1,"No",0,1,0,"Occasional",12,19.65,"No",0,4
"8974-OVACP","Female",19,"No","No",1,1,"5G",0,1,0,"Occasional",1,20.15,"No",0,"Female",19,"No","No",1,1,"5G",0,1,0,"Occasional",1,20.15,"No",0,32
"8975-SKGRX","Male",24,"Yes","No",71,2,"5G",3,3,3,"Occasional",24,116.1,"No",1,"Male",24,"Yes","No",71,2,"5G",3,3,3,"Occasional",24,116.1,"No",1,38
"8976-OQHGT","Female",44,"Yes","Yes",4,1,"DSL",2,3,0,"Occasional",1,56.5,"Yes",0,"Female",44,"Yes","Yes",4,1,"DSL",2,3,0,"Occasional",1,56.5,"Yes",0,NA
"8980-WQFWL","Female",40,"No","No",35,1,"DSL",0,2,2,"Occasional",1,62.1,"No",0,"Female",40,"No","No",35,1,"DSL",0,2,2,"Occasional",1,62.1,"No",0,8
"8981-FJGLA","Male",28,"No","Yes",11,2,"5G",0,2,0,"Occasional",1,78,"No",1,"Male",28,"No","Yes",11,2,"5G",0,2,0,"Occasional",1,78,"No",1,4
"8984-EYLLL","Male",24,"Yes","No",64,2,"5G",2,3,3,"Occasional",24,105.25,"No",1,"Male",24,"Yes","No",64,2,"5G",2,3,3,"Occasional",24,105.25,"No",1,42
"8984-HPEMB","Female",49,"No","No",71,2,"5G",3,3,3,"Occasional",24,118.65,"No",0,"Female",49,"No","No",71,2,"5G",3,3,3,"Occasional",24,118.65,"No",0,0
"8985-OOPOS","Female",49,"No","No",1,1,"5G",0,3,3,"Occasional",12,74.1,"No",0,"Female",49,"No","No",1,1,"5G",0,3,3,"Occasional",12,74.1,"No",0,19
"8988-ECPJR","Female",80,"Yes","Yes",34,2,"Fiber optic",2,2,0,"Frequent",1,79.6,"Yes",0,"Female",80,"Yes","Yes",34,2,"Fiber optic",2,2,0,"Frequent",1,79.6,"Yes",0,NA
"8990-YOZLV","Female",32,"No","No",69,2,"DSL",3,3,0,"Occasional",24,66.9,"No",0,"Female",32,"No","No",69,2,"DSL",3,3,0,"Occasional",24,66.9,"No",0,20
"8990-ZXLSU","Female",54,"No","No",9,1,"Fiber optic",0,2,0,"Occasional",1,69.05,"No",0,"Female",54,"No","No",9,1,"Fiber optic",0,2,0,"Occasional",1,69.05,"No",0,28
"8992-CEUEN","Female",39,"No","No",1,1,"5G",0,1,0,"Occasional",1,18.85,"No",0,"Female",39,"No","No",1,1,"5G",0,1,0,"Occasional",1,18.85,"No",0,34
"8992-JQYUN","Male",33,"Yes","No",1,0,"DSL",0,2,3,"Frequent",1,50.35,"Yes",0,"Male",33,"Yes","No",1,0,"DSL",0,2,3,"Occasional",1,50.35,"Yes",0,NA
"8992-OBVDG","Male",32,"No","No",21,1,"DSL",0,2,2,"Occasional",1,61.65,"No",0,"Male",32,"No","No",21,1,"DSL",0,2,2,"Occasional",1,61.65,"No",0,3
"8992-VONJD","Female",46,"No","Yes",13,1,"5G",3,2,0,"Occasional",1,56,"No",1,"Female",46,"No","Yes",13,1,"5G",3,2,0,"Occasional",1,56,"No",1,62
"8993-IZEUX","Male",59,"No","No",7,1,"Fiber optic",0,2,0,"Occasional",1,69.15,"No",0,"Male",59,"No","No",7,1,"Fiber optic",0,2,0,"Occasional",1,69.15,"No",0,23
"8996-ZROXE","Male",86,"No","No",57,1,"No",0,3,0,"Occasional",12,53.5,"No",0,"Male",86,"No","No",57,1,"No",0,3,0,"Occasional",12,53.5,"No",0,25
"8999-BOHSE","Female",82,"No","No",11,1,"5G",0,2,3,"Occasional",1,89.7,"Yes",0,NA,NA,NA,NA,NA,NA,NA,NA,NA,NA,NA,NA,NA,NA,NA,NA
"8999-EXMNO","Female",62,"No","No",19,1,"No",0,1,0,"Occasional",24,20.15,"No",0,NA,NA,NA,NA,NA,NA,NA,NA,NA,NA,NA,NA,NA,NA,NA,NA
"8999-YPYBV","Male",23,"Yes","Yes",45,1,"5G",3,3,3,"Occasional",24,84.35,"No",0,NA,NA,NA,NA,NA,NA,NA,NA,NA,NA,NA,NA,NA,NA,NA,NA
"9013-AQORL","Female",29,"No","Yes",48,0,"DSL",2,2,2,"Occasional",1,45.55,"No",0,"Female",29,"No","Yes",48,0,"DSL",2,2,2,"Occasional",1,45.55,"No",0,36
"9019-QVLZD","Female",20,"No","No",1,1,"Fiber optic",0,2,1,"Frequent",1,79.55,"Yes",0,"Female",20,"No","No",1,1,"Fiber optic",0,2,1,"Frequent",1,79.55,"Yes",0,NA
"9025-AOMKI","Female",63,"No","No",6,2,"Fiber optic",0,2,3,"Frequent",1,93.55,"Yes",0,"Female",63,"No","No",6,2,"Fiber optic",0,2,3,"Frequent",1,93.55,"Yes",0,NA
"9025-ZRPVR","Male",65,"No","No",9,1,"No",0,1,0,"Occasional",1,18.95,"Yes",0,"Male",65,"No","No",9,1,"No",0,1,0,"Occasional",1,18.95,"Yes",0,NA
"9026-LHEVG","Female",60,"No","No",9,0,"DSL",2,2,2,"Occasional",1,40.75,"No",0,"Female",60,"No","No",9,0,"DSL",2,2,2,"Occasional",1,40.75,"No",0,36
"9026-RNUJS","Male",73,"No","No",5,1,"DSL",0,2,0,"Frequent",1,50.35,"Yes",0,"Male",73,"No","No",5,1,"DSL",0,2,0,"Frequent",1,50.35,"Yes",0,NA
"9027-TMATR","Female",21,"Yes","No",43,1,"DSL",1,3,3,"Occasional",24,78.8,"No",0,"Female",21,"Yes","No",43,1,"DSL",1,3,3,"Occasional",24,78.8,"No",0,4
"9028-LIHRP","Male",27,"Yes","Yes",71,1,"Fiber optic",3,3,1,"Occasional",24,100.2,"No",0,"Male",27,"Yes","Yes",71,1,"Fiber optic",3,3,1,"Occasional",24,100.2,"No",0,11
"9029-FEGVJ","Female",80,"Yes","No",32,2,"Fiber optic",0,2,0,"Occasional",1,79.3,"No",0,"Female",80,"Yes","No",32,2,"Fiber optic",0,2,0,"Occasional",1,79.3,"No",0,25
"9031-ZVQPT","Male",43,"Yes","No",72,2,"Fiber optic",2,3,3,"Occasional",24,108.2,"No",0,"Male",43,"Yes","No",72,2,"Fiber optic",2,3,3,"Occasional",24,108.2,"No",0,37
"9033-EOXWV","Female",50,"No","No",12,2,"DSL",0,3,3,"Occasional",12,74.05,"Yes",0,"Female",50,"No","No",12,2,"DSL",0,3,3,"Occasional",12,74.05,"Yes",0,NA
"9039-RBEEE","Male",25,"No","No",39,0,"DSL",3,3,1,"Occasional",1,48.95,"Yes",0,"Male",25,"No","No",39,0,"DSL",3,3,1,"Occasional",1,48.95,"Yes",0,NA
"9039-ZVJDC","Male",65,"No","No",3,1,"No",0,1,0,"Occasional",1,19.1,"No",0,"Male",65,"No","No",3,1,"No",0,1,0,"Occasional",1,19.1,"No",0,23
"9040-KZVWO","Male",25,"No","No",26,1,"Fiber optic",2,2,0,"Occasional",12,75.5,"No",0,"Male",25,"No","No",26,1,"Fiber optic",2,2,0,"Occasional",12,75.5,"No",0,8
"9046-JBFWA","Male",51,"No","No",27,1,"5G",0,1,0,"Occasional",1,19.15,"No",1,"Male",51,"No","No",27,1,"5G",0,1,0,"Occasional",1,19.15,"No",1,38
"9048-JVYVF","Male",22,"No","No",3,1,"DSL",0,3,3,"Occasional",1,69.35,"Yes",0,"Male",22,"No","No",3,1,"DSL",0,3,3,"Occasional",1,69.35,"Yes",0,NA
"9050-IKDZA","Female",84,"No","No",2,1,"No",0,2,1,"Occasional",1,81.5,"No",0,"Female",84,"No","No",2,1,"No",0,2,1,"Occasional",1,81.5,"No",0,19
"9050-QLROH","Male",44,"No","No",18,2,"Fiber optic",0,2,2,"Frequent",1,90.7,"Yes",0,"Male",44,"No","No",18,2,"Fiber optic",0,2,2,"Frequent",1,90.7,"Yes",0,NA
"9052-DHNKM","Male",36,"No","No",26,1,"DSL",3,2,0,"Occasional",12,61.55,"No",0,"Male",36,"No","No",26,1,"DSL",3,2,0,"Occasional",12,61.55,"No",0,9
"9052-VKDUW","Female",77,"Yes","No",65,2,"5G",3,2,3,"Occasional",1,109.4,"No",0,"Female",77,"Yes","No",65,2,"5G",3,2,3,"Occasional",1,109.4,"No",0,30
"9053-JZFKV","Male",24,"No","No",67,2,"Fiber optic",3,3,3,"Occasional",24,116.2,"Yes",0,"Male",24,"No","No",67,2,"Fiber optic",3,3,3,"Occasional",24,116.2,"Yes",0,NA
"9054-FOWNV","Male",29,"Yes","Yes",22,2,"Fiber optic",0,2,1,"Occasional",1,88.75,"No",0,"Male",29,"Yes","Yes",22,2,"Fiber optic",0,2,1,"Occasional",1,88.75,"No",0,36
"9055-MOJJJ","Female",36,"Yes","Yes",64,1,"DSL",1,3,1,"Occasional",12,65.8,"No",0,"Female",36,"Yes","Yes",64,1,"DSL",1,3,1,"Occasional",12,65.8,"No",0,36
"9057-MSWCO","Male",66,"Yes","No",27,0,"5G",1,2,0,"Frequent",1,30.75,"Yes",1,"Male",66,"Yes","No",27,0,"5G",1,2,0,"Frequent",1,30.75,"Yes",1,NA
"9058-HRZSV","Female",75,"Yes","No",65,1,"5G",3,2,2,"Occasional",1,94.4,"No",1,"Female",75,"Yes","No",65,1,"5G",3,2,2,"Occasional",1,94.4,"No",1,54
"9060-HJJRW","Female",51,"No","No",51,0,"DSL",2,2,3,"Occasional",12,56.4,"No",0,"Female",51,"No","No",51,0,"DSL",2,2,3,"Occasional",12,56.4,"No",0,40
"9061-TIHDA","Male",84,"Yes","No",13,2,"5G",0,2,3,"Frequent",1,95.25,"Yes",0,"Male",84,"Yes","No",13,2,"5G",0,2,3,"Frequent",1,95.25,"Yes",0,NA
"9063-ZGTUY","Female",19,"Yes","Yes",61,1,"5G",0,1,0,"Occasional",1,19.4,"Yes",1,"Female",19,"Yes","Yes",61,1,"5G",0,1,0,"Occasional",1,19.4,"Yes",1,NA
"9065-ZCPQX","Male",19,"Yes","No",72,2,"DSL",3,3,2,"Occasional",24,78.85,"No",0,"Male",19,"Yes","No",72,2,"DSL",3,3,2,"Occasional",24,78.85,"No",0,20
"9066-QRSDU","Female",19,"Yes","No",69,2,"No",0,1,0,"Occasional",12,26.3,"No",0,"Female",19,"Yes","No",69,2,"No",0,1,0,"Occasional",12,26.3,"No",0,24
"9067-SQTNS","Male",21,"Yes","Yes",44,1,"No",0,1,0,"Occasional",12,20.6,"No",0,"Male",21,"Yes","Yes",44,1,"No",0,1,0,"Occasional",12,20.6,"No",0,38
"9068-VPWQQ","Male",35,"Yes","No",61,2,"5G",1,3,2,"Occasional",24,75.35,"No",0,"Male",35,"Yes","No",61,2,"5G",1,3,2,"Occasional",24,75.35,"No",0,22
"9069-LGEUL","Male",57,"No","No",23,1,"5G",1,2,2,"Occasional",1,59.95,"No",1,"Male",57,"No","No",23,1,"5G",1,2,2,"Occasional",1,59.95,"No",1,3
"9070-BCKQP","Female",24,"Yes","No",72,2,"Fiber optic",1,3,3,"Occasional",24,110.15,"No",0,"Female",24,"Yes","No",72,2,"Fiber optic",1,3,3,"Occasional",24,110.15,"No",0,12
"9073-ZZIAY","Male",29,"Yes","Yes",62,1,"5G",3,3,3,"Occasional",24,86.1,"No",1,"Male",29,"Yes","Yes",62,1,"5G",3,3,3,"Occasional",24,86.1,"No",1,43
"9076-AXYIK","Male",78,"Yes","No",64,2,"5G",0,3,3,"Occasional",24,102.1,"No",1,"Male",78,"Yes","No",64,2,"5G",0,3,3,"Occasional",24,102.1,"No",1,33
"9079-LWTFD","Male",59,"No","No",47,2,"5G",3,3,1,"Occasional",1,100.75,"No",0,"Male",59,"No","No",47,2,"5G",3,3,1,"Occasional",1,100.75,"No",0,31
"9081-WWXKP","Female",21,"Yes","Yes",47,1,"No",0,1,0,"Occasional",24,20.25,"No",0,"Female",21,"Yes","Yes",47,1,"No",0,1,0,"Occasional",24,20.25,"No",0,11
"9084-OAYKL","Male",45,"No","No",58,1,"No",0,1,0,"Occasional",24,20.8,"No",0,"Male",45,"No","No",58,1,"No",0,1,0,"Occasional",24,20.8,"No",0,14
"9086-YJYXS","Male",59,"No","No",34,1,"No",0,2,3,"Occasional",12,77.2,"No",0,"Male",59,"No","No",34,1,"No",0,2,3,"Occasional",12,77.2,"No",0,5
"9092-GDZKO","Male",20,"No","No",22,2,"5G",0,1,0,"Occasional",1,24.85,"No",1,"Male",20,"No","No",22,2,"5G",0,1,0,"Occasional",1,24.85,"No",1,25
"9093-FPDLG","Female",38,"No","No",11,1,"DSL",2,3,2,"Occasional",1,94.2,"No",0,"Female",38,"No","No",11,1,"DSL",2,3,2,"Occasional",1,94.2,"No",0,4
"9094-AZPHK","Female",49,"No","No",15,2,"5G",2,2,3,"Occasional",1,100.15,"No",1,"Female",49,"No","No",15,2,"5G",2,2,3,"Occasional",1,100.15,"No",1,21
"9097-ZUBYC","Male",28,"Yes","No",14,1,"No",0,3,0,"Occasional",1,48.8,"No",0,"Male",28,"Yes","No",14,1,"No",0,3,0,"Occasional",1,48.8,"No",0,44
"9101-BWFSS","Female",27,"Yes","No",50,2,"5G",3,3,3,"Occasional",12,108.55,"Yes",1,"Female",27,"Yes","No",50,2,"5G",3,3,3,"Occasional",12,108.55,"Yes",1,NA
"9101-NTIXF","Male",20,"No","No",2,1,"5G",0,1,0,"Occasional",1,19.4,"No",0,"Male",20,"No","No",2,1,"5G",0,1,0,"Occasional",1,19.4,"No",0,3
"9102-OXKFY","Male",40,"No","No",59,2,"DSL",0,2,0,"Occasional",24,54.15,"No",0,"Male",40,"No","No",59,2,"DSL",0,2,0,"Occasional",24,54.15,"No",0,38
"9103-TCIHJ","Female",34,"No","No",15,2,"DSL",1,2,0,"Frequent",1,55.7,"Yes",0,"Female",34,"No","No",15,2,"DSL",1,2,0,"Frequent",1,55.7,"Yes",0,NA
"9108-EJFJP","Female",30,"Yes","No",1,1,"DSL",3,2,0,"Occasional",1,53.55,"No",0,"Female",30,"Yes","No",1,1,"DSL",3,2,0,"Occasional",1,53.55,"No",0,27
"9108-EQPNQ","Female",56,"No","No",10,2,"DSL",0,1,0,"Occasional",24,26.1,"No",1,"Female",56,"No","No",10,2,"DSL",0,1,0,"Occasional",24,26.1,"No",1,45
"9110-HSGTV","Female",51,"No","No",69,1,"DSL",1,3,3,"Occasional",24,82.45,"No",0,"Female",51,"No","No",69,1,"DSL",1,3,3,"Occasional",24,82.45,"No",0,33
"9114-VEPUF","Male",36,"Yes","No",62,2,"Fiber optic",3,2,2,"Occasional",12,96.1,"No",0,"Male",36,"Yes","No",62,2,"Fiber optic",3,2,2,"Occasional",12,96.1,"No",0,29
"9115-YQHGA","Male",51,"No","No",40,1,"DSL",0,3,0,"Occasional",1,51.1,"No",0,"Male",51,"No","No",40,1,"DSL",0,3,0,"Occasional",1,51.1,"No",0,10
"9117-SHLZX","Male",58,"No","No",1,1,"5G",0,2,0,"Occasional",1,45.7,"Yes",1,"Male",58,"No","No",1,1,"5G",0,2,0,"Frequent",1,45.7,"Yes",1,NA
"9121-PHQSR","Male",74,"Yes","No",16,2,"5G",0,2,1,"Occasional",1,85.05,"No",0,"Male",74,"Yes","No",16,2,"5G",0,2,1,"Occasional",1,85.05,"No",0,40
"9122-UMROB","Male",22,"No","No",1,1,"DSL",0,1,0,"Occasional",1,20.3,"No",0,"Male",22,"No","No",1,1,"DSL",0,1,0,"Occasional",1,20.3,"No",0,39
"9124-LHCJQ","Female",46,"No","No",1,1,"No",0,2,2,"Frequent",1,85.45,"Yes",0,"Female",46,"No","No",1,1,"No",0,2,2,"Frequent",1,85.45,"Yes",0,NA
"9127-FHJBZ","Male",40,"Yes","Yes",72,2,"5G",3,3,3,"Occasional",24,114,"No",0,"Male",40,"Yes","Yes",72,2,"5G",3,3,3,"Occasional",24,114,"No",0,29
"9127-QRZMH","Male",41,"Yes","No",44,1,"DSL",3,3,0,"Occasional",12,59.85,"No",0,"Male",41,"Yes","No",44,1,"DSL",3,3,0,"Occasional",12,59.85,"No",0,15
"9128-CPXKI","Female",57,"No","No",59,1,"Fiber optic",0,2,3,"Occasional",24,95.8,"No",0,"Female",57,"No","No",59,1,"Fiber optic",0,2,3,"Occasional",24,95.8,"No",0,2
"9129-UXERG","Female",86,"No","No",18,2,"Fiber optic",2,3,3,"Occasional",1,103.6,"No",0,"Female",86,"No","No",18,2,"Fiber optic",2,3,3,"Occasional",1,103.6,"No",0,30
"9133-AYJZG","Female",22,"No","No",23,2,"Fiber optic",2,2,3,"Occasional",1,98.7,"No",0,"Female",22,"No","No",23,2,"Fiber optic",2,2,3,"Occasional",1,98.7,"No",0,30
"9134-CEQMF","Male",89,"Yes","No",7,1,"DSL",0,2,3,"Frequent",1,89.5,"Yes",0,"Male",89,"Yes","No",7,1,"DSL",0,2,3,"Frequent",1,89.5,"Yes",0,NA
"9134-WYRVP","Male",62,"No","No",51,1,"Fiber optic",1,2,1,"Occasional",12,86.35,"No",0,"Male",62,"No","No",51,1,"Fiber optic",1,2,1,"Occasional",12,86.35,"No",0,20
"9135-HSWOC","Male",54,"No","No",64,1,"No",0,1,0,"Occasional",24,19.7,"No",0,"Male",54,"No","No",64,1,"No",0,1,0,"Occasional",24,19.7,"No",0,16
"9135-MGVPY","Male",29,"Yes","No",69,1,"No",3,3,3,"Occasional",24,84.7,"No",0,"Male",29,"Yes","No",69,1,"No",3,3,3,"Occasional",24,84.7,"No",0,25
"9137-UIYPG","Female",42,"Yes","Yes",35,1,"Fiber optic",1,3,3,"Occasional",1,106.9,"No",0,"Female",42,"Yes","Yes",35,1,"Fiber optic",1,3,3,"Occasional",1,106.9,"No",0,9
"9138-EFSMO","Male",46,"Yes","Yes",26,1,"Fiber optic",0,2,2,"Occasional",12,78.95,"No",0,"Male",46,"Yes","Yes",26,1,"Fiber optic",0,2,2,"Occasional",12,78.95,"No",0,17
"9139-TWBAS","Female",35,"Yes","No",26,1,"No",3,2,1,"Occasional",12,47.85,"No",0,"Female",35,"Yes","No",26,1,"No",3,2,1,"Occasional",12,47.85,"No",0,20
"9139-WQQDY","Female",61,"Yes","Yes",49,2,"5G",2,2,3,"Frequent",12,100.45,"Yes",0,"Female",61,"Yes","Yes",49,2,"5G",2,2,3,"Frequent",12,100.45,"Yes",0,NA
"9140-CZQZZ","Female",24,"Yes","No",68,1,"DSL",3,3,3,"Occasional",24,79.6,"No",0,"Female",24,"Yes","No",68,1,"DSL",3,3,3,"Occasional",24,79.6,"No",0,35
"9142-KZXOP","Male",61,"No","No",44,1,"5G",0,2,0,"Occasional",1,68.85,"No",1,"Male",61,"No","No",44,1,"5G",0,2,0,"Occasional",1,68.85,"No",1,67
"9142-XMYJH","Female",42,"No","No",29,1,"No",0,1,0,"Occasional",1,19.35,"No",0,"Female",42,"No","No",29,1,"No",0,1,0,"Occasional",1,19.35,"No",0,7
"9146-JRIOX","Female",22,"Yes","Yes",14,2,"5G",0,1,0,"Occasional",1,25.55,"No",1,"Female",22,"Yes","Yes",14,2,"5G",0,1,0,"Occasional",1,25.55,"No",1,5
"9150-HEPMB","Male",24,"No","No",56,1,"5G",1,2,0,"Occasional",12,52.7,"No",0,"Male",24,"No","No",56,1,"5G",1,2,0,"Occasional",12,52.7,"No",0,12
"9152-AMKAK","Male",45,"No","No",6,1,"DSL",1,3,3,"Occasional",24,80.25,"No",0,"Male",45,"No","No",6,1,"DSL",1,3,3,"Occasional",24,80.25,"No",0,38
"9153-BTBVV","Female",49,"No","No",71,1,"DSL",0,1,0,"Occasional",24,25,"No",0,"Female",49,"No","No",71,1,"DSL",0,1,0,"Occasional",24,25,"No",0,0
"9154-QDGTH","Male",58,"Yes","Yes",43,2,"5G",0,3,3,"Occasional",12,104.3,"No",0,"Male",58,"Yes","Yes",43,2,"5G",0,3,3,"Occasional",12,104.3,"No",0,45
"9158-VCTQB","Female",28,"Yes","No",41,2,"5G",3,3,3,"Occasional",1,113.6,"Yes",0,"Female",28,"Yes","No",41,2,"5G",3,3,3,"Occasional",1,113.6,"Yes",0,NA
"9167-APMXZ","Female",53,"No","No",22,2,"5G",0,2,1,"Occasional",1,84.15,"No",1,"Female",53,"No","No",22,2,"5G",0,2,1,"Occasional",1,84.15,"No",1,60
"9168-INPSZ","Female",78,"Yes","No",44,2,"5G",0,3,3,"Occasional",1,104.15,"No",0,"Female",78,"Yes","No",44,2,"5G",0,3,3,"Occasional",1,104.15,"No",0,40
"9170-ARBTB","Female",19,"Yes","Yes",52,1,"5G",0,1,0,"Occasional",12,19.6,"No",0,"Female",19,"Yes","Yes",52,1,"5G",0,1,0,"Occasional",12,19.6,"No",0,28
"9170-CCKOU","Male",50,"Yes","No",17,2,"Fiber optic",3,2,0,"Frequent",1,90.2,"Yes",0,"Male",50,"Yes","No",17,2,"Fiber optic",3,2,0,"Frequent",1,90.2,"Yes",0,NA
"9172-JITSM","Female",26,"Yes","Yes",26,1,"5G",0,2,3,"Frequent",1,90.8,"Yes",0,"Female",26,"Yes","Yes",26,1,"5G",0,2,3,"Frequent",1,90.8,"Yes",0,NA
"9173-IVZVP","Female",21,"Yes","Yes",53,1,"No",0,1,0,"Occasional",24,20.9,"No",0,"Female",21,"Yes","Yes",53,1,"No",0,1,0,"Occasional",24,20.9,"No",0,14
"9178-JHUVJ","Male",20,"Yes","Yes",24,2,"5G",0,1,0,"Occasional",24,24.1,"No",1,"Male",20,"Yes","Yes",24,2,"5G",0,1,0,"Occasional",24,24.1,"No",1,48
"9184-GALIL","Female",22,"Yes","Yes",38,1,"No",0,1,0,"Occasional",1,20.45,"No",0,"Female",22,"Yes","Yes",38,1,"No",0,1,0,"Occasional",1,20.45,"No",0,25
"9185-TQCVP","Male",28,"Yes","No",14,2,"Fiber optic",0,2,2,"Frequent",1,85.15,"Yes",0,"Male",28,"Yes","No",14,2,"Fiber optic",0,2,2,"Occasional",1,85.15,"Yes",0,NA
"9189-JWSHV","Female",69,"Yes","No",24,2,"Fiber optic",0,2,3,"Frequent",1,93.55,"Yes",0,"Female",69,"Yes","No",24,2,"Fiber optic",0,2,3,"Frequent",1,93.55,"Yes",0,NA
"9191-MYQKX","Female",34,"Yes","No",7,1,"5G",0,2,0,"Frequent",1,75.15,"Yes",1,"Female",34,"Yes","No",7,1,"5G",0,2,0,"Frequent",1,75.15,"Yes",1,NA
"9194-GFVOI","Female",24,"Yes","No",42,1,"No",1,3,3,"Occasional",24,84.35,"No",0,"Female",24,"Yes","No",42,1,"No",1,3,3,"Occasional",24,84.35,"No",0,43
"9199-PWQVC","Female",60,"Yes","No",63,2,"5G",3,2,3,"Occasional",12,79.7,"No",1,"Female",60,"Yes","No",63,2,"5G",3,2,3,"Occasional",12,79.7,"No",1,18
"9206-GVPEQ","Male",52,"Yes","No",13,1,"No",1,3,3,"Occasional",1,54.45,"Yes",0,"Male",52,"Yes","No",13,1,"No",1,3,3,"Occasional",1,54.45,"Yes",0,NA
"9207-ZPANB","Male",35,"No","No",37,2,"DSL",3,3,0,"Occasional",12,67.45,"No",0,"Male",35,"No","No",37,2,"DSL",3,3,0,"Occasional",12,67.45,"No",0,37
"9208-OLGAQ","Female",66,"No","No",18,1,"Fiber optic",0,2,2,"Occasional",1,84.95,"No",0,"Female",66,"No","No",18,1,"Fiber optic",0,2,2,"Occasional",1,84.95,"No",0,34
"9209-NWPGU","Male",20,"No","No",44,1,"DSL",1,3,1,"Occasional",12,65.4,"No",0,"Male",20,"No","No",44,1,"DSL",1,3,1,"Occasional",12,65.4,"No",0,36
"9214-EKVXR","Female",49,"No","No",1,1,"DSL",0,2,0,"Occasional",1,44,"No",0,"Female",49,"No","No",1,1,"DSL",0,2,0,"Occasional",1,44,"No",0,11
"9220-CXRSC","Female",23,"Yes","Yes",69,2,"DSL",1,3,0,"Occasional",24,61.4,"No",0,"Female",23,"Yes","Yes",69,2,"DSL",1,3,0,"Occasional",24,61.4,"No",0,35
"9220-ZNKJI","Female",88,"Yes","No",55,1,"DSL",0,3,1,"Occasional",24,88.8,"No",0,"Female",88,"Yes","No",55,1,"DSL",0,3,1,"Occasional",24,88.8,"No",0,14
"9221-OTIVJ","Female",72,"No","No",14,2,"No",2,2,3,"Frequent",1,104.85,"Yes",0,"Female",72,"No","No",14,2,"No",2,2,3,"Frequent",1,104.85,"Yes",0,NA
"9224-VTYID","Male",29,"Yes","Yes",47,1,"No",3,3,3,"Occasional",24,90.5,"No",0,"Male",29,"Yes","Yes",47,1,"No",3,3,3,"Occasional",24,90.5,"No",0,18
"9225-BZLNZ","Male",45,"Yes","No",72,2,"5G",3,2,3,"Occasional",24,85.25,"No",0,"Male",45,"Yes","No",72,2,"5G",3,2,3,"Occasional",24,85.25,"No",0,13
"9227-LUNBG","Female",52,"No","No",1,0,"5G",0,2,0,"Occasional",1,24.6,"Yes",1,"Female",52,"No","No",1,0,"5G",0,2,0,"Frequent",1,24.6,"Yes",1,NA
"9227-UAQFT","Male",63,"No","No",16,1,"5G",0,1,0,"Occasional",24,19.75,"No",1,"Male",63,"No","No",16,1,"5G",0,1,0,"Occasional",24,19.75,"No",1,63
"9227-YBAXE","Female",50,"Yes","Yes",65,2,"DSL",3,3,3,"Occasional",24,82.5,"No",0,"Female",50,"Yes","Yes",65,2,"DSL",3,3,3,"Occasional",24,82.5,"No",0,0
"9231-ZJYAM","Female",71,"No","No",4,1,"5G",0,2,1,"Occasional",1,78.85,"Yes",1,"Female",71,"No","No",4,1,"5G",0,2,1,"Frequent",1,78.85,"Yes",1,NA
"9233-PSYHO","Female",87,"No","No",45,2,"Fiber optic",0,2,3,"Occasional",12,100.15,"No",0,"Female",87,"No","No",45,2,"Fiber optic",0,2,3,"Occasional",12,100.15,"No",0,43
"9236-NDUCW","Female",62,"No","No",21,0,"DSL",1,3,0,"Occasional",24,35.1,"No",0,"Female",62,"No","No",21,0,"DSL",1,3,0,"Occasional",24,35.1,"No",0,9
"9237-HQITU","Female",35,"No","No",2,1,"DSL",0,2,0,"Frequent",1,70.7,"Yes",1,"Female",35,"No","No",2,1,"DSL",0,2,0,"Frequent",1,70.7,"Yes",1,NA
"9239-GZHZE","Female",38,"No","No",72,2,"5G",3,3,3,"Occasional",24,113.65,"No",0,"Female",38,"No","No",72,2,"5G",3,3,3,"Occasional",24,113.65,"No",0,29
"9239-ZBZZV","Female",58,"No","No",6,0,"DSL",0,2,3,"Frequent",1,47.95,"Yes",0,"Female",58,"No","No",6,0,"DSL",0,2,3,"Frequent",1,47.95,"Yes",0,NA
"9242-TKFSV","Male",32,"Yes","Yes",72,0,"5G",3,3,3,"Occasional",24,65.1,"No",0,"Male",32,"Yes","Yes",72,0,"5G",3,3,3,"Occasional",24,65.1,"No",0,36
"9244-ZVAPM","Male",40,"No","No",1,1,"5G",0,2,0,"Occasional",1,45.6,"No",1,"Male",40,"No","No",1,1,"5G",0,2,0,"Occasional",1,45.6,"No",1,38
"9249-FXSCK","Female",20,"No","No",52,2,"Fiber optic",3,3,3,"Occasional",12,111.25,"Yes",0,"Female",20,"No","No",52,2,"Fiber optic",3,3,3,"Occasional",12,111.25,"Yes",0,NA
"9251-WNSOD","Female",38,"Yes","No",67,2,"5G",3,2,2,"Occasional",12,75.1,"No",0,"Female",38,"Yes","No",67,2,"5G",3,2,2,"Occasional",12,75.1,"No",0,6
"9254-RBFON","Female",43,"Yes","Yes",17,1,"5G",0,3,3,"Occasional",12,98.6,"Yes",0,"Female",43,"Yes","Yes",17,1,"5G",0,3,3,"Occasional",12,98.6,"Yes",0,NA
"9256-JTBNZ","Female",22,"No","No",11,1,"No",0,1,0,"Occasional",1,20.3,"No",0,"Female",22,"No","No",11,1,"No",0,1,0,"Occasional",1,20.3,"No",0,29
"9257-AZMTZ","Female",40,"No","No",52,1,"No",0,1,0,"Occasional",24,20.1,"No",0,"Female",40,"No","No",52,1,"No",0,1,0,"Occasional",24,20.1,"No",0,26
"9261-WDCAF","Male",30,"No","No",3,1,"5G",0,2,2,"Occasional",1,54.65,"No",0,"Male",30,"No","No",3,1,"5G",0,2,2,"Occasional",1,54.65,"No",0,17
"9269-CQOOL","Male",33,"No","Yes",3,1,"DSL",0,2,1,"Occasional",1,54.7,"Yes",0,"Male",33,"No","Yes",3,1,"DSL",0,2,1,"Frequent",1,54.7,"Yes",0,NA
"9272-LSVYH","Male",59,"No","No",10,1,"DSL",0,2,0,"Occasional",1,70.15,"No",0,"Male",59,"No","No",10,1,"DSL",0,2,0,"Occasional",1,70.15,"No",0,44
"9274-UARKJ","Female",46,"No","No",15,1,"Fiber optic",2,2,1,"Occasional",1,83.2,"No",0,"Female",46,"No","No",15,1,"Fiber optic",2,2,1,"Occasional",1,83.2,"No",0,17
"9277-JOOMO","Female",41,"No","No",3,2,"5G",0,1,0,"Occasional",1,24.6,"No",0,"Female",41,"No","No",3,2,"5G",0,1,0,"Occasional",1,24.6,"No",0,7
"9281-CEDRU","Female",64,"Yes","No",68,1,"DSL",2,3,1,"Occasional",24,64.1,"No",0,"Female",64,"Yes","No",68,1,"DSL",2,3,1,"Occasional",24,64.1,"No",0,30
"9281-PKKZE","Female",57,"Yes","No",46,0,"5G",0,2,3,"Occasional",1,43.95,"No",0,"Female",57,"Yes","No",46,0,"5G",0,2,3,"Occasional",1,43.95,"No",0,20
"9282-IZGQK","Female",36,"No","No",1,2,"5G",0,2,2,"Frequent",1,85,"Yes",1,"Female",36,"No","No",1,2,"5G",0,2,2,"Frequent",1,85,"Yes",1,NA
"9283-LZQOH","Male",62,"Yes","Yes",13,2,"5G",0,2,0,"Frequent",1,74.4,"Yes",0,"Male",62,"Yes","Yes",13,2,"5G",0,2,0,"Frequent",1,74.4,"Yes",0,NA
"9286-BHDQG","Male",20,"Yes","Yes",72,0,"5G",3,3,0,"Occasional",24,45.25,"No",1,"Male",20,"Yes","Yes",72,0,"5G",3,3,0,"Occasional",24,45.25,"No",1,56
"9289-LBQVU","Male",38,"Yes","No",64,2,"DSL",2,3,2,"Occasional",12,70.15,"No",0,"Male",38,"Yes","No",64,2,"DSL",2,3,2,"Occasional",12,70.15,"No",0,16
"9294-TDIPC","Male",20,"No","Yes",5,1,"5G",0,1,0,"Occasional",1,20.2,"No",1,"Male",20,"No","Yes",5,1,"5G",0,1,0,"Occasional",1,20.2,"No",1,13
"9297-EONCV","Female",52,"No","No",72,1,"No",3,3,3,"Occasional",24,91.35,"No",0,"Female",52,"No","No",72,1,"No",3,3,3,"Occasional",24,91.35,"No",0,29
"9297-FVVDH","Female",48,"Yes","Yes",57,2,"5G",1,3,3,"Occasional",24,84.5,"No",0,"Female",48,"Yes","Yes",57,2,"5G",1,3,3,"Occasional",24,84.5,"No",0,23
"9298-WGMRW","Female",32,"Yes","No",72,2,"Fiber optic",3,3,3,"Occasional",24,115.5,"No",0,"Female",32,"Yes","No",72,2,"Fiber optic",3,3,3,"Occasional",24,115.5,"No",0,13
"9300-RENDD","Male",56,"No","No",1,1,"DSL",0,2,1,"Frequent",1,79.95,"Yes",0,"Male",56,"No","No",1,1,"DSL",0,2,1,"Frequent",1,79.95,"Yes",0,NA
"9305-CDSKC","Female",44,"No","No",8,2,"5G",0,2,3,"Frequent",1,99.65,"Yes",1,"Female",44,"No","No",8,2,"5G",0,2,3,"Frequent",1,99.65,"Yes",1,NA
"9306-CPCBC","Female",30,"No","No",3,2,"Fiber optic",0,2,0,"Frequent",1,74.25,"Yes",0,"Female",30,"No","No",3,2,"Fiber optic",0,2,0,"Frequent",1,74.25,"Yes",0,NA
"9309-BZGNT","Male",75,"Yes","No",69,0,"DSL",0,2,0,"Occasional",12,29.8,"No",0,"Male",75,"Yes","No",69,0,"DSL",0,2,0,"Occasional",12,29.8,"No",0,2
"9313-QOLTZ","Male",37,"No","No",26,1,"5G",0,1,0,"Occasional",1,20.9,"No",0,"Male",37,"No","No",26,1,"5G",0,1,0,"Occasional",1,20.9,"No",0,0
"9314-IJWSQ","Female",35,"Yes","Yes",14,2,"5G",0,2,1,"Occasional",1,84.8,"No",0,"Female",35,"Yes","Yes",14,2,"5G",0,2,1,"Occasional",1,84.8,"No",0,39
"9314-QDMDW","Male",32,"No","No",11,1,"5G",2,2,1,"Occasional",12,61.25,"No",0,"Male",32,"No","No",11,1,"5G",2,2,1,"Occasional",12,61.25,"No",0,29
"9317-WZPGV","Female",87,"No","No",2,1,"Fiber optic",0,2,2,"Frequent",1,79.75,"Yes",0,"Female",87,"No","No",2,1,"Fiber optic",0,2,2,"Occasional",1,79.75,"Yes",0,NA
"9318-NKNFC","Male",46,"No","No",1,1,"No",0,1,0,"Occasional",1,18.85,"Yes",0,"Male",46,"No","No",1,1,"No",0,1,0,"Occasional",1,18.85,"Yes",0,NA
"9323-HGFWY","Female",46,"Yes","No",27,1,"5G",1,3,3,"Occasional",12,101.9,"No",1,"Female",46,"Yes","No",27,1,"5G",1,3,3,"Occasional",12,101.9,"No",1,42
"9330-VOFSZ","Female",56,"Yes","No",60,2,"Fiber optic",2,3,3,"Occasional",24,110.8,"No",0,"Female",56,"Yes","No",60,2,"Fiber optic",2,3,3,"Occasional",24,110.8,"No",0,24
"9337-SRRNI","Male",49,"No","No",66,2,"5G",0,1,0,"Occasional",24,25.3,"No",0,"Male",49,"No","No",66,2,"5G",0,1,0,"Occasional",24,25.3,"No",0,9
"9342-VNIMQ","Male",53,"No","No",33,2,"5G",2,2,0,"Occasional",1,54.65,"No",1,"Male",53,"No","No",33,2,"5G",2,2,0,"Occasional",1,54.65,"No",1,19
"9347-AERRL","Male",58,"No","No",23,1,"No",0,1,0,"Occasional",12,19.3,"No",0,"Male",58,"No","No",23,1,"No",0,1,0,"Occasional",12,19.3,"No",0,11
"9348-YVOMK","Male",58,"No","No",4,1,"DSL",0,2,0,"Occasional",1,44.8,"No",0,"Male",58,"No","No",4,1,"DSL",0,2,0,"Occasional",1,44.8,"No",0,13
"9350-VLHMB","Male",33,"Yes","Yes",67,2,"5G",2,2,2,"Occasional",1,89.55,"No",0,"Male",33,"Yes","Yes",67,2,"5G",2,2,2,"Occasional",1,89.55,"No",0,28
"9350-ZXYJC","Female",43,"No","No",4,2,"5G",0,1,0,"Occasional",24,25.3,"No",0,"Female",43,"No","No",4,2,"5G",0,1,0,"Occasional",24,25.3,"No",0,29
"9359-JANWS","Female",30,"Yes","No",65,1,"5G",1,3,0,"Occasional",24,58.9,"No",0,"Female",30,"Yes","No",65,1,"5G",1,3,0,"Occasional",24,58.9,"No",0,41
"9360-AHGNL","Female",78,"Yes","No",43,2,"Fiber optic",1,3,3,"Occasional",12,109.55,"Yes",0,"Female",78,"Yes","No",43,2,"Fiber optic",1,3,3,"Occasional",12,109.55,"Yes",0,NA
"9360-OMDZZ","Male",61,"No","No",24,2,"Fiber optic",0,2,3,"Occasional",1,94.1,"No",0,"Male",61,"No","No",24,2,"Fiber optic",0,2,3,"Occasional",1,94.1,"No",0,9
"9361-YNQWJ","Female",19,"No","No",64,2,"5G",0,1,0,"Occasional",12,24.4,"No",0,"Female",19,"No","No",64,2,"5G",0,1,0,"Occasional",12,24.4,"No",0,44
"9362-MWODR","Female",25,"No","Yes",40,1,"DSL",1,3,1,"Occasional",1,64.1,"No",0,"Female",25,"No","Yes",40,1,"DSL",1,3,1,"Occasional",1,64.1,"No",0,41
"9364-YKUVW","Male",64,"No","No",15,1,"No",0,1,0,"Occasional",1,19.8,"No",0,"Male",64,"No","No",15,1,"No",0,1,0,"Occasional",1,19.8,"No",0,23
"9365-CSLBQ","Male",58,"No","No",71,2,"No",0,1,0,"Occasional",24,24.35,"No",0,"Male",58,"No","No",71,2,"No",0,1,0,"Occasional",24,24.35,"No",0,37
"9367-OIUXP","Male",53,"No","No",4,1,"DSL",0,1,0,"Occasional",1,20.7,"No",0,"Male",53,"No","No",4,1,"DSL",0,1,0,"Occasional",1,20.7,"No",0,12
"9367-WXLCH","Male",55,"No","No",8,2,"5G",0,2,2,"Frequent",1,84.5,"Yes",1,"Male",55,"No","No",8,2,"5G",0,2,2,"Frequent",1,84.5,"Yes",1,NA
"9369-XFEHK","Female",71,"Yes","No",33,2,"5G",2,2,0,"Occasional",1,80.6,"Yes",1,"Female",71,"Yes","No",33,2,"5G",2,2,0,"Frequent",1,80.6,"Yes",1,NA
"9371-BITHB","Female",21,"Yes","Yes",52,1,"No",0,1,0,"Occasional",24,19.85,"No",0,"Female",21,"Yes","Yes",52,1,"No",0,1,0,"Occasional",24,19.85,"No",0,3
"9372-TXXPS","Female",51,"Yes","No",60,1,"No",3,3,0,"Occasional",24,59.85,"No",0,"Female",51,"Yes","No",60,1,"No",3,3,0,"Occasional",24,59.85,"No",0,25
"9373-WSLOY","Male",85,"Yes","No",33,0,"DSL",2,3,1,"Occasional",1,50,"No",0,"Male",85,"Yes","No",33,0,"DSL",2,3,1,"Occasional",1,50,"No",0,37
"9375-MHRRS","Male",55,"No","No",6,1,"No",0,3,0,"Occasional",1,50.05,"No",0,"Male",55,"No","No",6,1,"No",0,3,0,"Occasional",1,50.05,"No",0,14
"9378-FXTIZ","Female",32,"Yes","No",54,2,"DSL",0,2,3,"Frequent",12,70.15,"Yes",0,"Female",32,"Yes","No",54,2,"DSL",0,2,3,"Frequent",12,70.15,"Yes",0,NA
"9381-NDKME","Female",67,"Yes","No",24,0,"DSL",0,2,2,"Frequent",1,40.65,"Yes",0,"Female",67,"Yes","No",24,0,"DSL",0,2,2,"Frequent",1,40.65,"Yes",0,NA
"9385-EHGDO","Female",22,"Yes","Yes",35,1,"5G",0,1,0,"Occasional",24,19.85,"No",1,"Female",22,"Yes","Yes",35,1,"5G",0,1,0,"Occasional",24,19.85,"No",1,8
"9386-LDCZR","Male",25,"No","No",43,1,"Fiber optic",3,3,0,"Occasional",12,90.65,"No",0,"Male",25,"No","No",43,1,"Fiber optic",3,3,0,"Occasional",12,90.65,"No",0,6
"9389-ACWBI","Female",39,"Yes","Yes",5,1,"Fiber optic",0,2,0,"Occasional",1,69.95,"No",0,"Female",39,"Yes","Yes",5,1,"Fiber optic",0,2,0,"Occasional",1,69.95,"No",0,44
"9391-EOYLI","Male",72,"Yes","No",12,1,"DSL",0,2,2,"Frequent",1,80.45,"Yes",0,"Male",72,"Yes","No",12,1,"DSL",0,2,2,"Frequent",1,80.45,"Yes",0,NA
"9391-LMANN","Male",37,"No","Yes",53,1,"No",3,2,2,"Occasional",12,95.95,"No",0,"Male",37,"No","Yes",53,1,"No",3,2,2,"Occasional",12,95.95,"No",0,30
"9392-XBGTD","Male",21,"No","Yes",27,1,"No",0,1,0,"Occasional",24,20.6,"No",0,"Male",21,"No","Yes",27,1,"No",0,1,0,"Occasional",24,20.6,"No",0,3
"9396-ZSFLL","Female",43,"No","No",15,2,"5G",0,2,0,"Occasional",1,48.85,"No",1,"Female",43,"No","No",15,2,"5G",0,2,0,"Occasional",1,48.85,"No",1,12
"9398-MMQTO","Male",29,"No","No",3,1,"Fiber optic",2,2,0,"Occasional",1,74.45,"No",0,"Male",29,"No","No",3,1,"Fiber optic",2,2,0,"Occasional",1,74.45,"No",0,8
"9399-APLBT","Female",59,"Yes","Yes",1,1,"5G",2,2,0,"Frequent",1,74.7,"Yes",1,"Female",59,"Yes","Yes",1,1,"5G",2,2,0,"Frequent",1,74.7,"Yes",1,NA
"9402-CXWPL","Female",26,"No","No",70,2,"Fiber optic",2,2,3,"Occasional",12,98.9,"No",0,"Female",26,"No","No",70,2,"Fiber optic",2,2,3,"Occasional",12,98.9,"No",0,0
"9402-ORRAH","Female",66,"No","No",15,1,"Fiber optic",0,2,3,"Occasional",1,91.5,"No",0,"Female",66,"No","No",15,1,"Fiber optic",0,2,3,"Occasional",1,91.5,"No",0,27
"9402-ROUMJ","Female",47,"Yes","Yes",67,2,"Fiber optic",1,3,2,"Occasional",12,100.25,"No",0,"Female",47,"Yes","Yes",67,2,"Fiber optic",1,3,2,"Occasional",12,100.25,"No",0,40
"9408-HRXRK","Female",56,"Yes","Yes",45,2,"5G",3,2,3,"Occasional",1,105.15,"No",0,"Female",56,"Yes","Yes",45,2,"5G",3,2,3,"Occasional",1,105.15,"No",0,8
"9408-SSNVZ","Female",40,"No","No",4,1,"5G",0,2,0,"Frequent",1,70.15,"Yes",1,"Female",40,"No","No",4,1,"5G",0,2,0,"Frequent",1,70.15,"Yes",1,NA
"9411-TPQQV","Female",20,"No","No",40,0,"5G",1,3,3,"Occasional",12,54.55,"No",1,"Female",20,"No","No",40,0,"5G",1,3,3,"Occasional",12,54.55,"No",1,36
"9412-ARGBX","Female",38,"No","Yes",48,1,"Fiber optic",2,3,1,"Occasional",24,95.5,"Yes",0,"Female",38,"No","Yes",48,1,"Fiber optic",2,3,1,"Occasional",24,95.5,"Yes",0,NA
"9412-GHEEC","Male",31,"No","No",40,2,"DSL",0,3,3,"Occasional",1,104.8,"Yes",1,"Male",31,"No","No",40,2,"DSL",0,3,3,"Occasional",1,104.8,"Yes",1,NA
"9415-DPEWS","Female",32,"No","No",18,2,"5G",0,3,1,"Occasional",1,88.35,"Yes",0,"Female",32,"No","No",18,2,"5G",0,3,1,"Occasional",1,88.35,"Yes",0,NA
"9415-TPKRV","Female",50,"Yes","Yes",8,2,"DSL",2,2,0,"Occasional",1,55.75,"No",0,"Female",50,"Yes","Yes",8,2,"DSL",2,2,0,"Occasional",1,55.75,"No",0,42
"9418-RUKPH","Female",38,"No","No",38,1,"No",0,1,0,"Occasional",24,19.95,"No",0,"Female",38,"No","No",38,1,"No",0,1,0,"Occasional",24,19.95,"No",0,9
"9419-IPPBE","Female",54,"Yes","Yes",51,2,"Fiber optic",0,2,2,"Occasional",12,90.15,"No",0,"Female",54,"Yes","Yes",51,2,"Fiber optic",0,2,2,"Occasional",12,90.15,"No",0,0
"9420-LOJKX","Female",40,"No","No",15,1,"5G",3,2,3,"Frequent",1,99.1,"Yes",1,"Female",40,"No","No",15,1,"5G",3,2,3,"Frequent",1,99.1,"Yes",1,NA
"9424-CMPOG","Male",22,"Yes","Yes",9,1,"DSL",0,1,0,"Occasional",24,19.6,"No",0,"Male",22,"Yes","Yes",9,1,"DSL",0,1,0,"Occasional",24,19.6,"No",0,0
"9426-SXNHE","Female",51,"No","No",2,1,"No",0,1,0,"Occasional",1,18.75,"No",0,"Female",51,"No","No",2,1,"No",0,1,0,"Occasional",1,18.75,"No",0,24
"9430-FRQOC","Female",50,"No","Yes",4,2,"5G",0,3,0,"Occasional",1,87.1,"Yes",0,"Female",50,"No","Yes",4,2,"5G",0,3,0,"Occasional",1,87.1,"Yes",0,NA
"9435-JMLSX","Male",43,"Yes","No",71,1,"No",3,3,3,"Occasional",24,86.1,"No",0,"Male",43,"Yes","No",71,1,"No",3,3,3,"Occasional",24,86.1,"No",0,14
"9436-ZBZCT","Male",29,"No","No",14,2,"5G",0,3,1,"Occasional",1,89.95,"Yes",0,"Male",29,"No","No",14,2,"5G",0,3,1,"Occasional",1,89.95,"Yes",0,NA
"9442-JTWDL","Female",20,"No","No",11,1,"5G",0,1,0,"Occasional",12,20.05,"No",1,"Female",20,"No","No",11,1,"5G",0,1,0,"Occasional",12,20.05,"No",1,4
"9443-JUBUO","Male",60,"Yes","Yes",72,1,"No",3,3,3,"Occasional",24,65.25,"No",0,"Male",60,"Yes","Yes",72,1,"No",3,3,3,"Occasional",24,65.25,"No",0,35
"9445-SZLCH","Female",53,"No","No",36,2,"Fiber optic",2,2,1,"Frequent",1,97.35,"Yes",0,"Female",53,"No","No",36,2,"Fiber optic",2,2,1,"Occasional",1,97.35,"Yes",0,NA
"9445-ZUEQE","Male",61,"Yes","Yes",27,2,"5G",2,3,0,"Occasional",1,85.2,"No",1,"Male",61,"Yes","Yes",27,2,"5G",2,3,0,"Occasional",1,85.2,"No",1,60
"9447-YPTBX","Female",21,"Yes","No",50,1,"No",0,1,0,"Occasional",12,19.85,"No",0,"Female",21,"Yes","No",50,1,"No",0,1,0,"Occasional",12,19.85,"No",0,11
"9448-REEVD","Male",62,"Yes","No",1,1,"DSL",0,2,0,"Occasional",1,44.7,"Yes",1,"Male",62,"Yes","No",1,1,"DSL",0,2,0,"Frequent",1,44.7,"Yes",1,NA
"9450-TRJUU","Male",34,"No","No",35,2,"5G",0,2,1,"Occasional",1,83.15,"No",1,"Male",34,"No","No",35,2,"5G",0,2,1,"Occasional",1,83.15,"No",1,12
"9453-PATOS","Female",30,"Yes","No",72,1,"No",3,3,3,"Occasional",24,85.1,"No",0,"Female",30,"Yes","No",72,1,"No",3,3,3,"Occasional",24,85.1,"No",0,21
"9467-ROOLM","Female",48,"No","No",25,1,"No",0,1,0,"Occasional",1,19.05,"No",0,"Female",48,"No","No",25,1,"No",0,1,0,"Occasional",1,19.05,"No",0,21
"9469-WEJBT","Male",58,"Yes","No",37,1,"5G",0,3,2,"Occasional",1,90.35,"No",0,"Male",58,"Yes","No",37,1,"5G",0,3,2,"Occasional",1,90.35,"No",0,25
"9470-XCCEM","Male",26,"Yes","Yes",35,2,"5G",2,2,1,"Occasional",1,89.65,"No",0,"Male",26,"Yes","Yes",35,2,"5G",2,2,1,"Occasional",1,89.65,"No",0,9
"9473-CBZOP","Female",19,"No","No",28,2,"DSL",1,2,0,"Occasional",12,59,"No",0,"Female",19,"No","No",28,2,"DSL",1,2,0,"Occasional",12,59,"No",0,17
"9474-PHLYD","Female",52,"No","No",15,1,"DSL",0,2,2,"Frequent",1,59.45,"Yes",0,"Female",52,"No","No",15,1,"DSL",0,2,2,"Frequent",1,59.45,"Yes",0,NA
"9477-LGWQI","Male",48,"Yes","Yes",70,1,"5G",3,2,3,"Occasional",24,80.15,"No",1,"Male",48,"Yes","Yes",70,1,"5G",3,2,3,"Occasional",24,80.15,"No",1,44
"9479-HYNYL","Female",28,"Yes","No",71,1,"DSL",2,3,3,"Occasional",24,80.7,"No",0,"Female",28,"Yes","No",71,1,"DSL",2,3,3,"Occasional",24,80.7,"No",0,11
"9480-BQJEI","Male",54,"No","No",62,2,"DSL",3,2,2,"Occasional",12,92.3,"No",0,"Male",54,"No","No",62,2,"DSL",3,2,2,"Occasional",12,92.3,"No",0,37
"9481-IEBZY","Male",67,"Yes","No",72,2,"Fiber optic",3,3,3,"Occasional",1,112.9,"No",0,"Male",67,"Yes","No",72,2,"Fiber optic",3,3,3,"Occasional",1,112.9,"No",0,2
"9481-SFCQY","Female",36,"No","Yes",14,1,"No",0,2,1,"Occasional",1,59.8,"No",0,"Female",36,"No","Yes",14,1,"No",0,2,1,"Occasional",1,59.8,"No",0,45
"9481-WHGWY","Female",51,"Yes","Yes",70,1,"No",1,3,3,"Occasional",24,75.35,"No",0,"Female",51,"Yes","Yes",70,1,"No",1,3,3,"Occasional",24,75.35,"No",0,13
"9483-GCPWE","Male",61,"No","No",9,1,"No",0,1,0,"Occasional",12,20.1,"No",0,"Male",61,"No","No",9,1,"No",0,1,0,"Occasional",12,20.1,"No",0,5
"9488-FVZCC","Female",56,"Yes","Yes",72,2,"DSL",3,3,2,"Occasional",24,79.5,"No",0,"Female",56,"Yes","Yes",72,2,"DSL",3,3,2,"Occasional",24,79.5,"No",0,29
"9488-FYQAU","Female",25,"Yes","No",63,2,"Fiber optic",2,3,3,"Occasional",24,109.25,"No",0,"Female",25,"Yes","No",63,2,"Fiber optic",2,3,3,"Occasional",24,109.25,"No",0,21
"9489-DEDVP","Female",29,"Yes","Yes",70,2,"DSL",3,2,1,"Occasional",24,69.2,"No",1,"Female",29,"Yes","Yes",70,2,"DSL",3,2,1,"Occasional",24,69.2,"No",1,45
"9489-UTFKA","Male",77,"Yes","No",8,1,"5G",1,2,1,"Occasional",1,60.9,"No",1,"Male",77,"Yes","No",8,1,"5G",1,2,1,"Occasional",1,60.9,"No",1,41
"9492-TOKRI","Female",31,"No","No",18,1,"No",2,2,1,"Frequent",1,90,"Yes",0,"Female",31,"No","No",18,1,"No",2,2,1,"Frequent",1,90,"Yes",0,NA
"9494-BDNNC","Male",51,"No","No",66,2,"No",2,2,2,"Occasional",12,95.3,"No",0,"Male",51,"No","No",66,2,"No",2,2,2,"Occasional",12,95.3,"No",0,8
"9495-REDIY","Male",19,"No","Yes",25,0,"DSL",1,2,1,"Occasional",12,40.65,"No",0,"Male",19,"No","Yes",25,0,"DSL",1,2,1,"Occasional",12,40.65,"No",0,45
"9496-IVVRP","Female",21,"Yes","Yes",11,1,"DSL",1,2,0,"Occasional",1,51,"No",0,"Female",21,"Yes","Yes",11,1,"DSL",1,2,0,"Occasional",1,51,"No",0,22
"9498-FIMXL","Female",42,"No","No",8,1,"5G",0,1,0,"Occasional",12,19.2,"No",1,"Female",42,"No","No",8,1,"5G",0,1,0,"Occasional",12,19.2,"No",1,40
"9500-IWPXQ","Female",63,"Yes","Yes",61,1,"No",3,3,2,"Occasional",12,79.4,"No",0,"Female",63,"Yes","Yes",61,1,"No",3,3,2,"Occasional",12,79.4,"No",0,33
"9500-LTVBP","Female",42,"No","No",35,2,"Fiber optic",0,3,0,"Occasional",1,80.05,"No",0,"Female",42,"No","No",35,2,"Fiber optic",0,3,0,"Occasional",1,80.05,"No",0,39
"9500-WBGRP","Male",37,"No","No",69,1,"No",0,1,0,"Occasional",24,19.1,"No",0,"Male",37,"No","No",69,1,"No",0,1,0,"Occasional",24,19.1,"No",0,27
"9503-XJUME","Male",21,"No","Yes",52,1,"No",0,1,0,"Occasional",12,19.65,"No",0,"Male",21,"No","Yes",52,1,"No",0,1,0,"Occasional",12,19.65,"No",0,41
"9504-DSHWM","Male",54,"No","No",20,2,"5G",1,3,0,"Occasional",1,59.2,"No",0,"Male",54,"No","No",20,2,"5G",1,3,0,"Occasional",1,59.2,"No",0,11
"9504-YAZWB","Female",56,"No","No",53,1,"No",0,1,0,"Occasional",24,20.25,"No",0,"Female",56,"No","No",53,1,"No",0,1,0,"Occasional",24,20.25,"No",0,25
"9505-SQFSW","Female",21,"Yes","Yes",3,0,"5G",2,2,2,"Occasional",1,40.3,"No",1,"Female",21,"Yes","Yes",3,0,"5G",2,2,2,"Occasional",1,40.3,"No",1,29
"9506-UXUSK","Male",45,"No","No",13,1,"No",0,2,0,"Occasional",1,70.15,"No",0,"Male",45,"No","No",13,1,"No",0,2,0,"Occasional",1,70.15,"No",0,37
"9507-HSMMZ","Male",46,"No","No",54,1,"No",0,1,0,"Occasional",24,20,"No",0,"Male",46,"No","No",54,1,"No",0,1,0,"Occasional",24,20,"No",0,2
"9508-ILZDG","Female",65,"No","No",34,1,"No",2,3,1,"Occasional",1,96.35,"No",0,"Female",65,"No","No",34,1,"No",2,3,1,"Occasional",1,96.35,"No",0,18
"9509-MPYOD","Female",21,"No","No",35,1,"No",0,1,0,"Occasional",12,20.75,"No",0,"Female",21,"No","No",35,1,"No",0,1,0,"Occasional",12,20.75,"No",0,45
"9512-PHSMG","Female",22,"Yes","No",10,1,"No",0,1,0,"Occasional",1,20.55,"No",0,"Female",22,"Yes","No",10,1,"No",0,1,0,"Occasional",1,20.55,"No",0,37
"9512-UIBFX","Male",37,"Yes","Yes",18,1,"5G",0,2,3,"Frequent",1,95.15,"Yes",1,"Male",37,"Yes","Yes",18,1,"5G",0,2,3,"Frequent",1,95.15,"Yes",1,NA
"9514-JDSKI","Male",65,"Yes","No",1,0,"5G",2,2,1,"Occasional",1,40.2,"Yes",1,"Male",65,"Yes","No",1,0,"5G",2,2,1,"Frequent",1,40.2,"Yes",1,NA
"9518-RWHZL","Female",32,"No","No",64,2,"5G",0,2,3,"Frequent",12,100.05,"Yes",0,"Female",32,"No","No",64,2,"5G",0,2,3,"Frequent",12,100.05,"Yes",0,NA
"9522-BNTHX","Female",70,"No","No",34,0,"DSL",2,2,3,"Occasional",1,56.25,"No",0,"Female",70,"No","No",34,0,"DSL",2,2,3,"Occasional",1,56.25,"No",0,43
"9522-ZSINC","Male",19,"No","No",13,2,"No",0,1,0,"Occasional",12,19.95,"No",0,"Male",19,"No","No",13,2,"No",0,1,0,"Occasional",12,19.95,"No",0,40
"9524-EGPJC","Female",28,"No","No",18,2,"5G",0,3,2,"Occasional",1,90.1,"Yes",0,"Female",28,"No","No",18,2,"5G",0,3,2,"Occasional",1,90.1,"Yes",0,55
"9526-BIHHD","Male",53,"No","No",1,0,"DSL",1,2,0,"Frequent",1,29.7,"Yes",0,"Male",53,"No","No",1,0,"DSL",1,2,0,"Occasional",1,29.7,"Yes",0,NA
"9526-JAWYF","Male",19,"No","No",26,1,"Fiber optic",2,2,1,"Frequent",1,89.8,"Yes",0,"Male",19,"No","No",26,1,"Fiber optic",2,2,1,"Frequent",1,89.8,"Yes",0,NA
"9530-EHPOH","Male",51,"No","No",11,2,"DSL",0,2,0,"Frequent",1,53.75,"Yes",0,"Male",51,"No","No",11,2,"DSL",0,2,0,"Frequent",1,53.75,"Yes",0,NA
"9530-GRMJG","Male",60,"Yes","Yes",70,2,"DSL",2,3,3,"Occasional",24,84.1,"No",0,"Male",60,"Yes","Yes",70,2,"DSL",2,3,3,"Occasional",24,84.1,"No",0,28
"9531-NSBMR","Female",21,"No","No",36,1,"5G",0,1,0,"Occasional",12,19.25,"No",0,"Female",21,"No","No",36,1,"5G",0,1,0,"Occasional",12,19.25,"No",0,2
"9534-NSXEM","Male",61,"No","No",26,1,"No",0,1,0,"Occasional",12,20.65,"No",0,"Male",61,"No","No",26,1,"No",0,1,0,"Occasional",12,20.65,"No",0,2
"9537-JALFH","Male",20,"Yes","Yes",69,1,"No",0,1,0,"Occasional",24,19.9,"No",0,"Male",20,"Yes","Yes",69,1,"No",0,1,0,"Occasional",24,19.9,"No",0,11
"9537-VHDTA","Female",44,"No","No",1,1,"5G",1,2,0,"Occasional",1,51.2,"No",0,"Female",44,"No","No",1,1,"5G",1,2,0,"Occasional",1,51.2,"No",0,13
"9541-PWTWO","Female",21,"No","No",52,2,"DSL",0,3,3,"Occasional",24,80.95,"No",0,"Female",21,"No","No",52,2,"DSL",0,3,3,"Occasional",24,80.95,"No",0,20
"9541-ZPSEA","Male",55,"Yes","Yes",68,1,"Fiber optic",1,2,0,"Occasional",24,80.35,"No",0,"Male",55,"Yes","Yes",68,1,"Fiber optic",1,2,0,"Occasional",24,80.35,"No",0,11
"9544-PYPSJ","Female",73,"Yes","Yes",62,2,"Fiber optic",2,2,2,"Occasional",1,96.1,"No",0,"Female",73,"Yes","Yes",62,2,"Fiber optic",2,2,2,"Occasional",1,96.1,"No",0,42
"9546-CQJSU","Female",43,"No","No",2,2,"DSL",0,2,1,"Frequent",1,91.4,"Yes",0,"Female",43,"No","No",2,2,"DSL",0,2,1,"Frequent",1,91.4,"Yes",0,NA
"9547-ITEFG","Male",26,"Yes","Yes",9,2,"Fiber optic",2,2,3,"Occasional",1,102.6,"No",0,"Male",26,"Yes","Yes",9,2,"Fiber optic",2,2,3,"Occasional",1,102.6,"No",0,0
"9548-LIGTA","Male",35,"Yes","No",61,1,"5G",3,3,3,"Occasional",24,81.05,"No",1,"Male",35,"Yes","No",61,1,"5G",3,3,3,"Occasional",24,81.05,"No",1,27
"9548-ZMVTX","Male",58,"Yes","Yes",72,2,"5G",2,3,0,"Occasional",24,90.45,"No",0,"Male",58,"Yes","Yes",72,2,"5G",2,3,0,"Occasional",24,90.45,"No",0,38
"9552-TGUZV","Male",60,"Yes","No",8,1,"Fiber optic",1,2,0,"Occasional",1,75,"No",0,"Male",60,"Yes","No",8,1,"Fiber optic",1,2,0,"Occasional",1,75,"No",0,26
"9560-ARGQJ","Female",45,"No","Yes",16,1,"Fiber optic",0,2,1,"Occasional",1,81,"Yes",0,"Female",45,"No","Yes",16,1,"Fiber optic",0,2,1,"Frequent",1,81,"Yes",0,NA
"9560-BBZXK","Female",59,"No","No",36,0,"5G",1,2,0,"Occasional",24,31.05,"No",1,"Female",59,"No","No",36,0,"5G",1,2,0,"Occasional",24,31.05,"No",1,53
"9564-KCLHR","Male",32,"No","No",1,1,"DSL",0,3,0,"Occasional",1,51.25,"Yes",0,"Male",32,"No","No",1,1,"DSL",0,3,0,"Occasional",1,51.25,"Yes",0,NA
"9565-DJPIB","Female",41,"No","Yes",4,1,"No",2,2,1,"Frequent",1,89.6,"Yes",0,"Female",41,"No","Yes",4,1,"No",2,2,1,"Frequent",1,89.6,"Yes",0,NA
"9565-FLVCG","Male",63,"Yes","Yes",65,2,"5G",3,2,2,"Occasional",24,69.55,"No",1,"Male",63,"Yes","Yes",65,2,"5G",3,2,2,"Occasional",24,69.55,"No",1,18
"9565-JSNFM","Male",57,"No","No",38,1,"Fiber optic",0,2,0,"Frequent",12,70.45,"Yes",0,"Male",57,"No","No",38,1,"Fiber optic",0,2,0,"Frequent",12,70.45,"Yes",0,NA
"9570-KYEUA","Male",47,"No","No",64,2,"5G",1,3,2,"Occasional",24,99.25,"No",0,"Male",47,"No","No",64,2,"5G",1,3,2,"Occasional",24,99.25,"No",0,7
"9571-EDEBV","Male",53,"Yes","No",71,2,"5G",0,2,3,"Occasional",12,98.65,"No",1,"Male",53,"Yes","No",71,2,"5G",0,2,3,"Occasional",12,98.65,"No",1,27
"9574-BOSMD","Male",21,"Yes","Yes",68,2,"5G",0,1,0,"Occasional",24,25.4,"No",1,"Male",21,"Yes","Yes",68,2,"5G",0,1,0,"Occasional",24,25.4,"No",1,29
"9574-RKJIF","Male",46,"Yes","Yes",30,2,"Fiber optic",3,2,1,"Frequent",1,94.4,"Yes",0,"Male",46,"Yes","Yes",30,2,"Fiber optic",3,2,1,"Frequent",1,94.4,"Yes",0,NA
"9575-IWCAZ","Male",45,"No","No",6,2,"5G",0,1,0,"Occasional",12,25.1,"No",0,"Male",45,"No","No",6,2,"5G",0,1,0,"Occasional",12,25.1,"No",0,22
"9576-ANLXO","Female",36,"No","No",3,1,"5G",0,2,0,"Occasional",1,69.55,"Yes",1,"Female",36,"No","No",3,1,"5G",0,2,0,"Frequent",1,69.55,"Yes",1,NA
"9576-SYUHJ","Male",51,"No","No",37,2,"Fiber optic",1,2,1,"Occasional",1,91.15,"No",0,"Male",51,"No","No",37,2,"Fiber optic",1,2,1,"Occasional",1,91.15,"No",0,15
"9577-WJVCQ","Female",23,"No","No",68,2,"DSL",1,2,0,"Occasional",1,54.45,"No",1,"Female",23,"No","No",68,2,"DSL",1,2,0,"Occasional",1,54.45,"No",1,50
"9578-FOMUK","Male",44,"No","No",15,2,"5G",0,1,0,"Occasional",1,24.8,"No",0,"Male",44,"No","No",15,2,"5G",0,1,0,"Occasional",1,24.8,"No",0,5
"9584-EXCDZ","Female",63,"No","No",17,1,"Fiber optic",0,2,0,"Occasional",1,70.5,"No",0,"Female",63,"No","No",17,1,"Fiber optic",0,2,0,"Occasional",1,70.5,"No",0,31
"9585-KKMFD","Male",37,"No","No",41,1,"No",0,1,0,"Occasional",24,20,"No",0,"Male",37,"No","No",41,1,"No",0,1,0,"Occasional",24,20,"No",0,9
"9586-JGQKH","Female",33,"Yes","No",64,2,"Fiber optic",2,3,3,"Occasional",24,105.4,"No",0,"Female",33,"Yes","No",64,2,"Fiber optic",2,3,3,"Occasional",24,105.4,"No",0,24
"9588-OZDMQ","Female",28,"Yes","No",2,1,"No",0,2,0,"Occasional",1,45,"No",0,"Female",28,"Yes","No",2,1,"No",0,2,0,"Occasional",1,45,"No",0,9
"9591-YVTEB","Male",90,"No","No",55,0,"DSL",3,2,1,"Occasional",1,44.85,"No",0,"Male",90,"No","No",55,0,"DSL",3,2,1,"Occasional",1,44.85,"No",0,37
"9592-ERDKV","Male",52,"Yes","No",37,2,"DSL",1,2,3,"Occasional",12,79.25,"No",0,"Male",52,"Yes","No",37,2,"DSL",1,2,3,"Occasional",12,79.25,"No",0,2
"9600-UDOPK","Male",38,"Yes","No",30,2,"No",0,2,3,"Frequent",1,94.05,"Yes",0,"Male",38,"Yes","No",30,2,"No",0,2,3,"Frequent",1,94.05,"Yes",0,NA
"9601-BRXPO","Female",36,"Yes","No",25,2,"5G",0,3,3,"Occasional",1,104.95,"Yes",1,"Female",36,"Yes","No",25,2,"5G",0,3,3,"Occasional",1,104.95,"Yes",1,NA
"9602-WCXPI","Male",20,"No","No",50,1,"No",0,1,0,"Occasional",12,20.15,"No",0,"Male",20,"No","No",50,1,"No",0,1,0,"Occasional",12,20.15,"No",0,5
"9605-WGJVW","Female",65,"No","No",1,1,"Fiber optic",0,2,0,"Occasional",1,70.2,"No",0,"Female",65,"No","No",1,1,"Fiber optic",0,2,0,"Occasional",1,70.2,"No",0,27
"9606-PBKBQ","Male",67,"Yes","No",32,2,"5G",0,2,2,"Frequent",1,85,"Yes",0,"Male",67,"Yes","No",32,2,"5G",0,2,2,"Frequent",1,85,"Yes",0,NA
"9609-BENEA","Male",62,"Yes","No",35,2,"DSL",2,3,1,"Occasional",12,69,"No",0,"Male",62,"Yes","No",35,2,"DSL",2,3,1,"Occasional",12,69,"No",0,16
"9610-WCESF","Male",46,"No","No",67,0,"DSL",1,3,1,"Occasional",24,43.9,"No",0,"Male",46,"No","No",67,0,"DSL",1,3,1,"Occasional",24,43.9,"No",0,19
"9611-CTWIH","Female",54,"No","No",3,1,"Fiber optic",0,2,3,"Frequent",1,89.45,"Yes",0,"Female",54,"No","No",3,1,"Fiber optic",0,2,3,"Frequent",1,89.45,"Yes",0,NA
"9614-RMGHA","Male",48,"No","No",65,2,"5G",2,2,1,"Frequent",1,91.85,"Yes",0,"Male",48,"No","No",65,2,"5G",2,2,1,"Frequent",1,91.85,"Yes",0,NA
"9617-INGJY","Male",55,"No","No",1,1,"No",0,2,0,"Occasional",1,70.6,"No",0,"Male",55,"No","No",1,1,"No",0,2,0,"Occasional",1,70.6,"No",0,9
"9618-LFJRU","Female",60,"No","No",4,1,"DSL",0,1,0,"Occasional",1,20.45,"No",0,"Female",60,"No","No",4,1,"DSL",0,1,0,"Occasional",1,20.45,"No",0,18
"9620-ENEJV","Female",62,"No","No",6,1,"No",0,2,0,"Occasional",1,70.55,"No",0,"Female",62,"No","No",6,1,"No",0,2,0,"Occasional",1,70.55,"No",0,5
"9620-QJREV","Male",19,"No","Yes",47,1,"5G",0,1,0,"Occasional",12,20.55,"No",1,"Male",19,"No","Yes",47,1,"5G",0,1,0,"Occasional",12,20.55,"No",1,12
"9621-OUPYD","Female",20,"Yes","No",25,1,"5G",0,1,0,"Occasional",12,20.2,"No",0,"Female",20,"Yes","No",25,1,"5G",0,1,0,"Occasional",12,20.2,"No",0,27
"9624-EGDEQ","Female",20,"No","No",37,1,"No",0,1,0,"Occasional",24,19.8,"No",0,"Female",20,"No","No",37,1,"No",0,1,0,"Occasional",24,19.8,"No",0,38
"9625-QSTYE","Female",44,"No","No",13,1,"5G",2,2,0,"Occasional",1,81.15,"Yes",1,"Female",44,"No","No",13,1,"5G",2,2,0,"Frequent",1,81.15,"Yes",1,NA
"9625-RZFUK","Male",42,"No","No",63,1,"No",0,1,0,"Occasional",24,19.7,"No",0,"Male",42,"No","No",63,1,"No",0,1,0,"Occasional",24,19.7,"No",0,20
"9626-WEQRM","Female",21,"No","No",4,0,"DSL",1,2,0,"Occasional",1,29.15,"No",0,"Female",21,"No","No",4,0,"DSL",1,2,0,"Occasional",1,29.15,"No",0,39
"9631-RXVJM","Male",41,"No","No",35,1,"No",0,1,0,"Occasional",24,19.25,"No",0,"Male",41,"No","No",35,1,"No",0,1,0,"Occasional",24,19.25,"No",0,28
"9633-XQABV","Female",49,"No","No",3,1,"Fiber optic",0,2,0,"Occasional",1,70.25,"No",0,"Female",49,"No","No",3,1,"Fiber optic",0,2,0,"Occasional",1,70.25,"No",0,41
"9637-EIHEQ","Female",31,"No","No",1,1,"DSL",0,3,0,"Occasional",1,50.8,"Yes",0,"Female",31,"No","No",1,1,"DSL",0,3,0,"Occasional",1,50.8,"Yes",0,NA
"9639-BUJXT","Male",36,"No","No",63,1,"5G",0,1,0,"Occasional",12,20.5,"No",1,"Male",36,"No","No",63,1,"5G",0,1,0,"Occasional",12,20.5,"No",1,20
"9643-YBLUR","Male",60,"Yes","No",9,2,"DSL",2,2,2,"Occasional",1,69.05,"No",0,"Male",60,"Yes","No",9,2,"DSL",2,2,2,"Occasional",1,69.05,"No",0,38
"9646-NMHXE","Male",21,"Yes","No",47,1,"5G",0,1,0,"Occasional",24,19.65,"No",0,"Male",21,"Yes","No",47,1,"5G",0,1,0,"Occasional",24,19.65,"No",0,10
"9650-VBUOG","Male",22,"Yes","Yes",38,2,"5G",0,1,0,"Occasional",24,25.05,"No",1,"Male",22,"Yes","Yes",38,2,"5G",0,1,0,"Occasional",24,25.05,"No",1,18
"9651-GTSAQ","Female",37,"Yes","No",53,1,"5G",3,2,3,"Frequent",12,106.1,"Yes",0,"Female",37,"Yes","No",53,1,"5G",3,2,3,"Frequent",12,106.1,"Yes",0,NA
"9658-WYUFB","Female",48,"No","No",17,2,"Fiber optic",3,2,1,"Frequent",1,94.4,"Yes",0,"Female",48,"No","No",17,2,"Fiber optic",3,2,1,"Frequent",1,94.4,"Yes",0,NA
"9659-QEQSY","Female",55,"No","No",45,2,"5G",3,3,3,"Occasional",1,115.65,"No",0,"Female",55,"No","No",45,2,"5G",3,3,3,"Occasional",1,115.65,"No",0,45
"9661-ACXBS","Female",52,"No","No",42,2,"Fiber optic",1,2,3,"Frequent",1,105.2,"Yes",0,"Female",52,"No","No",42,2,"Fiber optic",1,2,3,"Occasional",1,105.2,"Yes",0,NA
"9661-JALZV","Female",19,"No","No",58,2,"5G",0,1,0,"Occasional",24,24.7,"No",1,"Female",19,"No","No",58,2,"5G",0,1,0,"Occasional",24,24.7,"No",1,3
"9661-MHUMO","Male",80,"Yes","Yes",1,1,"DSL",0,3,0,"Occasional",1,49.25,"Yes",0,"Male",80,"Yes","Yes",1,1,"DSL",0,3,0,"Occasional",1,49.25,"Yes",0,NA
"9667-EQRXU","Female",73,"No","No",30,0,"DSL",0,2,1,"Frequent",1,40.3,"Yes",0,"Female",73,"No","No",30,0,"DSL",0,2,1,"Frequent",1,40.3,"Yes",0,NA
"9667-TKTVZ","Female",40,"No","No",2,2,"DSL",0,3,0,"Occasional",1,54.35,"No",0,"Female",40,"No","No",2,2,"DSL",0,3,0,"Occasional",1,54.35,"No",0,10
"9668-PUGNU","Male",62,"No","No",71,1,"No",0,1,0,"Occasional",24,24.5,"No",0,"Male",62,"No","No",71,1,"No",0,1,0,"Occasional",24,24.5,"No",0,19
"9675-ICXCT","Male",31,"Yes","Yes",72,1,"5G",1,3,3,"Occasional",24,80.8,"No",0,"Male",31,"Yes","Yes",72,1,"5G",1,3,3,"Occasional",24,80.8,"No",0,22
"9677-AVKED","Female",40,"No","Yes",53,2,"DSL",2,3,3,"Occasional",12,84.6,"No",0,"Female",40,"No","Yes",53,2,"DSL",2,3,3,"Occasional",12,84.6,"No",0,44
"9680-NIAUV","Female",43,"Yes","Yes",72,2,"5G",3,2,3,"Occasional",24,109.7,"No",1,"Female",43,"Yes","Yes",72,2,"5G",3,2,3,"Occasional",24,109.7,"No",1,43
"9681-KYGYB","Male",86,"Yes","No",49,2,"5G",3,2,0,"Occasional",1,88.2,"No",0,"Male",86,"Yes","No",49,2,"5G",3,2,0,"Occasional",1,88.2,"No",0,39
"9681-OXGVC","Female",45,"No","No",5,2,"Fiber optic",0,2,3,"Frequent",1,100.5,"Yes",0,"Female",45,"No","No",5,2,"Fiber optic",0,2,3,"Occasional",1,100.5,"Yes",0,NA
"9688-YGXVR","Female",34,"No","No",44,1,"Fiber optic",2,2,1,"Occasional",1,88.15,"No",0,"Female",34,"No","No",44,1,"Fiber optic",2,2,1,"Occasional",1,88.15,"No",0,33
"9689-PTNPG","Male",64,"No","No",2,1,"Fiber optic",0,2,1,"Frequent",1,80.25,"Yes",0,"Male",64,"No","No",2,1,"Fiber optic",0,2,1,"Frequent",1,80.25,"Yes",0,NA
"9696-RMYBA","Male",43,"No","No",5,1,"Fiber optic",0,2,1,"Occasional",1,80.1,"No",0,"Male",43,"No","No",5,1,"Fiber optic",0,2,1,"Occasional",1,80.1,"No",0,5
"9699-UBQFS","Female",77,"Yes","No",43,2,"Fiber optic",3,2,1,"Occasional",1,94.5,"No",0,"Female",77,"Yes","No",43,2,"Fiber optic",3,2,1,"Occasional",1,94.5,"No",0,37
"9700-ISPUP","Female",61,"Yes","Yes",10,1,"DSL",2,3,2,"Occasional",1,65.5,"No",0,"Female",61,"Yes","Yes",10,1,"DSL",2,3,2,"Occasional",1,65.5,"No",0,5
"9700-ZCLOT","Male",56,"No","No",2,1,"No",0,1,0,"Occasional",1,20,"No",0,"Male",56,"No","No",2,1,"No",0,1,0,"Occasional",1,20,"No",0,29
"9702-AIUJO","Male",43,"Yes","Yes",50,1,"DSL",0,2,0,"Occasional",12,44.8,"No",0,"Male",43,"Yes","Yes",50,1,"DSL",0,2,0,"Occasional",12,44.8,"No",0,39
"9705-IOVQQ","Male",69,"Yes","Yes",61,2,"5G",2,2,3,"Occasional",12,99,"No",0,"Male",69,"Yes","Yes",61,2,"5G",2,2,3,"Occasional",12,99,"No",0,1
"9708-HPXWZ","Male",71,"No","No",5,0,"DSL",0,3,1,"Occasional",1,45.4,"No",0,"Male",71,"No","No",5,0,"DSL",0,3,1,"Occasional",1,45.4,"No",0,40
"9708-KFDBY","Male",20,"No","No",1,1,"No",0,1,0,"Occasional",1,20.55,"No",0,"Male",20,"No","No",1,1,"No",0,1,0,"Occasional",1,20.55,"No",0,35
"9710-NJERN","Female",62,"No","No",39,1,"No",0,1,0,"Occasional",24,20.15,"No",0,"Female",62,"No","No",39,1,"No",0,1,0,"Occasional",24,20.15,"No",0,37
"9710-ZUSHQ","Female",69,"No","No",37,1,"No",3,2,3,"Frequent",1,106.75,"Yes",0,"Female",69,"No","No",37,1,"No",3,2,3,"Frequent",1,106.75,"Yes",0,NA
"9715-SBVSU","Male",21,"Yes","Yes",14,1,"DSL",3,2,2,"Occasional",24,61.4,"No",0,"Male",21,"Yes","Yes",14,1,"DSL",3,2,2,"Occasional",24,61.4,"No",0,31
"9715-WZCLW","Male",22,"Yes","Yes",71,2,"Fiber optic",1,2,3,"Occasional",24,97.2,"No",0,"Male",22,"Yes","Yes",71,2,"Fiber optic",1,2,3,"Occasional",24,97.2,"No",0,15
"9717-QEBGU","Male",30,"No","No",2,1,"Fiber optic",0,2,0,"Occasional",1,70.3,"No",0,"Male",30,"No","No",2,1,"Fiber optic",0,2,0,"Occasional",1,70.3,"No",0,16
"9720-JJJOR","Male",45,"Yes","Yes",41,1,"5G",3,2,0,"Occasional",12,60.3,"No",0,"Male",45,"Yes","Yes",41,1,"5G",3,2,0,"Occasional",12,60.3,"No",0,5
"9722-UJOJR","Male",28,"Yes","Yes",29,1,"No",0,2,0,"Frequent",1,70.75,"Yes",0,"Male",28,"Yes","Yes",29,1,"No",0,2,0,"Frequent",1,70.75,"Yes",0,NA
"9725-SCPZG","Male",25,"No","Yes",1,1,"Fiber optic",0,2,3,"Frequent",1,90.85,"Yes",0,"Male",25,"No","Yes",1,1,"Fiber optic",0,2,3,"Frequent",1,90.85,"Yes",0,NA
"9728-FTTVZ","Female",37,"No","No",1,1,"Fiber optic",0,2,0,"Frequent",1,69.2,"Yes",0,"Female",37,"No","No",1,1,"Fiber optic",0,2,0,"Occasional",1,69.2,"Yes",0,NA
"9730-DRTMJ","Male",39,"Yes","No",32,2,"DSL",1,3,1,"Occasional",12,72.8,"No",0,"Male",39,"Yes","No",32,2,"DSL",1,3,1,"Occasional",12,72.8,"No",0,0
"9732-EQMWY","Female",44,"Yes","No",49,1,"Fiber optic",2,2,3,"Occasional",1,99.4,"No",0,"Female",44,"Yes","No",49,1,"Fiber optic",2,2,3,"Occasional",1,99.4,"No",0,21
"9732-KPKBW","Male",55,"No","No",1,1,"DSL",1,3,0,"Occasional",1,53.95,"Yes",0,"Male",55,"No","No",1,1,"DSL",1,3,0,"Occasional",1,53.95,"Yes",0,NA
"9732-OUYRN","Female",56,"No","No",49,1,"No",0,1,0,"Occasional",12,19,"No",0,"Female",56,"No","No",49,1,"No",0,1,0,"Occasional",12,19,"No",0,34
"9734-UYXQI","Female",23,"No","No",2,2,"5G",0,2,0,"Frequent",1,49.4,"Yes",0,"Female",23,"No","No",2,2,"5G",0,2,0,"Frequent",1,49.4,"Yes",0,NA
"9734-YWGEX","Female",46,"No","No",9,2,"5G",0,2,3,"Occasional",1,98.3,"Yes",1,"Female",46,"No","No",9,2,"5G",0,2,3,"Frequent",1,98.3,"Yes",1,NA
"9739-JLPQJ","Female",43,"Yes","Yes",72,2,"Fiber optic",3,3,3,"Occasional",24,117.5,"No",0,"Female",43,"Yes","Yes",72,2,"Fiber optic",3,3,3,"Occasional",24,117.5,"No",0,7
"9741-YLNTD","Male",45,"No","No",6,2,"Fiber optic",0,3,2,"Occasional",1,87.95,"No",0,"Male",45,"No","No",6,2,"Fiber optic",0,3,2,"Occasional",1,87.95,"No",0,0
"9742-XOKTS","Male",31,"Yes","Yes",67,2,"5G",3,3,0,"Occasional",12,89.55,"No",0,"Male",31,"Yes","Yes",67,2,"5G",3,3,0,"Occasional",12,89.55,"No",0,36
"9746-MDMBK","Male",42,"Yes","Yes",47,2,"Fiber optic",3,3,3,"Occasional",12,113.45,"No",0,"Male",42,"Yes","Yes",47,2,"Fiber optic",3,3,3,"Occasional",12,113.45,"No",0,30
"9746-UGFAC","Female",49,"No","No",22,1,"No",0,1,0,"Occasional",12,20.85,"No",0,"Female",49,"No","No",22,1,"No",0,1,0,"Occasional",12,20.85,"No",0,17
"9747-DDZOS","Female",25,"No","No",1,1,"No",0,2,0,"Frequent",1,73.5,"Yes",0,"Female",25,"No","No",1,1,"No",0,2,0,"Frequent",1,73.5,"Yes",0,NA
"9750-BOOHV","Female",39,"No","No",32,0,"5G",1,2,0,"Occasional",12,30.15,"No",1,"Female",39,"No","No",32,0,"5G",1,2,0,"Occasional",12,30.15,"No",1,40
"9752-ZNQUT","Female",58,"No","No",1,1,"DSL",2,2,0,"Occasional",1,48.6,"No",0,"Female",58,"No","No",1,1,"DSL",2,2,0,"Occasional",1,48.6,"No",0,38
"9761-XUJWD","Male",53,"No","No",5,1,"DSL",2,3,2,"Occasional",1,65.6,"No",0,"Male",53,"No","No",5,1,"DSL",2,3,2,"Occasional",1,65.6,"No",0,1
"9763-GRSKD","Male",36,"Yes","Yes",13,1,"5G",1,2,0,"Occasional",1,49.95,"No",1,"Male",36,"Yes","Yes",13,1,"5G",1,2,0,"Occasional",1,49.95,"No",1,63
"9764-REAFF","Female",22,"Yes","No",59,1,"5G",0,1,0,"Occasional",24,18.4,"No",0,"Female",22,"Yes","No",59,1,"5G",0,1,0,"Occasional",24,18.4,"No",0,44
"9766-HGEDE","Female",22,"Yes","No",17,2,"No",0,1,0,"Occasional",12,19.35,"No",0,"Female",22,"Yes","No",17,2,"No",0,1,0,"Occasional",12,19.35,"No",0,14
"9767-FFLEM","Male",22,"No","No",38,1,"Fiber optic",0,2,0,"Occasional",1,69.5,"No",0,"Male",22,"No","No",38,1,"Fiber optic",0,2,0,"Occasional",1,69.5,"No",0,20
"9769-TSBZE","Female",24,"No","Yes",70,2,"DSL",3,3,0,"Occasional",24,66,"No",0,"Female",24,"No","Yes",70,2,"DSL",3,3,0,"Occasional",24,66,"No",0,38
"9770-LXDBK","Female",46,"No","No",3,1,"No",0,1,0,"Occasional",1,20.4,"No",0,"Female",46,"No","No",3,1,"No",0,1,0,"Occasional",1,20.4,"No",0,7
"9773-PEQBZ","Male",42,"No","No",10,2,"Fiber optic",2,2,0,"Occasional",1,79.85,"No",0,"Male",42,"No","No",10,2,"Fiber optic",2,2,0,"Occasional",1,79.85,"No",0,31
"9774-NRNAU","Male",86,"Yes","No",27,2,"5G",2,3,3,"Occasional",1,84.8,"No",1,"Male",86,"Yes","No",27,2,"5G",2,3,3,"Occasional",1,84.8,"No",1,18
"9776-CLUJA","Female",66,"Yes","No",51,2,"Fiber optic",1,2,0,"Frequent",1,77.5,"Yes",0,"Female",66,"Yes","No",51,2,"Fiber optic",1,2,0,"Occasional",1,77.5,"Yes",0,NA
"9777-IQHWP","Male",53,"Yes","Yes",64,2,"5G",1,2,2,"Occasional",24,93.4,"No",1,"Male",53,"Yes","Yes",64,2,"5G",1,2,2,"Occasional",24,93.4,"No",1,11
"9777-WJJPR","Male",32,"Yes","No",31,2,"5G",0,2,1,"Occasional",1,88.65,"No",0,"Male",32,"Yes","No",31,2,"5G",0,2,1,"Occasional",1,88.65,"No",0,41
"9778-OGKQZ","Male",36,"Yes","No",72,2,"5G",3,3,3,"Occasional",24,92,"No",1,"Male",36,"Yes","No",72,2,"5G",3,3,3,"Occasional",24,92,"No",1,28
"9780-FKVVF","Male",57,"No","No",6,1,"DSL",1,2,2,"Occasional",1,59.15,"No",0,"Male",57,"No","No",6,1,"DSL",1,2,2,"Occasional",1,59.15,"No",0,3
"9782-LGXMC","Female",42,"Yes","Yes",49,1,"DSL",1,3,0,"Occasional",1,61.75,"No",0,"Female",42,"Yes","Yes",49,1,"DSL",1,3,0,"Occasional",1,61.75,"No",0,6
"9786-IJYDL","Female",19,"No","No",35,1,"No",3,3,3,"Occasional",24,113.2,"No",0,"Female",19,"No","No",35,1,"No",3,3,3,"Occasional",24,113.2,"No",0,16
"9786-YWNHU","Female",40,"Yes","Yes",63,1,"DSL",3,3,0,"Occasional",24,63.55,"No",0,"Female",40,"Yes","Yes",63,1,"DSL",3,3,0,"Occasional",24,63.55,"No",0,4
"9793-WECQC","Male",34,"No","No",23,1,"5G",2,2,3,"Occasional",1,95.3,"No",0,"Male",34,"No","No",23,1,"5G",2,2,3,"Occasional",1,95.3,"No",0,27
"9795-NREXC","Female",50,"Yes","No",64,2,"DSL",1,3,3,"Occasional",24,85,"No",0,"Female",50,"Yes","No",64,2,"DSL",1,3,3,"Occasional",24,85,"No",0,2
"9795-VOWON","Male",37,"No","No",7,0,"DSL",0,2,0,"Occasional",12,24.35,"No",0,"Male",37,"No","No",7,0,"DSL",0,2,0,"Occasional",12,24.35,"No",0,16
"9796-BPKIW","Male",65,"No","No",8,1,"DSL",0,2,0,"Occasional",1,69.95,"No",0,"Male",65,"No","No",8,1,"DSL",0,2,0,"Occasional",1,69.95,"No",0,45
"9798-DRYDS","Female",45,"Yes","Yes",17,2,"5G",0,3,0,"Occasional",12,61.95,"No",0,"Female",45,"Yes","Yes",17,2,"5G",0,3,0,"Occasional",12,61.95,"No",0,15
"9798-OPFEM","Female",22,"No","No",46,1,"5G",0,1,0,"Occasional",24,21.1,"No",0,"Female",22,"No","No",46,1,"5G",0,1,0,"Occasional",24,21.1,"No",0,8
"9799-CAYJJ","Female",65,"Yes","No",2,1,"Fiber optic",0,2,0,"Occasional",1,69.3,"No",0,"Female",65,"Yes","No",2,1,"Fiber optic",0,2,0,"Occasional",1,69.3,"No",0,43
"9800-ONTFE","Female",64,"Yes","Yes",22,2,"Fiber optic",0,2,0,"Occasional",1,75.8,"No",0,"Female",64,"Yes","Yes",22,2,"Fiber optic",0,2,0,"Occasional",1,75.8,"No",0,22
"9801-NOSHQ","Male",20,"No","Yes",23,1,"No",0,1,0,"Occasional",12,19.8,"No",0,"Male",20,"No","Yes",23,1,"No",0,1,0,"Occasional",12,19.8,"No",0,17
"9802-CAQUT","Female",47,"Yes","Yes",72,1,"No",3,2,3,"Occasional",24,109.55,"No",0,"Female",47,"Yes","Yes",72,1,"No",3,2,3,"Occasional",24,109.55,"No",0,29
"9803-FTJCG","Male",28,"Yes","Yes",71,2,"5G",3,3,0,"Occasional",12,66.85,"No",1,"Male",28,"Yes","Yes",71,2,"5G",3,3,0,"Occasional",12,66.85,"No",1,60
"9805-FILKB","Male",54,"No","No",46,1,"5G",0,1,0,"Occasional",12,20.2,"No",0,"Male",54,"No","No",46,1,"5G",0,1,0,"Occasional",12,20.2,"No",0,22
"9809-IMGCQ","Male",72,"No","No",22,2,"5G",0,2,3,"Frequent",1,96.7,"Yes",0,"Male",72,"No","No",22,2,"5G",0,2,3,"Frequent",1,96.7,"Yes",0,NA
"9812-GHVRI","Female",22,"No","No",40,2,"Fiber optic",0,2,2,"Occasional",1,83.85,"No",0,"Female",22,"No","No",40,2,"Fiber optic",0,2,2,"Occasional",1,83.85,"No",0,20
"9814-AOUDH","Male",19,"No","No",53,1,"No",0,1,0,"Occasional",24,19.5,"No",0,"Male",19,"No","No",53,1,"No",0,1,0,"Occasional",24,19.5,"No",0,24
"9817-APLHW","Male",19,"No","No",12,1,"No",0,1,0,"Occasional",1,25,"No",0,"Male",19,"No","No",12,1,"No",0,1,0,"Occasional",1,25,"No",0,30
"9818-XQCUV","Female",35,"No","No",2,1,"5G",0,1,0,"Occasional",1,20.35,"No",0,"Female",35,"No","No",2,1,"5G",0,1,0,"Occasional",1,20.35,"No",0,14
"9819-FBNSV","Male",86,"Yes","No",37,1,"Fiber optic",0,2,0,"Occasional",1,72.25,"No",0,"Male",86,"Yes","No",37,1,"Fiber optic",0,2,0,"Occasional",1,72.25,"No",0,15
"9820-RMCQV","Female",56,"No","No",11,1,"DSL",1,2,0,"Frequent",1,48.55,"Yes",0,"Female",56,"No","No",11,1,"DSL",1,2,0,"Occasional",1,48.55,"Yes",0,NA
"9821-BESNZ","Male",37,"No","No",66,2,"Fiber optic",2,3,3,"Occasional",12,104.25,"No",0,"Male",37,"No","No",66,2,"Fiber optic",2,3,3,"Occasional",12,104.25,"No",0,0
"9822-WMWVG","Female",54,"No","No",41,2,"Fiber optic",3,3,1,"Occasional",1,106.5,"No",0,"Female",54,"No","No",41,2,"Fiber optic",3,3,1,"Occasional",1,106.5,"No",0,38
"9823-EALYC","Male",25,"Yes","Yes",72,2,"DSL",3,3,1,"Occasional",24,80.85,"No",0,"Male",25,"Yes","Yes",72,2,"DSL",3,3,1,"Occasional",24,80.85,"No",0,18
"9824-BEMCV","Male",21,"Yes","Yes",17,1,"5G",0,2,0,"Frequent",1,69,"Yes",0,"Male",21,"Yes","Yes",17,1,"5G",0,2,0,"Frequent",1,69,"Yes",0,NA
"9825-YCXWZ","Female",81,"No","No",41,1,"No",0,3,3,"Occasional",12,101.1,"No",0,"Female",81,"No","No",41,1,"No",0,3,3,"Occasional",12,101.1,"No",0,24
"9830-ECLEN","Male",58,"Yes","Yes",58,1,"No",3,2,1,"Occasional",12,50,"No",0,"Male",58,"Yes","Yes",58,1,"No",3,2,1,"Occasional",12,50,"No",0,11
"9831-BPFRI","Female",33,"Yes","Yes",39,2,"5G",2,3,0,"Occasional",12,89.55,"Yes",0,"Female",33,"Yes","Yes",39,2,"5G",2,3,0,"Occasional",12,89.55,"Yes",0,NA
"9833-TGFHX","Male",39,"Yes","Yes",42,2,"5G",1,2,3,"Occasional",12,97.1,"No",1,"Male",39,"Yes","Yes",42,2,"5G",1,2,3,"Occasional",12,97.1,"No",1,28
"9837-FWLCH","Male",48,"No","No",12,1,"No",0,1,0,"Occasional",1,19.2,"No",0,"Male",48,"No","No",12,1,"No",0,1,0,"Occasional",1,19.2,"No",0,41
"9838-BFCQT","Male",42,"No","No",72,1,"DSL",0,1,0,"Occasional",24,26.1,"No",0,"Male",42,"No","No",72,1,"DSL",0,1,0,"Occasional",24,26.1,"No",0,21
"9839-ETQOE","Male",55,"No","Yes",43,0,"DSL",3,2,0,"Occasional",1,40.45,"No",0,"Male",55,"No","Yes",43,0,"DSL",3,2,0,"Occasional",1,40.45,"No",0,10
"9840-DVNDC","Male",58,"No","No",6,1,"Fiber optic",0,2,1,"Frequent",1,80.5,"Yes",0,"Male",58,"No","No",6,1,"Fiber optic",0,2,1,"Frequent",1,80.5,"Yes",0,NA
"9840-EFJQB","Female",27,"No","No",1,1,"Fiber optic",2,2,0,"Occasional",1,74.35,"No",0,"Female",27,"No","No",1,1,"Fiber optic",2,2,0,"Occasional",1,74.35,"No",0,33
"9842-EFSYY","Female",48,"No","Yes",4,0,"DSL",3,2,3,"Occasional",1,57.2,"No",0,"Female",48,"No","Yes",4,0,"DSL",3,2,3,"Occasional",1,57.2,"No",0,42
"9845-PEEKO","Female",89,"No","No",59,2,"5G",2,2,0,"Occasional",24,79.2,"No",0,"Female",89,"No","No",59,2,"5G",2,2,0,"Occasional",24,79.2,"No",0,33
"9845-QOMAD","Male",19,"Yes","Yes",14,1,"No",0,1,0,"Occasional",12,19.75,"No",0,"Male",19,"Yes","Yes",14,1,"No",0,1,0,"Occasional",12,19.75,"No",0,7
"9847-HNVGP","Male",19,"No","No",17,1,"No",0,1,0,"Occasional",12,19.95,"No",0,"Male",19,"No","No",17,1,"No",0,1,0,"Occasional",12,19.95,"No",0,17
"9848-JQJTX","Male",23,"No","No",72,2,"5G",2,2,3,"Occasional",24,100.9,"No",1,"Male",23,"No","No",72,2,"5G",2,2,3,"Occasional",24,100.9,"No",1,68
"9850-OWRHQ","Female",42,"Yes","No",3,2,"Fiber optic",0,2,0,"Frequent",1,74.1,"Yes",0,"Female",42,"Yes","No",3,2,"Fiber optic",0,2,0,"Occasional",1,74.1,"Yes",0,NA
"9851-KIELU","Male",42,"No","No",10,1,"5G",3,3,3,"Occasional",1,110.1,"Yes",1,"Male",42,"No","No",10,1,"5G",3,3,3,"Occasional",1,110.1,"Yes",1,NA
"9851-QXEEQ","Male",61,"No","No",41,2,"5G",2,2,3,"Frequent",1,104.7,"Yes",0,"Male",61,"No","No",41,2,"5G",2,2,3,"Frequent",1,104.7,"Yes",0,NA
"9853-JFZDU","Female",53,"Yes","No",35,1,"DSL",2,3,0,"Occasional",1,56.85,"No",0,"Female",53,"Yes","No",35,1,"DSL",2,3,0,"Occasional",1,56.85,"No",0,19
"9861-PDSZP","Female",20,"No","No",72,2,"Fiber optic",2,3,3,"Occasional",24,108.05,"No",0,"Female",20,"No","No",72,2,"Fiber optic",2,3,3,"Occasional",24,108.05,"No",0,12
"9862-KJTYK","Male",22,"No","Yes",19,0,"DSL",0,2,0,"Occasional",1,25.35,"No",0,"Male",22,"No","Yes",19,0,"DSL",0,2,0,"Occasional",1,25.35,"No",0,40
"9863-JZAIC","Male",65,"No","No",35,1,"DSL",0,2,1,"Frequent",1,55,"Yes",0,"Male",65,"No","No",35,1,"DSL",0,2,1,"Occasional",1,55,"Yes",0,NA
"9866-OCCKE","Female",80,"Yes","No",72,2,"Fiber optic",1,3,3,"Occasional",24,109.75,"No",0,"Female",80,"Yes","No",72,2,"Fiber optic",1,3,3,"Occasional",24,109.75,"No",0,11
"9867-JCZSP","Female",22,"Yes","Yes",17,1,"DSL",0,1,0,"Occasional",12,20.75,"No",1,"Female",22,"Yes","Yes",17,1,"DSL",0,1,0,"Occasional",12,20.75,"No",1,53
"9867-XOBQA","Female",62,"No","Yes",21,0,"DSL",3,3,1,"Occasional",24,53.15,"No",0,"Female",62,"No","Yes",21,0,"DSL",3,3,1,"Occasional",24,53.15,"No",0,29
"9871-ELEYA","Female",41,"No","Yes",34,1,"5G",1,3,1,"Occasional",24,67.65,"No",1,"Female",41,"No","Yes",34,1,"5G",1,3,1,"Occasional",24,67.65,"No",1,8
"9873-MNDKV","Female",32,"No","No",11,1,"DSL",0,2,0,"Occasional",1,44.65,"No",0,"Female",32,"No","No",11,1,"DSL",0,2,0,"Occasional",1,44.65,"No",0,33
"9874-QLCLH","Female",29,"Yes","Yes",17,2,"Fiber optic",1,2,3,"Frequent",1,104.2,"Yes",0,"Female",29,"Yes","Yes",17,2,"Fiber optic",1,2,3,"Frequent",1,104.2,"Yes",0,NA
"9878-TNQGW","Male",35,"No","No",2,1,"5G",0,2,2,"Occasional",1,80.95,"Yes",0,"Male",35,"No","No",2,1,"5G",0,2,2,"Frequent",1,80.95,"Yes",0,NA
"9880-TDQAC","Female",47,"Yes","Yes",72,0,"5G",2,3,3,"Occasional",24,60,"No",1,"Female",47,"Yes","Yes",72,0,"5G",2,3,3,"Occasional",24,60,"No",1,43
"9881-VCZEP","Female",40,"Yes","No",25,2,"DSL",2,2,0,"Occasional",1,54.1,"No",0,"Female",40,"Yes","No",25,2,"DSL",2,2,0,"Occasional",1,54.1,"No",0,35
"9885-AIBVB","Male",43,"Yes","No",29,2,"5G",2,2,0,"Occasional",1,85.8,"No",0,"Male",43,"Yes","No",29,2,"5G",2,2,0,"Occasional",1,85.8,"No",0,10
"9885-MFVSU","Female",29,"Yes","Yes",35,0,"5G",1,3,1,"Occasional",24,46.35,"No",0,"Female",29,"Yes","Yes",35,0,"5G",1,3,1,"Occasional",24,46.35,"No",0,9
"9888-ZCUMM","Male",26,"Yes","Yes",64,0,"DSL",1,3,3,"Occasional",24,60.05,"No",0,"Male",26,"Yes","Yes",64,0,"DSL",1,3,3,"Occasional",24,60.05,"No",0,27
"9889-TMAHG","Male",72,"No","No",8,1,"5G",1,3,3,"Occasional",1,100.3,"Yes",1,"Male",72,"No","No",8,1,"5G",1,3,3,"Occasional",1,100.3,"Yes",1,NA
"9891-NQDBD","Female",45,"No","No",28,2,"5G",0,1,0,"Occasional",12,25.55,"No",0,"Female",45,"No","No",28,2,"5G",0,1,0,"Occasional",12,25.55,"No",0,26
"9894-EZEWG","Female",51,"No","No",1,1,"Fiber optic",2,2,0,"Frequent",1,74.3,"Yes",0,"Female",51,"No","No",1,1,"Fiber optic",2,2,0,"Occasional",1,74.3,"Yes",0,NA
"9895-VFOXH","Female",57,"No","No",1,0,"DSL",0,2,0,"Occasional",1,24.4,"No",0,"Female",57,"No","No",1,0,"DSL",0,2,0,"Occasional",1,24.4,"No",0,12
"9897-KXHCM","Female",52,"Yes","Yes",3,1,"5G",0,2,2,"Frequent",1,80.3,"Yes",0,"Female",52,"Yes","Yes",3,1,"5G",0,2,2,"Frequent",1,80.3,"Yes",0,NA
"9903-LYSAB","Male",49,"Yes","No",18,2,"5G",0,2,0,"Occasional",1,73.15,"No",1,"Male",49,"Yes","No",18,2,"5G",0,2,0,"Occasional",1,73.15,"No",1,49
"9904-EHEVJ","Female",66,"Yes","Yes",32,2,"5G",0,2,1,"Occasional",1,91.35,"No",1,"Female",66,"Yes","Yes",32,2,"5G",0,2,1,"Occasional",1,91.35,"No",1,3
"9906-NHHVC","Female",71,"No","No",65,0,"5G",2,2,3,"Occasional",24,53.5,"No",0,"Female",71,"No","No",65,0,"5G",2,2,3,"Occasional",24,53.5,"No",0,43
"9909-DFRJA","Female",53,"No","No",26,1,"DSL",1,3,2,"Occasional",12,95.85,"No",0,"Female",53,"No","No",26,1,"DSL",1,3,2,"Occasional",12,95.85,"No",0,16
"9919-YLNNG","Female",28,"No","No",42,1,"5G",2,3,3,"Occasional",1,103.8,"No",1,"Female",28,"No","No",42,1,"5G",2,3,3,"Occasional",1,103.8,"No",1,64
"9921-EZKBY","Male",23,"No","Yes",33,2,"Fiber optic",1,2,2,"Occasional",1,95.3,"No",0,"Male",23,"No","Yes",33,2,"Fiber optic",1,2,2,"Occasional",1,95.3,"No",0,44
"9921-QFQUL","Female",33,"Yes","No",23,2,"Fiber optic",0,2,2,"Occasional",1,90.15,"No",0,"Female",33,"Yes","No",23,2,"Fiber optic",0,2,2,"Occasional",1,90.15,"No",0,26
"9924-JPRMC","Male",63,"No","No",72,2,"Fiber optic",3,3,3,"Occasional",24,118.2,"No",0,"Male",63,"No","No",72,2,"Fiber optic",3,3,3,"Occasional",24,118.2,"No",0,29
"9926-PJHDQ","Female",49,"Yes","Yes",72,2,"DSL",0,2,3,"Occasional",24,76.8,"No",1,"Female",49,"Yes","Yes",72,2,"DSL",0,2,3,"Occasional",24,76.8,"No",1,4
"9927-DSWDF","Male",46,"Yes","No",22,1,"Fiber optic",3,3,3,"Occasional",1,104.6,"No",0,"Male",46,"Yes","No",22,1,"Fiber optic",3,3,3,"Occasional",1,104.6,"No",0,10
"9931-DCEZH","Male",29,"No","Yes",28,1,"No",2,3,0,"Occasional",12,54.4,"No",0,"Male",29,"No","Yes",28,1,"No",2,3,0,"Occasional",12,54.4,"No",0,8
"9931-KGHOA","Female",31,"Yes","No",46,2,"5G",1,2,0,"Occasional",1,55,"No",1,"Female",31,"Yes","No",46,2,"5G",1,2,0,"Occasional",1,55,"No",1,26
"9932-WBWIK","Male",20,"No","No",11,1,"No",0,1,0,"Occasional",1,20.35,"No",0,"Male",20,"No","No",11,1,"No",0,1,0,"Occasional",1,20.35,"No",0,7
"9933-QRGTX","Female",48,"Yes","No",60,1,"Fiber optic",1,3,3,"Occasional",24,97.2,"No",0,"Female",48,"Yes","No",60,1,"Fiber optic",1,3,3,"Occasional",24,97.2,"No",0,27
"9938-EKRGF","Female",36,"No","No",15,1,"No",3,3,3,"Occasional",1,84.45,"No",0,"Female",36,"No","No",15,1,"No",3,3,3,"Occasional",1,84.45,"No",0,38
"9938-TKDGL","Male",27,"Yes","Yes",68,1,"Fiber optic",1,3,3,"Occasional",24,99.55,"No",0,"Male",27,"Yes","Yes",68,1,"Fiber optic",1,3,3,"Occasional",24,99.55,"No",0,28
"9938-ZREHM","Female",49,"Yes","No",37,2,"DSL",2,3,2,"Occasional",12,72.1,"No",0,"Female",49,"Yes","No",37,2,"DSL",2,3,2,"Occasional",12,72.1,"No",0,38
"9940-HPQPG","Female",56,"Yes","No",9,2,"Fiber optic",3,2,0,"Frequent",1,91.75,"Yes",0,"Female",56,"Yes","No",9,2,"Fiber optic",3,2,0,"Occasional",1,91.75,"Yes",0,NA
"9940-RHLFB","Female",42,"No","No",1,1,"Fiber optic",0,2,0,"Frequent",1,75.3,"Yes",0,"Female",42,"No","No",1,1,"Fiber optic",0,2,0,"Frequent",1,75.3,"Yes",0,NA
"9943-VSZUV","Male",81,"No","No",67,2,"Fiber optic",0,2,0,"Occasional",1,75.7,"No",0,"Male",81,"No","No",67,2,"Fiber optic",0,2,0,"Occasional",1,75.7,"No",0,10
"9944-AEXBM","Male",37,"No","No",32,2,"5G",0,2,2,"Occasional",1,85.65,"No",1,"Male",37,"No","No",32,2,"5G",0,2,2,"Occasional",1,85.65,"No",1,37
"9944-HKVVB","Female",46,"No","No",3,1,"5G",2,2,3,"Occasional",1,95.1,"Yes",1,"Female",46,"No","No",3,1,"5G",2,2,3,"Frequent",1,95.1,"Yes",1,NA
"9947-OTFQU","Male",71,"No","No",15,1,"5G",2,2,0,"Frequent",1,74.4,"Yes",1,"Male",71,"No","No",15,1,"5G",2,2,0,"Frequent",1,74.4,"Yes",1,NA
"9950-MTGYX","Male",19,"Yes","Yes",28,1,"No",0,1,0,"Occasional",24,20.3,"No",0,"Male",19,"Yes","Yes",28,1,"No",0,1,0,"Occasional",24,20.3,"No",0,42
"9953-ZMKSM","Male",19,"No","No",63,1,"No",0,1,0,"Occasional",24,25.25,"No",0,"Male",19,"No","No",63,1,"No",0,1,0,"Occasional",24,25.25,"No",0,9
"9955-QOPOY","Male",36,"Yes","No",69,0,"DSL",2,3,3,"Occasional",12,60.8,"No",0,"Male",36,"Yes","No",69,0,"DSL",2,3,3,"Occasional",12,60.8,"No",0,30
"9957-YODKZ","Male",89,"Yes","No",6,2,"5G",0,2,0,"Occasional",1,80.8,"No",0,"Male",89,"Yes","No",6,2,"5G",0,2,0,"Occasional",1,80.8,"No",0,1
"9958-MEKUC","Male",43,"No","No",72,2,"Fiber optic",3,3,2,"Occasional",24,103.95,"No",0,"Male",43,"No","No",72,2,"Fiber optic",3,3,2,"Occasional",24,103.95,"No",0,11
"9959-WOFKT","Male",29,"No","Yes",71,2,"5G",1,2,3,"Occasional",24,106.7,"No",1,"Male",29,"No","Yes",71,2,"5G",1,2,3,"Occasional",24,106.7,"No",1,50
"9961-JBNMK","Male",66,"No","No",21,1,"DSL",0,2,3,"Frequent",1,96.8,"Yes",0,"Male",66,"No","No",21,1,"DSL",0,2,3,"Frequent",1,96.8,"Yes",0,NA
"9962-BFPDU","Female",21,"Yes","Yes",1,1,"No",0,1,0,"Occasional",1,20.05,"No",0,"Female",21,"Yes","Yes",1,1,"No",0,1,0,"Occasional",1,20.05,"No",0,11
"9964-WBQDJ","Female",22,"Yes","No",71,2,"5G",0,1,0,"Occasional",24,24.4,"No",0,"Female",22,"Yes","No",71,2,"5G",0,1,0,"Occasional",24,24.4,"No",0,40
"9965-YOKZB","Male",71,"No","No",9,2,"Fiber optic",0,2,2,"Frequent",1,83.85,"Yes",0,"Male",71,"No","No",9,2,"Fiber optic",0,2,2,"Frequent",1,83.85,"Yes",0,NA
"9967-ATRFS","Female",21,"No","No",19,1,"5G",0,1,0,"Frequent",1,19.9,"No",1,"Female",21,"No","No",19,1,"5G",0,1,0,"Occasional",1,19.9,"No",1,28
"9968-FFVVH","Male",30,"No","No",63,2,"5G",3,3,0,"Occasional",12,68.8,"No",0,"Male",30,"No","No",63,2,"5G",3,3,0,"Occasional",12,68.8,"No",0,6
"9971-ZWPBF","Male",83,"Yes","Yes",34,2,"Fiber optic",2,3,3,"Occasional",1,108.9,"No",0,"Male",83,"Yes","Yes",34,2,"Fiber optic",2,3,3,"Occasional",1,108.9,"No",0,5
"9972-VAFJJ","Female",78,"Yes","No",53,1,"Fiber optic",2,3,1,"Occasional",12,94,"No",0,"Female",78,"Yes","No",53,1,"Fiber optic",2,3,1,"Occasional",12,94,"No",0,6
"9975-GPKZU","Male",41,"No","No",46,1,"No",0,1,0,"Occasional",24,19.75,"No",0,"Male",41,"No","No",46,1,"No",0,1,0,"Occasional",24,19.75,"No",0,36
"9978-HYCIN","Male",78,"Yes","Yes",47,1,"5G",2,2,1,"Occasional",12,84.95,"No",1,"Male",78,"Yes","Yes",47,1,"5G",2,2,1,"Occasional",12,84.95,"No",1,18
"9985-MWVIX","Female",51,"No","No",1,1,"Fiber optic",0,2,0,"Frequent",1,70.15,"Yes",0,"Female",51,"No","No",1,1,"Fiber optic",0,2,0,"Frequent",1,70.15,"Yes",0,NA
"9986-BONCE","Female",56,"No","No",4,1,"No",0,1,0,"Occasional",1,20.95,"Yes",0,"Female",56,"No","No",4,1,"No",0,1,0,"Occasional",1,20.95,"Yes",0,NA
"9987-LUTYD","Female",44,"No","No",13,1,"DSL",1,3,0,"Occasional",12,55.15,"No",0,"Female",44,"No","No",13,1,"DSL",1,3,0,"Occasional",12,55.15,"No",0,5
